3 0.45434374999999994 0.828 0.084671875 0.082875
3 0.5543125 0.8409166666666666 0.023859375 0.04645833333333334
3 0.59028125 0.8314374999999999 0.040265625 0.034520833333333334
3 0.62271875 0.830125 0.0168125 0.028
3 0.77909375 0.8253125 0.014296875 0.016479166666666666
3 0.532453125 0.8394999999999999 0.03215625 0.05360416666666667
3 0.6462343749999999 0.8187708333333333 0.029562500000000002 0.044083333333333335
3 0.622625 0.8223541666666667 0.02340625 0.031375
3 0.3895 0.8465208333333333 0.022234375 0.023708333333333335
3 0.7307812499999999 0.8197291666666667 0.00990625 0.0090625
10 0.7325625 0.7905208333333333 0.005 0.006666666666666667
10 0.7188749999999999 0.8101458333333333 0.004109375 0.0038125000000000004
10 0.738 0.7910833333333334 0.00184375 0.0044375
