4 0.8110294117647059 0.9555555555555556 0.04044117647058824 0.044444444444444446
3 0.5801470588235295 0.6130718954248366 0.05588235294117647 0.12287581699346405
4 0.6779411764705883 0.5856209150326798 0.03235294117647059 0.0392156862745098
2 0.6610294117647059 0.4562091503267974 0.027205882352941177 0.03137254901960784
4 0.65 0.396078431372549 0.01911764705882353 0.03790849673202614
3 0.5632352941176471 0.39738562091503266 0.03676470588235294 0.07712418300653595
3 0.5316176470588235 0.3176470588235294 0.027941176470588237 0.050980392156862744
3 0.5338235294117647 0.25882352941176473 0.026470588235294117 0.05359477124183006
1 0.5227941176470589 0.22091503267973855 0.007352941176470588 0.03790849673202614
1 0.5772058823529411 0.19738562091503267 0.007352941176470588 0.03529411764705882
3 0.5573529411764706 0.1503267973856209 0.023529411764705882 0.036601307189542485
3 0.524264705882353 0.13856209150326798 0.01838235294117647 0.03137254901960784
3 0.5426470588235294 0.11241830065359477 0.01838235294117647 0.030065359477124184
1 0.5507352941176471 0.09019607843137255 0.003676470588235294 0.026143790849673203
1 0.5426470588235294 0.09542483660130718 0.003676470588235294 0.027450980392156862
4 0.5617647058823529 0.10980392156862745 0.014705882352941176 0.01568627450980392
4 0.5411764705882353 0.07581699346405228 0.01764705882352941 0.01699346405228758
3 0.5051470588235294 0.06013071895424837 0.013970588235294118 0.027450980392156862
3 0.5051470588235294 0.048366013071895426 0.013970588235294118 0.022222222222222223
3 0.5007352941176471 0.036601307189542485 0.014705882352941176 0.02483660130718954
1 0.5176470588235295 0.030065359477124184 0.003676470588235294 0.01568627450980392
2 0.5088235294117647 0.02483660130718954 0.019852941176470587 0.022222222222222223
3 0.5 0.00784313725490196 0.010294117647058823 0.018300653594771243
4 0.5139705882352941 0.00392156862745098 0.009558823529411765 0.011764705882352941
3 0.4698529411764706 0.01699346405228758 0.011029411764705883 0.0196078431372549
3 0.44485294117647056 0.00392156862745098 0.011764705882352941 0.022222222222222223
1 0.1448529411764706 0.7790849673202614 0.01911764705882353 0.07320261437908497
3 0.05514705882352941 0.6392156862745098 0.11764705882352941 0.09934640522875816
3 0.006617647058823529 0.5176470588235295 0.09191176470588236 0.07450980392156863
3 0.4073529411764706 0.00261437908496732 0.021323529411764706 0.026143790849673203
3 0.4073529411764706 0.01568627450980392 0.02426470588235294 0.023529411764705882
8 0.3779411764705882 0.01699346405228758 0.041176470588235294 0.03137254901960784
3 0.39705882352941174 0.03529411764705882 0.030147058823529412 0.02091503267973856
3 0.4117647058823529 0.043137254901960784 0.026470588235294117 0.02483660130718954
3 0.39705882352941174 0.05359477124183006 0.027205882352941177 0.022222222222222223
3 0.39191176470588235 0.06013071895424837 0.03455882352941177 0.02483660130718954
3 0.36617647058823527 0.058823529411764705 0.020588235294117647 0.036601307189542485
3 0.38382352941176473 0.09542483660130718 0.039705882352941174 0.026143790849673203
1 0.42205882352941176 0.10588235294117647 0.004411764705882353 0.027450980392156862
3 0.37279411764705883 0.10588235294117647 0.04191176470588235 0.040522875816993466
4 0.3426470588235294 0.134640522875817 0.016176470588235296 0.01699346405228758
3 0.36911764705882355 0.16209150326797386 0.03676470588235294 0.04183006535947712
3 0.3426470588235294 0.24052287581699347 0.058823529411764705 0.047058823529411764
3 0.27426470588235297 0.2627450980392157 0.05661764705882353 0.048366013071895426
3 0.2933823529411765 0.19738562091503267 0.051470588235294115 0.040522875816993466
3 0.2838235294117647 0.22091503267973855 0.05367647058823529 0.036601307189542485
3 0.30220588235294116 0.41568627450980394 0.0375 0.06797385620915032
3 0.26029411764705884 0.3908496732026144 0.03897058823529412 0.06405228758169934
4 0.2647058823529412 0.32679738562091504 0.013970588235294118 0.03529411764705882
3 0.21544117647058825 0.4013071895424837 0.04044117647058824 0.06928104575163399
1 0.2698529411764706 0.49019607843137253 0.013970588235294118 0.05228758169934641
2 0.4985294117647059 0.28888888888888886 0.007352941176470588 0.03529411764705882
1 0.49926470588235294 0.2784313725490196 0.007352941176470588 0.036601307189542485
4 0.4279411764705882 0.20915032679738563 0.006617647058823529 0.032679738562091505
1 0.42720588235294116 0.20392156862745098 0.007352941176470588 0.03137254901960784
4 0.43161764705882355 0.3176470588235294 0.008823529411764706 0.032679738562091505
1 0.4323529411764706 0.30718954248366015 0.008823529411764706 0.03137254901960784
3 0.12352941176470589 0.39738562091503266 0.0661764705882353 0.06666666666666667
4 0.3264705882352941 0.7202614379084967 0.020588235294117647 0.06274509803921569
1 0.3286764705882353 0.7084967320261438 0.014705882352941176 0.05228758169934641
