20 0.39741176470588235 0.645359375 0.17541176470588235 0.16253125
20 0.15294117647058825 0.73975 0.4009176470588235 0.26025
20 0.45011764705882357 0.660140625 0.3383058823529412 0.27428125
20 0.20898823529411764 0.60471875 0.27858823529411764 0.1589375
1 0.627835294117647 0.339109375 0.33889411764705885 0.38971875
1 0.5884235294117648 0.3713125 0.16209411764705883 0.19834374999999999
1 0.3538117647058824 0.394140625 0.1464235294117647 0.21389062499999997
1 0.22263529411764707 0.45506250000000004 0.15828235294117646 0.21018750000000003
1 0.000988235294117647 0.46656250000000005 0.23788235294117646 0.296328125
1 0.11752941176470588 0.477953125 0.17298823529411764 0.26265625
1 0.4723529411764706 0.399390625 0.1147529411764706 0.16398437500000002
1 0.44642352941176466 0.0 0.5535764705882353 0.6873437499999999
1 0.7171764705882353 0.29578125 0.18696470588235292 0.132328125
20 0.5685411764705882 0.5547187499999999 0.26428235294117647 0.205125
20 0.0 0.7549375 0.34559999999999996 0.2435625
20 0.46887058823529415 0.8214375 0.34790588235294123 0.17675000000000002
1 0.08625882352941176 0.486515625 0.04755294117647059 0.044484375
1 0.23578823529411763 0.447171875 0.03322352941176471 0.038125
31 0.1763058823529412 0.614265625 0.11112941176470588 0.053109375
31 0.07917647058823529 0.6731874999999999 0.11985882352941175 0.10318750000000002
1 0.17308235294117646 0.415203125 0.03592941176470588 0.096984375
20 0.6371058823529412 0.5561875 0.22199999999999998 0.15126562500000001
20 0.45494117647058824 0.554546875 0.34056470588235294 0.21804687500000003
77 0.5412 0.24353125000000003 0.059364705882352944 0.04740625
1 0.5418588235294117 0.395765625 0.11651764705882353 0.167390625
1 0.0 0.1390625 0.9105882352941177 0.784375
