2 0.7317708333333334 0.8342592592592593 0.050520833333333334 0.1648148148148148
3 0.3645833333333333 0.8814814814814815 0.16510416666666666 0.11851851851851852
3 0.3385416666666667 0.7212962962962963 0.10677083333333333 0.15833333333333333
3 0.07239583333333334 0.587037037037037 0.0796875 0.09814814814814815
3 0.21197916666666666 0.5666666666666667 0.04635416666666667 0.05925925925925926
3 0.2635416666666667 0.5194444444444445 0.022916666666666665 0.028703703703703703
3 0.165625 0.5203703703703704 0.0328125 0.05185185185185185
3 0.33541666666666664 0.6425925925925926 0.0703125 0.09444444444444444
3 0.33489583333333334 0.5962962962962963 0.05677083333333333 0.09166666666666666
3 0.33229166666666665 0.5787037037037037 0.04114583333333333 0.06851851851851852
3 0.32916666666666666 0.5638888888888889 0.0359375 0.05185185185185185
3 0.33125 0.5481481481481482 0.03125 0.05462962962962963
3 0.32864583333333336 0.537962962962963 0.027083333333333334 0.05
3 0.3296875 0.525 0.025520833333333333 0.025925925925925925
3 0.2942708333333333 0.4935185185185185 0.011979166666666667 0.014814814814814815
3 0.22916666666666666 0.5018518518518519 0.018229166666666668 0.027777777777777776
3 0.25104166666666666 0.5064814814814815 0.015104166666666667 0.021296296296296296
3 0.26145833333333335 0.5 0.016145833333333335 0.013888888888888888
3 0.27291666666666664 0.49166666666666664 0.011979166666666667 0.011111111111111112
1 0.4635416666666667 0.6851851851851852 0.026041666666666668 0.15
1 0.42864583333333334 0.7064814814814815 0.023958333333333335 0.1259259259259259
1 0.29375 0.5898148148148148 0.015104166666666667 0.058333333333333334
1 0.30625 0.55 0.010416666666666666 0.032407407407407406
4 0.30572916666666666 0.562962962962963 0.011979166666666667 0.03611111111111111
4 0.29375 0.6111111111111112 0.018229166666666668 0.05555555555555555
1 0.3963541666666667 0.5361111111111111 0.009375 0.046296296296296294
