63 0.0006557377049180329 0.38925 0.31149882903981263 0.39465625000000004
62 0.5564168618266979 0.317765625 0.18021077283372366 0.209171875
84 0.8001405152224825 0.294828125 0.010163934426229508 0.036328125
84 0.8046135831381733 0.22776562500000003 0.011896955503512881 0.033890625
84 0.6584074941451991 0.226828125 0.009999999999999998 0.036875000000000005
84 0.7714519906323185 0.297984375 0.006440281030444965 0.032765625
84 0.6536533957845434 0.2765 0.09018735362997658 0.0525625
84 0.77711943793911 0.291484375 0.010023419203747073 0.039515625
31 0.260655737704918 0.673390625 0.2858782201405152 0.105640625
84 0.7952459016393443 0.17671874999999998 0.021053864168618267 0.038140625
84 0.7025292740046839 0.1925625 0.013067915690866511 0.021687500000000002
84 0.7548009367681499 0.43253125 0.06648711943793911 0.052000000000000005
84 0.7572365339578454 0.299015625 0.009274004683840749 0.031171874999999998
86 0.68807962529274 0.150921875 0.03348946135831382 0.020374999999999997
86 0.7642622950819672 0.12298437499999999 0.04466042154566745 0.047125
84 0.7559016393442622 0.378109375 0.015292740046838407 0.047875
84 0.7733957845433256 0.37892187499999996 0.01990632318501171 0.051140624999999995
73 0.3181264637002342 0.46114062499999997 0.0946135831381733 0.021609375
84 0.7933957845433255 0.37965625 0.03215456674473068 0.051578124999999996
