47 0.12898692810457515 0.05516339869281046 0.23834967320261438 0.4754084967320261
50 0.8413398692810458 0.1190032679738562 0.06294117647058824 0.05797385620915032
51 0.17897058823529413 0.4140849673202614 0.6487745098039216 0.4876960784313726
56 0.2539052287581699 0.5250816993464053 0.14570261437908497 0.09570261437908496
56 0.5188235294117647 0.6369934640522875 0.10294117647058823 0.08661764705882352
56 0.28058823529411764 0.6495261437908496 0.053284313725490196 0.057205882352941176
47 0.0 0.13506535947712417 0.19220588235294117 0.3064869281045752
47 0.7580228758169935 0.38756535947712417 0.18173202614379086 0.18929738562091503
67 0.26302287581699346 0.01042483660130719 0.7239542483660131 0.4453104575163398
67 0.0109640522875817 0.017565359477124183 0.9780718954248366 0.9651633986928104
50 0.9210947712418301 0.3689705882352941 0.06555555555555555 0.1361111111111111
