8 0.3260416666666667 0.4666666666666667 0.08229166666666667 0.08518518518518518
8 0.6479166666666667 0.4888888888888889 0.08020833333333334 0.06666666666666667
8 0.725 0.7314814814814815 0.075 0.1574074074074074
2 0.38125 0.8425925925925926 0.06770833333333333 0.1574074074074074
2 0.615625 0.6296296296296297 0.035416666666666666 0.07592592592592592
2 0.5708333333333333 0.5407407407407407 0.03229166666666667 0.07592592592592592
8 0.6020833333333333 0.45185185185185184 0.058333333333333334 0.046296296296296294
2 0.6625 0.5277777777777778 0.059375 0.06296296296296296
2 0.7458333333333333 0.562962962962963 0.053125 0.046296296296296294
2 0.4010416666666667 0.35555555555555557 0.023958333333333335 0.053703703703703705
2 0.5479166666666667 0.4722222222222222 0.01875 0.05740740740740741
2 0.490625 0.34444444444444444 0.014583333333333334 0.040740740740740744
2 0.44375 0.35 0.0125 0.03888888888888889
2 0.5260416666666666 0.3148148148148148 0.008333333333333333 0.03148148148148148
2 0.56875 0.42592592592592593 0.04791666666666667 0.05
4 0.528125 0.43148148148148147 0.0125 0.044444444444444446
4 0.471875 0.45185185185185184 0.00625 0.020370370370370372
4 0.45729166666666665 0.4462962962962963 0.005208333333333333 0.025925925925925925
4 0.353125 0.4148148148148148 0.021875 0.024074074074074074
4 0.315625 0.48148148148148145 0.00625 0.03888888888888889
4 0.3020833333333333 0.8888888888888888 0.041666666666666664 0.10740740740740741
4 0.809375 0.6518518518518519 0.04895833333333333 0.05185185185185185
4 0.8729166666666667 0.6481481481481481 0.05520833333333333 0.05185185185185185
4 0.7364583333333333 0.5537037037037037 0.034375 0.03888888888888889
4 0.76875 0.587037037037037 0.04375 0.05
4 0.48020833333333335 0.35555555555555557 0.003125 0.014814814814814815
4 0.46145833333333336 0.3296296296296296 0.019791666666666666 0.012962962962962963
2 0.24479166666666666 0.5555555555555556 0.04479166666666667 0.040740740740740744
1 0.5416666666666666 0.5425925925925926 0.011458333333333333 0.05185185185185185
1 0.6010416666666667 0.6203703703703703 0.013541666666666667 0.06666666666666667
1 0.5427083333333333 0.35555555555555557 0.004166666666666667 0.027777777777777776
1 0.6833333333333333 0.5555555555555556 0.011458333333333333 0.03518518518518519
4 0.6885416666666667 0.5425925925925926 0.034375 0.046296296296296294
1 0.6260416666666667 0.6185185185185185 0.00625 0.03518518518518519
1 0.47291666666666665 0.43703703703703706 0.007291666666666667 0.022222222222222223
1 0.45729166666666665 0.43148148148148147 0.005208333333333333 0.02962962962962963
1 0.46979166666666666 0.31296296296296294 0.004166666666666667 0.020370370370370372
1 0.4822916666666667 0.3111111111111111 0.004166666666666667 0.020370370370370372
1 0.5802083333333333 0.412962962962963 0.008333333333333333 0.03148148148148148
3 0.5864583333333333 0.2833333333333333 0.03854166666666667 0.025925925925925925
4 0.559375 0.337037037037037 0.01875 0.016666666666666666
4 0.5760416666666667 0.3314814814814815 0.021875 0.018518518518518517
1 0.5208333333333334 0.26481481481481484 0.005208333333333333 0.022222222222222223
1 0.49270833333333336 0.2796296296296296 0.004166666666666667 0.018518518518518517
4 0.490625 0.28888888888888886 0.00625 0.012962962962962963
1 0.5166666666666667 0.3148148148148148 0.00625 0.016666666666666666
4 0.5135416666666667 0.32407407407407407 0.010416666666666666 0.018518518518518517
