3 0.3073529411764706 0.6954248366013072 0.0838235294117647 0.0784313725490196
3 0.2595588235294118 0.8901960784313725 0.05367647058823529 0.10718954248366012
3 0.12205882352941176 0.8836601307189542 0.0713235294117647 0.11633986928104575
4 0.06397058823529411 0.7124183006535948 0.026470588235294117 0.027450980392156862
1 0.0713235294117647 0.6928104575163399 0.01764705882352941 0.04183006535947712
4 0.041176470588235294 0.665359477124183 0.030147058823529412 0.03398692810457516
1 0.045588235294117645 0.6522875816993464 0.01764705882352941 0.03790849673202614
1 0.029411764705882353 0.6078431372549019 0.011764705882352941 0.026143790849673203
1 0.011029411764705883 0.5830065359477125 0.016911764705882352 0.048366013071895426
3 0.17205882352941176 0.6339869281045751 0.08823529411764706 0.06928104575163399
2 0.2426470588235294 0.5856209150326798 0.013970588235294118 0.050980392156862744
2 0.20661764705882352 0.5398692810457516 0.010294117647058823 0.036601307189542485
2 0.21470588235294116 0.5372549019607843 0.011029411764705883 0.04183006535947712
4 0.24926470588235294 0.5411764705882353 0.0125 0.043137254901960784
3 0.27647058823529413 0.5633986928104575 0.03676470588235294 0.09411764705882353
4 0.32279411764705884 0.5699346405228758 0.02426470588235294 0.05359477124183006
3 0.3492647058823529 0.5986928104575163 0.03602941176470588 0.09281045751633987
3 0.3860294117647059 0.5699346405228758 0.033823529411764704 0.08366013071895424
2 0.34852941176470587 0.5699346405228758 0.021323529411764706 0.03137254901960784
4 0.42426470588235293 0.538562091503268 0.029411764705882353 0.032679738562091505
1 0.48308823529411765 0.5411764705882353 0.013970588235294118 0.0392156862745098
1 0.5080882352941176 0.49411764705882355 0.008088235294117648 0.03137254901960784
3 0.524264705882353 0.6222222222222222 0.08970588235294118 0.08235294117647059
2 0.5411764705882353 0.5816993464052288 0.041176470588235294 0.040522875816993466
4 0.5610294117647059 0.5529411764705883 0.025735294117647058 0.03529411764705882
2 0.6125 0.5542483660130719 0.030147058823529412 0.026143790849673203
4 0.6102941176470589 0.5464052287581699 0.025 0.02875816993464052
4 0.663235294117647 0.5607843137254902 0.009558823529411765 0.043137254901960784
4 0.6926470588235294 0.5633986928104575 0.0125 0.048366013071895426
2 0.6852941176470588 0.5529411764705883 0.027205882352941177 0.032679738562091505
3 0.6286764705882353 0.6366013071895424 0.08014705882352942 0.06405228758169934
3 0.725735294117647 0.6431372549019608 0.08455882352941177 0.06405228758169934
1 0.799264705882353 0.5712418300653594 0.013970588235294118 0.04183006535947712
1 0.825 0.5699346405228758 0.0125 0.027450980392156862
1 0.8036764705882353 0.5202614379084968 0.0125 0.026143790849673203
2 0.9073529411764706 0.5660130718954248 0.027941176470588237 0.032679738562091505
4 0.875 0.6130718954248366 0.013235294117647059 0.0457516339869281
3 0.9897058823529412 0.5882352941176471 0.009558823529411765 0.0457516339869281
1 0.9625 0.6274509803921569 0.008088235294117648 0.02875816993464052
1 0.9661764705882353 0.6065359477124183 0.014705882352941176 0.0457516339869281
8 0.8875 0.6457516339869281 0.10441176470588236 0.0718954248366013
2 0.8698529411764706 0.8313725490196079 0.0375 0.036601307189542485
1 0.8683823529411765 0.8457516339869281 0.016176470588235296 0.054901960784313725
1 0.8845588235294117 0.8601307189542484 0.016911764705882352 0.032679738562091505
3 0.8970588235294118 0.9228758169934641 0.08161764705882353 0.07581699346405228
3 0.8345588235294118 0.9084967320261438 0.08014705882352942 0.08888888888888889
3 0.6911764705882353 0.9320261437908497 0.045588235294117645 0.06797385620915032
2 0.6948529411764706 0.8666666666666667 0.07205882352941176 0.058823529411764705
3 0.6014705882352941 0.8117647058823529 0.06985294117647059 0.12156862745098039
3 0.7683823529411765 0.7503267973856209 0.09632352941176471 0.0784313725490196
