35 0.34353125 0.8786052009456264 0.03325 0.008723404255319148
36 0.256875 0.821063829787234 0.097984375 0.13638297872340424
1 0.540265625 0.609338061465721 0.145171875 0.39066193853427894
1 0.41079687500000006 0.6452482269503546 0.053765625 0.23990543735224587
1 0.50753125 0.6105673758865248 0.06596874999999999 0.28541371158392437
1 0.26882812500000003 0.6449408983451537 0.053468749999999995 0.20673758865248226
1 0.179578125 0.6574940898345154 0.10482812500000001 0.3090307328605201
1 0.340265625 0.7299527186761229 0.04265625 0.15749408983451538
1 0.697625 0.649243498817967 0.074953125 0.23491725768321514
1 0.7752656250000001 0.6046572104018912 0.05746875 0.2890543735224586
1 0.6555625 0.6540898345153664 0.05234375 0.2195981087470449
1 0.004890625 0.6805910165484633 0.037765625000000004 0.16810874704491727
35 0.49626562500000004 0.8840661938534279 0.066953125 0.010378250591016549
35 0.78721875 0.8806855791962175 0.065015625 0.017541371158392435
1 0.317984375 0.7743735224586289 0.02290625 0.07073286052009457
35 0.10471875 0.5083924349881797 0.100578125 0.4916075650118203
35 0.70159375 0.8730496453900709 0.08153125 0.03
35 0.03028125 0.6588416075650119 0.03440625 0.26569739952718674
35 0.0 0.6411111111111111 0.022609375 0.2241371158392435
1 0.70096875 0.6117021276595744 0.0478125 0.27158392434988177
