1 0.523140625 0.4340238095238095 0.09803125 0.4986904761904762
1 0.187703125 0.4625 0.204640625 0.4881904761904762
1 0.07146875 0.4488571428571429 0.21503125 0.5455476190476191
1 0.640578125 0.44890476190476186 0.1498125 0.44690476190476186
1 0.44642187499999997 0.4225238095238095 0.078875 0.4965952380952381
1 0.34228125 0.4192619047619048 0.1134375 0.49688095238095237
1 0.60328125 0.4654761904761905 0.082390625 0.45066666666666666
1 0.86390625 0.26661904761904764 0.13525 0.6553095238095239
27 0.9278124999999999 0.3165 0.07128124999999999 0.14285714285714285
1 0.20460937499999998 0.5656904761904762 0.05225 0.1769047619047619
1 0.7160624999999999 0.4882857142857143 0.19824999999999998 0.3671904761904762
6 0.31890625 0.1865 0.368703125 0.3041190476190476
