6 0.4102941176470588 0.338562091503268 0.20808823529411766 0.13725490196078433
3 0.3830882352941177 0.6379084967320261 0.09779411764705882 0.16209150326797386
3 0.6338235294117647 0.46143790849673205 0.08970588235294118 0.08627450980392157
3 0.2411764705882353 0.40522875816993464 0.07794117647058824 0.06274509803921569
3 0.6772058823529412 0.36993464052287583 0.07647058823529412 0.05228758169934641
3 0.3764705882352941 0.25620915032679736 0.03161764705882353 0.06535947712418301
3 0.4294117647058823 0.27450980392156865 0.027941176470588237 0.054901960784313725
3 0.5308823529411765 0.25098039215686274 0.027205882352941177 0.04183006535947712
3 0.2639705882352941 0.21176470588235294 0.03235294117647059 0.0392156862745098
3 0.4227941176470588 0.044444444444444446 0.013235294117647059 0.02483660130718954
3 0.4294117647058823 0.20784313725490197 0.027941176470588237 0.05751633986928104
3 0.35 0.37516339869281046 0.06470588235294118 0.06143790849673202
3 0.8176470588235294 0.4326797385620915 0.08308823529411764 0.06797385620915032
3 0.5147058823529411 0.8941176470588236 0.06838235294117648 0.10588235294117647
3 0.4786764705882353 0.15163398692810456 0.021323529411764706 0.036601307189542485
3 0.6463235294117647 0.24705882352941178 0.030882352941176472 0.04967320261437908
3 0.3816176470588235 0.1895424836601307 0.025 0.0457516339869281
3 0.38823529411764707 0.21830065359477124 0.02426470588235294 0.050980392156862744
3 0.4 0.16470588235294117 0.016176470588235296 0.04183006535947712
3 0.4051470588235294 0.13856209150326798 0.022794117647058822 0.036601307189542485
3 0.3911764705882353 0.12026143790849673 0.016911764705882352 0.02875816993464052
3 0.4801470588235294 0.3006535947712418 0.04264705882352941 0.047058823529411764
3 0.4411764705882353 0.11503267973856209 0.013970588235294118 0.026143790849673203
3 0.43970588235294117 0.134640522875817 0.01764705882352941 0.032679738562091505
3 0.4338235294117647 0.18169934640522875 0.021323529411764706 0.030065359477124184
3 0.43676470588235294 0.15816993464052287 0.019852941176470587 0.026143790849673203
3 0.31323529411764706 0.12549019607843137 0.022794117647058822 0.030065359477124184
3 0.34411764705882353 0.0718954248366013 0.015441176470588236 0.02483660130718954
3 0.3602941176470588 0.04967320261437908 0.0125 0.026143790849673203
3 0.3816176470588235 0.00392156862745098 0.011029411764705883 0.018300653594771243
3 0.6308823529411764 0.21830065359477124 0.029411764705882353 0.03790849673202614
3 0.6205882352941177 0.18562091503267975 0.025 0.040522875816993466
3 0.5801470588235295 0.0915032679738562 0.01838235294117647 0.03137254901960784
3 0.5566176470588236 0.03529411764705882 0.011029411764705883 0.018300653594771243
3 0.625 0.03137254901960784 0.013235294117647059 0.018300653594771243
1 0.3477941176470588 0.3254901960784314 0.011764705882352941 0.04183006535947712
1 0.7757352941176471 0.3111111111111111 0.009558823529411765 0.04183006535947712
1 0.9610294117647059 0.27712418300653596 0.010294117647058823 0.04183006535947712
1 0.7470588235294118 0.3241830065359477 0.008823529411764706 0.04183006535947712
1 0.7352941176470589 0.31241830065359477 0.008088235294117648 0.0457516339869281
1 0.8558823529411764 0.28888888888888886 0.0058823529411764705 0.032679738562091505
1 0.8610294117647059 0.2928104575163399 0.008088235294117648 0.032679738562091505
1 0.18088235294117647 0.2679738562091503 0.008823529411764706 0.050980392156862744
1 0.03676470588235294 0.3516339869281046 0.013970588235294118 0.05751633986928104
1 0.04485294117647059 0.3516339869281046 0.011029411764705883 0.05359477124183006
1 0.09264705882352942 0.5594771241830065 0.01764705882352941 0.0457516339869281
1 0.7198529411764706 0.3333333333333333 0.010294117647058823 0.02875816993464052
1 0.7617647058823529 0.39477124183006534 0.015441176470588236 0.02483660130718954
1 0.7757352941176471 0.3542483660130719 0.008088235294117648 0.026143790849673203
4 0.711764705882353 0.34901960784313724 0.021323529411764706 0.023529411764705882
4 0.7463235294117647 0.41045751633986927 0.03897058823529412 0.026143790849673203
4 0.7654411764705882 0.36209150326797385 0.027941176470588237 0.03137254901960784
4 0.08970588235294118 0.5856209150326798 0.026470588235294117 0.02875816993464052
4 0.10073529411764706 0.6091503267973856 0.027941176470588237 0.0457516339869281
2 0.29705882352941176 0.16732026143790849 0.009558823529411765 0.026143790849673203
1 0.5720588235294117 0.10326797385620914 0.003676470588235294 0.02091503267973856
1 0.5808823529411765 0.10065359477124183 0.005147058823529412 0.018300653594771243
4 0.5772058823529411 0.10457516339869281 0.008823529411764706 0.022222222222222223
3 0.5514705882352942 0.026143790849673203 0.011764705882352941 0.01568627450980392
3 0.5433823529411764 0.01045751633986928 0.0125 0.01437908496732026
1 0.41323529411764703 0.07058823529411765 0.005147058823529412 0.018300653594771243
4 0.4102941176470588 0.0784313725490196 0.008823529411764706 0.018300653594771243
