1 0.27022935779816515 0.28123437500000004 0.6028440366972476 0.664203125
1 0.8543348623853211 0.053937500000000006 0.1456651376146789 0.25842187499999997
1 0.7267431192660551 0.019421874999999998 0.13942660550458716 0.19996875
1 0.4915596330275229 0.0204375 0.20461009174311925 0.2383125
1 0.14513761467889907 0.0 0.41233944954128443 0.366296875
1 0.45291284403669724 0.002 0.10853211009174311 0.095875
1 0.0 0.003390625 0.08298165137614678 0.392890625
15 0.0 0.208953125 1.0 0.714140625
27 0.17158256880733946 0.007015625 0.20410550458715596 0.19540625
27 0.419243119266055 0.15125 0.15685779816513762 0.13725
27 0.06061926605504587 0.026968750000000003 0.12080275229357798 0.16103125000000001
33 0.0721559633027523 0.27917187499999996 0.13653669724770642 0.158890625
31 0.9076605504587156 0.23170312499999998 0.0923394495412844 0.077265625
33 0.5978899082568807 0.351203125 0.2418807339449541 0.36359375
33 0.39956422018348625 0.24929687500000003 0.18756880733944956 0.060203125
