3 0.169625 0.26844594594594595 0.0410625 0.05677927927927928
4 0.42715625 0.6247297297297297 0.49264062500000005 0.3640315315315315
4 0.310234375 0.6387612612612613 0.21982812499999999 0.34831081081081083
4 0.16021875000000002 0.5237612612612613 0.48998437499999997 0.4641216216216216
4 0.116921875 0.38932432432432434 0.274390625 0.5393243243243243
1 0.49601562499999996 0.2617792792792793 0.0915625 0.24804054054054053
1 0.5486875 0.24024774774774776 0.086171875 0.34112612612612614
1 0.481796875 0.2461936936936937 0.041296875 0.24659909909909908
1 0.599625 0.11689189189189189 0.049171875 0.1211936936936937
1 0.21531250000000002 0.2519369369369369 0.013015625 0.07896396396396396
1 0.49709375 0.15105855855855854 0.016046875 0.035202702702702704
1 0.469140625 0.15664414414414413 0.027953125000000002 0.03051801801801802
4 0.06890625 0.41027027027027024 0.0814375 0.13545045045045045
4 0.80628125 0.3063738738738739 0.19275 0.26763513513513515
4 0.71403125 0.2915990990990991 0.18296874999999999 0.23603603603603604
4 0.072484375 0.3814864864864865 0.19818750000000002 0.31051801801801804
4 0.07465625000000001 0.3442792792792793 0.14350000000000002 0.16211711711711713
8 0.125484375 0.21123873873873875 0.153984375 0.08322072072072073
1 0.650875 0.10385135135135135 0.041953125 0.13252252252252253
1 0.58309375 0.12234234234234234 0.020109375 0.052364864864864864
4 0.08634375 0.35328828828828834 0.17862499999999998 0.3613738738738739
4 0.661203125 0.7777702702702702 0.338796875 0.20740990990990993
4 0.45234375 0.29367117117117114 0.043671875 0.14596846846846848
67 0.191 0.2052027027027027 0.088296875 0.02337837837837838
1 0.5401875 0.13786036036036037 0.040015625 0.11193693693693695
1 0.240734375 0.25948198198198197 0.020828125 0.03936936936936937
4 0.6014062499999999 0.5627702702702703 0.271671875 0.19885135135135137
8 0.167828125 0.2567117117117117 0.044656249999999995 0.062342342342342344
1 0.0015625 0.09009009009009009 0.8078125 0.20495495495495494
4 0.03125 0.25225225225225223 0.9671875 0.7454954954954955
