37 0.81126 0.4157802197802198 0.0414 0.04865934065934066
1 0.80388 0.103010989010989 0.19422 0.4431428571428571
1 0.02664 0.143010989010989 0.5861799999999999 0.8400879120879121
1 0.00242 0.1765274725274725 0.19119999999999998 0.4583956043956044
39 0.53554 0.4051868131868132 0.16776 0.11307692307692309
40 0.69498 0.23052747252747252 0.07368000000000001 0.07331868131868131
3 0.0067599999999999995 0.011824175824175824 0.6035 0.17696703296703295
15 0.35825999999999997 0.22571428571428573 0.5703400000000001 0.3245274725274725
28 0.03588 0.062131868131868134 0.21162 0.20912087912087912
1 0.56964 0.0025934065934065933 0.19618 0.5714285714285714
