1 0.4762254901960784 0.4134803921568628 0.5237745098039216 0.2363235294117647
1 0.6341993464052288 0.6599673202614379 0.36580065359477126 0.28191176470588236
1 0.2337091503267974 0.7569281045751635 0.2561764705882353 0.22022875816993465
70 0.5573039215686274 0.0 0.24495098039215685 0.2741503267973856
1 0.15281045751633987 0.5325816993464052 0.23820261437908496 0.33034313725490194
1 0.10160130718954248 0.8615522875816993 0.09601307189542484 0.09429738562091504
1 0.5141339869281045 0.8646241830065359 0.4215849673202614 0.13537581699346404
1 0.009133986928104574 0.6291176470588234 0.1959967320261438 0.2416503267973856
1 0.1220751633986928 0.8077941176470589 0.15065359477124182 0.19220588235294117
1 0.33052287581699347 0.5447712418300653 0.40700980392156866 0.2689052287581699
