3 0.07032 0.7459615384615385 0.18447999999999998 0.17365384615384613
3 0.30668 0.7269230769230769 0.06204 0.12365384615384614
3 0.576 0.7375961538461537 0.103 0.09615384615384616
3 0.89566 0.7404326923076923 0.064 0.09014423076923077
6 0.24387999999999999 0.6079326923076923 0.18164 0.18639423076923078
1 0.109 0.7057692307692308 0.074 0.28846153846153844
3 0.8529800000000001 0.7442788461538462 0.06006 0.07110576923076922
3 0.05 0.7114423076923077 0.02854 0.030048076923076924
3 0.76278 0.74 0.06642 0.06971153846153846
3 0.49933999999999995 0.760048076923077 0.0198 0.048990384615384616
3 0.41806 0.745 0.03084 0.06014423076923077
