1 0.15 0.0045000000000000005 0.412921875 0.5280833333333333
1 0.9080625 0.042270833333333334 0.0919375 0.2313125
47 0.0 0.6825416666666667 0.038593749999999996 0.2527916666666667
59 0.062359374999999995 0.6651666666666666 0.71965625 0.307875
59 0.47865624999999995 0.48089583333333336 0.455046875 0.42920833333333336
59 0.065734375 0.503375 0.42134375 0.21797916666666667
27 0.0050625 0.48020833333333335 0.16515625 0.15731250000000002
47 0.00471875 0.623 0.11392187499999999 0.1946875
64 0.644484375 0.13464583333333333 0.08937500000000001 0.14962499999999998
67 0.0 0.4975 1.0 0.5025
