3 0.1889705882352941 0.058823529411764705 0.033823529411764704 0.026143790849673203
3 0.028676470588235293 0.1830065359477124 0.039705882352941174 0.047058823529411764
3 0.19338235294117648 0.04967320261437908 0.030147058823529412 0.02483660130718954
1 0.2691176470588235 0.11503267973856209 0.006617647058823529 0.02483660130718954
2 0.26838235294117646 0.12549019607843137 0.007352941176470588 0.018300653594771243
3 0.3139705882352941 0.06405228758169934 0.01838235294117647 0.02875816993464052
3 0.1514705882352941 0.33464052287581697 0.05073529411764706 0.10196078431372549
3 0.3448529411764706 0.054901960784313725 0.013970588235294118 0.02483660130718954
1 0.35294117647058826 0.02875816993464052 0.004411764705882353 0.01699346405228758
1 0.35 0.027450980392156862 0.003676470588235294 0.018300653594771243
3 0.39926470588235297 0.02483660130718954 0.011029411764705883 0.02091503267973856
3 0.3536764705882353 0.09411764705882353 0.01764705882352941 0.023529411764705882
3 0.5823529411764706 0.8509803921568627 0.12205882352941176 0.13333333333333333
1 0.4455882352941177 0.23006535947712417 0.008088235294117648 0.026143790849673203
4 0.4455882352941177 0.24444444444444444 0.007352941176470588 0.02875816993464052
3 0.45955882352941174 0.23921568627450981 0.021323529411764706 0.044444444444444446
3 0.4602941176470588 0.2849673202614379 0.022794117647058822 0.0457516339869281
3 0.45441176470588235 0.33202614379084966 0.023529411764705882 0.047058823529411764
3 0.42720588235294116 0.37777777777777777 0.03308823529411765 0.05620915032679739
3 0.4573529411764706 0.4562091503267974 0.04338235294117647 0.07320261437908497
3 0.4713235294117647 0.5228758169934641 0.054411764705882354 0.09542483660130718
3 0.4566176470588235 0.6300653594771242 0.045588235294117645 0.09934640522875816
3 0.5566176470588236 0.5777777777777777 0.09852941176470588 0.07320261437908497
3 0.5595588235294118 0.6287581699346405 0.08897058823529412 0.06797385620915032
1 0.5330882352941176 0.5986928104575163 0.008823529411764706 0.0457516339869281
1 0.5404411764705882 0.5686274509803921 0.008088235294117648 0.054901960784313725
1 0.5522058823529412 0.5699346405228758 0.011029411764705883 0.05228758169934641
1 0.5897058823529412 0.5620915032679739 0.011764705882352941 0.04967320261437908
3 0.5441176470588235 0.48627450980392156 0.10661764705882353 0.07712418300653595
3 0.5294117647058824 0.4117647058823529 0.0838235294117647 0.06797385620915032
1 0.6161764705882353 0.42483660130718953 0.009558823529411765 0.050980392156862744
3 0.5772058823529411 0.07712418300653595 0.03529411764705882 0.026143790849673203
3 0.5830882352941177 0.0915032679738562 0.03897058823529412 0.027450980392156862
3 0.586764705882353 0.1084967320261438 0.03676470588235294 0.023529411764705882
4 0.6389705882352941 0.15555555555555556 0.019852941176470587 0.02091503267973856
3 0.6147058823529412 0.22745098039215686 0.030147058823529412 0.050980392156862744
1 0.6808823529411765 0.25359477124183005 0.007352941176470588 0.040522875816993466
1 0.6705882352941176 0.2496732026143791 0.008823529411764706 0.0392156862745098
8 0.4963235294117647 0.6326797385620915 0.2625 0.24444444444444444
1 0.7801470588235294 0.2980392156862745 0.007352941176470588 0.040522875816993466
3 0.6852941176470588 0.29934640522875816 0.06911764705882353 0.048366013071895426
3 0.7176470588235294 0.3633986928104575 0.08014705882352942 0.06274509803921569
3 0.7448529411764706 0.4091503267973856 0.08161764705882353 0.06928104575163399
1 0.7904411764705882 0.35294117647058826 0.011764705882352941 0.027450980392156862
1 0.850735294117647 0.7738562091503268 0.021323529411764706 0.0784313725490196
1 0.8661764705882353 0.6470588235294118 0.021323529411764706 0.0718954248366013
1 0.8389705882352941 0.6274509803921569 0.021323529411764706 0.0718954248366013
1 0.8073529411764706 0.6457516339869281 0.016911764705882352 0.06666666666666667
3 0.8948529411764706 0.7071895424836602 0.10514705882352941 0.09803921568627451
8 0.9580882352941177 0.8235294117647058 0.041176470588235294 0.17647058823529413
