24 0.374171875 0.32216981132075473 0.27121875 0.4401415094339623
24 0.230765625 0.2563443396226415 0.186265625 0.48422169811320753
24 0.001484375 0.2516745283018868 0.25010937499999997 0.4629245283018868
24 0.004140625 0.2692924528301887 0.106515625 0.10587264150943396
24 0.028734375 0.17813679245283018 0.10425 0.12922169811320755
24 0.08429687500000001 0.1484198113207547 0.103859375 0.1510377358490566
24 0.132046875 0.18226415094339624 0.15687500000000001 0.3608018867924528
24 0.5591406250000001 0.3699056603773585 0.254046875 0.36945754716981133
24 0.686890625 0.26334905660377356 0.2615 0.49629716981132077
24 0.81753125 0.29297169811320756 0.13953125 0.2007311320754717
24 0.938125 0.36087264150943393 0.061875 0.21268867924528304
24 0.0 0.2270990566037736 0.043578125 0.12457547169811321
