3 0.0 0.4444444444444444 0.030208333333333334 0.03425925925925926
2 0.0 0.4722222222222222 0.0109375 0.017592592592592594
3 0.0453125 0.4351851851851852 0.053125 0.02962962962962963
4 0.17916666666666667 0.3851851851851852 0.0046875 0.01574074074074074
1 0.17864583333333334 0.3787037037037037 0.005208333333333333 0.018518518518518517
1 0.21979166666666666 0.3814814814814815 0.0036458333333333334 0.023148148148148147
3 0.18697916666666667 0.39537037037037037 0.03229166666666667 0.024074074074074074
3 0.16875 0.4203703703703704 0.04739583333333333 0.02962962962962963
2 0.1765625 0.44722222222222224 0.0140625 0.019444444444444445
1 0.17864583333333334 0.43703703703703706 0.009375 0.025
4 0.20104166666666667 0.4388888888888889 0.016666666666666666 0.019444444444444445
1 0.2046875 0.42962962962962964 0.010416666666666666 0.023148148148148147
2 0.03802083333333333 0.8675925925925926 0.034895833333333334 0.05277777777777778
2 0.090625 0.7703703703703704 0.03958333333333333 0.05277777777777778
2 0.11510416666666666 0.7333333333333333 0.030729166666666665 0.05
2 0.15052083333333333 0.7037037037037037 0.029166666666666667 0.044444444444444446
2 0.1515625 0.700925925925926 0.035416666666666666 0.040740740740740744
2 0.15208333333333332 0.6925925925925925 0.03125 0.03796296296296296
2 0.15729166666666666 0.687962962962963 0.03125 0.03518518518518519
2 0.1953125 0.6351851851851852 0.028125 0.03518518518518519
2 0.19895833333333332 0.6342592592592593 0.022395833333333334 0.02962962962962963
2 0.2234375 0.6212962962962963 0.027083333333333334 0.03518518518518519
2 0.2328125 0.6175925925925926 0.027083333333333334 0.032407407407407406
2 0.23177083333333334 0.6092592592592593 0.026041666666666668 0.030555555555555555
1 0.25833333333333336 0.5944444444444444 0.0109375 0.05
2 0.30052083333333335 0.5546296296296296 0.01875 0.017592592592592594
2 0.309375 0.5314814814814814 0.020833333333333332 0.024074074074074074
2 0.3109375 0.5268518518518519 0.0203125 0.024074074074074074
2 0.31302083333333336 0.5231481481481481 0.017708333333333333 0.020370370370370372
2 0.31197916666666664 0.5138888888888888 0.01875 0.021296296296296296
2 0.3380208333333333 0.5064814814814815 0.019270833333333334 0.019444444444444445
2 0.328125 0.5138888888888888 0.014583333333333334 0.017592592592592594
1 0.044270833333333336 0.8425925925925926 0.018229166666666668 0.06574074074074074
1 0.15729166666666666 0.924074074074074 0.0171875 0.07592592592592592
1 0.17708333333333334 0.9296296296296296 0.0265625 0.07037037037037037
2 0.17708333333333334 0.9638888888888889 0.026041666666666668 0.03611111111111111
4 0.24114583333333334 0.8333333333333334 0.0234375 0.05185185185185185
1 0.2421875 0.8064814814814815 0.019791666666666666 0.06296296296296296
3 0.09739583333333333 0.8712962962962963 0.08697916666666666 0.1287037037037037
1 0.2760416666666667 0.8972222222222223 0.021875 0.05648148148148148
2 0.12916666666666668 0.7092592592592593 0.024479166666666666 0.06111111111111111
3 0.1875 0.7388888888888889 0.07083333333333333 0.11018518518518519
3 0.23541666666666666 0.8453703703703703 0.08489583333333334 0.15462962962962962
3 0.31927083333333334 0.7138888888888889 0.057291666666666664 0.09907407407407408
3 0.303125 0.6574074074074074 0.0453125 0.07777777777777778
3 0.29010416666666666 0.5666666666666667 0.04739583333333333 0.08148148148148149
4 0.29583333333333334 0.6583333333333333 0.0203125 0.040740740740740744
1 0.2989583333333333 0.649074074074074 0.013541666666666667 0.040740740740740744
3 0.23489583333333333 0.40185185185185185 0.03802083333333333 0.028703703703703703
1 0.2625 0.40925925925925927 0.005208333333333333 0.025925925925925925
3 0.22760416666666666 0.41944444444444445 0.042708333333333334 0.028703703703703703
3 0.2328125 0.4287037037037037 0.049479166666666664 0.030555555555555555
3 0.2760416666666667 0.42592592592592593 0.04791666666666667 0.030555555555555555
3 0.3536458333333333 0.5203703703703704 0.03333333333333333 0.049074074074074076
3 0.3380208333333333 0.5694444444444444 0.043229166666666666 0.0712962962962963
3 0.39791666666666664 0.6351851851851852 0.03802083333333333 0.07314814814814814
4 0.2359375 0.44166666666666665 0.013020833333333334 0.019444444444444445
1 0.23697916666666666 0.43333333333333335 0.0078125 0.021296296296296296
2 0.26979166666666665 0.4444444444444444 0.0171875 0.018518518518518517
1 0.27395833333333336 0.43425925925925923 0.0078125 0.025
2 0.29739583333333336 0.4166666666666667 0.0140625 0.01574074074074074
1 0.30052083333333335 0.40555555555555556 0.0067708333333333336 0.019444444444444445
2 0.334375 0.4101851851851852 0.011979166666666667 0.016666666666666666
1 0.33489583333333334 0.4009259259259259 0.008333333333333333 0.022222222222222223
1 0.3614583333333333 0.4351851851851852 0.0067708333333333336 0.030555555555555555
2 0.3572916666666667 0.4722222222222222 0.0109375 0.021296296296296296
1 0.35833333333333334 0.4601851851851852 0.0078125 0.028703703703703703
4 0.375 0.4703703703703704 0.015625 0.020370370370370372
1 0.37864583333333335 0.46111111111111114 0.008333333333333333 0.02962962962962963
1 0.375 0.46574074074074073 0.0067708333333333336 0.020370370370370372
1 0.3546875 0.5027777777777778 0.0067708333333333336 0.03518518518518519
1 0.3671875 0.48055555555555557 0.0067708333333333336 0.037037037037037035
1 0.37447916666666664 0.4842592592592593 0.007291666666666667 0.03518518518518519
4 0.3770833333333333 0.6972222222222222 0.0140625 0.04537037037037037
1 0.3776041666666667 0.6768518518518518 0.013020833333333334 0.05555555555555555
2 0.2984375 0.4583333333333333 0.011458333333333333 0.021296296296296296
1 0.2989583333333333 0.4462962962962963 0.009375 0.025
2 0.39114583333333336 0.5796296296296296 0.009375 0.03425925925925926
2 0.40520833333333334 0.5648148148148148 0.008333333333333333 0.030555555555555555
2 0.4192708333333333 0.5648148148148148 0.0078125 0.03148148148148148
2 0.403125 0.5333333333333333 0.007291666666666667 0.028703703703703703
2 0.3859375 0.5462962962962963 0.0067708333333333336 0.030555555555555555
2 0.39010416666666664 0.562037037037037 0.0078125 0.026851851851851852
1 0.39114583333333336 0.5657407407407408 0.009375 0.03888888888888889
1 0.40572916666666664 0.549074074074074 0.008333333333333333 0.037037037037037035
1 0.41770833333333335 0.55 0.009895833333333333 0.03981481481481482
1 0.40260416666666665 0.5175925925925926 0.008854166666666666 0.03888888888888889
1 0.3890625 0.5453703703703704 0.009895833333333333 0.037037037037037035
1 0.3848958333333333 0.5333333333333333 0.008854166666666666 0.026851851851851852
1 0.36875 0.5462962962962963 0.00625 0.03611111111111111
1 0.34322916666666664 0.4462962962962963 0.007291666666666667 0.017592592592592594
3 0.3385416666666667 0.3638888888888889 0.027604166666666666 0.023148148148148147
3 0.34479166666666666 0.35555555555555557 0.025 0.024074074074074074
3 0.36354166666666665 0.3648148148148148 0.027083333333333334 0.023148148148148147
3 0.3953125 0.3638888888888889 0.0296875 0.020370370370370372
3 0.4666666666666667 0.2675925925925926 0.011458333333333333 0.007407407407407408
2 0.38958333333333334 0.40555555555555556 0.0109375 0.013888888888888888
2 0.39739583333333334 0.4027777777777778 0.010416666666666666 0.011111111111111112
2 0.42135416666666664 0.4 0.0109375 0.01574074074074074
2 0.4010416666666667 0.4222222222222222 0.014583333333333334 0.017592592592592594
4 0.40729166666666666 0.4203703703703704 0.011979166666666667 0.014814814814814815
1 0.40989583333333335 0.412962962962963 0.007291666666666667 0.020370370370370372
1 0.4046875 0.41388888888888886 0.005729166666666666 0.022222222222222223
1 0.39947916666666666 0.3907407407407407 0.0067708333333333336 0.018518518518518517
1 0.39166666666666666 0.3972222222222222 0.007291666666666667 0.016666666666666666
1 0.49583333333333335 0.35462962962962963 0.005208333333333333 0.01574074074074074
1 0.49583333333333335 0.3472222222222222 0.0046875 0.011111111111111112
1 0.49166666666666664 0.34814814814814815 0.004166666666666667 0.019444444444444445
1 0.4901041666666667 0.3472222222222222 0.003125 0.014814814814814815
1 0.4817708333333333 0.375 0.0046875 0.017592592592592594
1 0.47552083333333334 0.38981481481481484 0.005208333333333333 0.01574074074074074
1 0.465625 0.39814814814814814 0.0046875 0.020370370370370372
1 0.45625 0.42407407407407405 0.0078125 0.021296296296296296
1 0.4119791666666667 0.45925925925925926 0.0067708333333333336 0.026851851851851852
1 0.4453125 0.4222222222222222 0.005729166666666666 0.020370370370370372
1 0.5822916666666667 0.362962962962963 0.0046875 0.017592592592592594
1 0.5947916666666667 0.37592592592592594 0.0046875 0.018518518518518517
1 0.5578125 0.4388888888888889 0.00625 0.025925925925925925
1 0.5927083333333333 0.4074074074074074 0.005729166666666666 0.021296296296296296
1 0.5104166666666666 0.3296296296296296 0.0036458333333333334 0.014814814814814815
1 0.5072916666666667 0.3351851851851852 0.0036458333333333334 0.011111111111111112
1 0.5723958333333333 0.475 0.008854166666666666 0.026851851851851852
1 0.6046875 0.475 0.008333333333333333 0.025
1 0.584375 0.4722222222222222 0.009375 0.02962962962962963
1 0.5953125 0.46111111111111114 0.0078125 0.025
1 0.5973958333333333 0.45555555555555555 0.008854166666666666 0.023148148148148147
1 0.5916666666666667 0.44907407407407407 0.008854166666666666 0.025925925925925925
1 0.6255208333333333 0.44351851851851853 0.008854166666666666 0.030555555555555555
1 0.65625 0.5472222222222223 0.0109375 0.04351851851851852
1 0.6833333333333333 0.48148148148148145 0.0067708333333333336 0.02962962962962963
1 0.6791666666666667 0.4787037037037037 0.0078125 0.024074074074074074
1 0.6744791666666666 0.47314814814814815 0.009375 0.027777777777777776
1 0.7359375 0.48055555555555557 0.009895833333333333 0.032407407407407406
1 0.6677083333333333 0.575925925925926 0.010416666666666666 0.04351851851851852
1 0.7083333333333334 0.6370370370370371 0.013541666666666667 0.046296296296296294
1 0.7567708333333333 0.7805555555555556 0.018229166666666668 0.06018518518518518
1 0.45416666666666666 0.4074074074074074 0.0067708333333333336 0.024074074074074074
1 0.44583333333333336 0.39537037037037037 0.007291666666666667 0.01574074074074074
1 0.45416666666666666 0.39166666666666666 0.0067708333333333336 0.016666666666666666
1 0.6421875 0.47129629629629627 0.008854166666666666 0.026851851851851852
1 0.6390625 0.45555555555555555 0.00625 0.023148148148148147
1 0.4791666666666667 0.35833333333333334 0.0046875 0.021296296296296296
1 0.4703125 0.3574074074074074 0.004166666666666667 0.017592592592592594
1 0.45729166666666665 0.3768518518518518 0.004166666666666667 0.01574074074074074
1 0.42291666666666666 0.39166666666666666 0.007291666666666667 0.021296296296296296
2 0.44479166666666664 0.42962962962962964 0.00625 0.018518518518518517
2 0.45260416666666664 0.41944444444444445 0.008854166666666666 0.013888888888888888
2 0.46510416666666665 0.40370370370370373 0.004166666666666667 0.017592592592592594
2 0.4557291666666667 0.3861111111111111 0.005729166666666666 0.007407407407407408
2 0.4453125 0.40370370370370373 0.008854166666666666 0.008333333333333333
2 0.5822916666666667 0.37037037037037035 0.004166666666666667 0.012037037037037037
2 0.5958333333333333 0.3814814814814815 0.003125 0.014814814814814815
2 0.5921875 0.41388888888888886 0.005729166666666666 0.017592592592592594
2 0.5578125 0.44814814814814813 0.00625 0.021296296296296296
2 0.5697916666666667 0.48703703703703705 0.015104166666666667 0.021296296296296296
2 0.58125 0.4842592592592593 0.014583333333333334 0.021296296296296296
2 0.6244791666666667 0.4546296296296296 0.010416666666666666 0.021296296296296296
2 0.6369791666666667 0.4675925925925926 0.009375 0.020370370370370372
2 0.6640625 0.4537037037037037 0.008333333333333333 0.022222222222222223
2 0.6770833333333334 0.4935185185185185 0.0171875 0.022222222222222223
2 0.6520833333333333 0.5592592592592592 0.01875 0.03148148148148148
2 0.6671875 0.5925925925925926 0.008854166666666666 0.02962962962962963
2 0.7572916666666667 0.7972222222222223 0.015625 0.05555555555555555
2 0.9302083333333333 0.8074074074074075 0.021354166666666667 0.04259259259259259
2 0.940625 0.8018518518518518 0.021354166666666667 0.05462962962962963
2 0.896875 0.7481481481481481 0.013020833333333334 0.037037037037037035
4 0.45677083333333335 0.4324074074074074 0.007291666666666667 0.017592592592592594
4 0.47552083333333334 0.3972222222222222 0.0046875 0.017592592592592594
4 0.4817708333333333 0.3824074074074074 0.004166666666666667 0.013888888888888888
4 0.5973958333333333 0.48055555555555557 0.022916666666666665 0.025925925925925925
4 0.6692708333333334 0.47962962962962963 0.016666666666666666 0.025925925925925925
4 0.6385416666666667 0.47685185185185186 0.014583333333333334 0.025925925925925925
4 0.5916666666666667 0.4546296296296296 0.008854166666666666 0.017592592592592594
2 0.596875 0.4648148148148148 0.0109375 0.017592592592592594
1 0.5890625 0.4648148148148148 0.008854166666666666 0.020370370370370372
2 0.4953125 0.36018518518518516 0.005729166666666666 0.013888888888888888
2 0.4921875 0.35555555555555557 0.0036458333333333334 0.012962962962962963
2 0.5109375 0.33240740740740743 0.003125 0.013888888888888888
2 0.5067708333333333 0.33796296296296297 0.004166666666666667 0.012037037037037037
1 0.4432291666666667 0.38055555555555554 0.004166666666666667 0.022222222222222223
1 0.5291666666666667 0.425 0.005208333333333333 0.026851851851851852
1 0.5729166666666666 0.31851851851851853 0.0026041666666666665 0.012962962962962963
1 0.58125 0.3175925925925926 0.003125 0.013888888888888888
1 0.7354166666666667 0.5555555555555556 0.0078125 0.04351851851851852
1 0.7296875 0.5527777777777778 0.009375 0.04351851851851852
1 0.7598958333333333 0.5592592592592592 0.009895833333333333 0.040740740740740744
1 0.7734375 0.5722222222222222 0.010416666666666666 0.04351851851851852
1 0.5869791666666667 0.32314814814814813 0.0036458333333333334 0.014814814814814815
1 0.5932291666666667 0.32222222222222224 0.003125 0.01574074074074074
3 0.5125 0.30833333333333335 0.0078125 0.012962962962962963
3 0.5151041666666667 0.30092592592592593 0.0078125 0.011111111111111112
3 0.5255208333333333 0.3037037037037037 0.0078125 0.011111111111111112
3 0.5229166666666667 0.30833333333333335 0.007291666666666667 0.011111111111111112
3 0.5234375 0.3148148148148148 0.007291666666666667 0.011111111111111112
3 0.521875 0.3212962962962963 0.009895833333333333 0.014814814814814815
3 0.5203125 0.32685185185185184 0.009375 0.013888888888888888
3 0.5161458333333333 0.3333333333333333 0.0109375 0.01574074074074074
3 0.54375 0.30092592592592593 0.007291666666666667 0.011111111111111112
3 0.5369791666666667 0.2972222222222222 0.0078125 0.011111111111111112
3 0.5369791666666667 0.30925925925925923 0.009375 0.012037037037037037
3 0.5359375 0.31574074074074077 0.010416666666666666 0.016666666666666666
3 0.5354166666666667 0.3314814814814815 0.009375 0.014814814814814815
3 0.5338541666666666 0.33796296296296297 0.0109375 0.016666666666666666
3 0.534375 0.3453703703703704 0.0109375 0.017592592592592594
3 0.5458333333333333 0.32685185185185184 0.009375 0.014814814814814815
3 0.5526041666666667 0.33425925925925926 0.009895833333333333 0.016666666666666666
3 0.5473958333333333 0.34074074074074073 0.009895833333333333 0.01574074074074074
3 0.5848958333333333 0.35462962962962963 0.013541666666666667 0.021296296296296296
3 0.5557291666666667 0.3472222222222222 0.011979166666666667 0.017592592592592594
3 0.5348958333333333 0.3592592592592593 0.013541666666666667 0.021296296296296296
3 0.565625 0.40185185185185185 0.0171875 0.023148148148148147
3 0.6098958333333333 0.4166666666666667 0.01875 0.030555555555555555
3 0.5354166666666667 0.4564814814814815 0.0359375 0.03425925925925926
3 0.47291666666666665 0.45092592592592595 0.027083333333333334 0.030555555555555555
3 0.48333333333333334 0.33611111111111114 0.025 0.014814814814814815
3 0.5052083333333334 0.3212962962962963 0.008333333333333333 0.014814814814814815
3 0.49947916666666664 0.3888888888888889 0.0171875 0.025925925925925925
3 0.5005208333333333 0.4083333333333333 0.016666666666666666 0.027777777777777776
3 0.49635416666666665 0.4287037037037037 0.019791666666666666 0.03148148148148148
3 0.45625 0.4398148148148148 0.0265625 0.02962962962962963
3 0.43072916666666666 0.44907407407407407 0.0234375 0.03518518518518519
3 0.44479166666666664 0.4703703703703704 0.021354166666666667 0.03518518518518519
3 0.44635416666666666 0.4981481481481482 0.0234375 0.04259259259259259
3 0.42135416666666664 0.5259259259259259 0.04791666666666667 0.041666666666666664
3 0.4140625 0.4898148148148148 0.0234375 0.041666666666666664
3 0.5625 0.5046296296296297 0.025520833333333333 0.03796296296296296
3 0.5770833333333333 0.5435185185185185 0.0296875 0.05
3 0.5401041666666667 0.5657407407407408 0.0296875 0.06666666666666667
3 0.4791666666666667 0.5259259259259259 0.059375 0.05925925925925926
3 0.6359375 0.4888888888888889 0.05416666666666667 0.03981481481481482
3 0.6239583333333333 0.6240740740740741 0.034895833333333334 0.05277777777777778
3 0.5895833333333333 0.6824074074074075 0.040625 0.06851851851851852
3 0.5302083333333333 0.637962962962963 0.036458333333333336 0.06111111111111111
3 0.5395833333333333 0.7148148148148148 0.0421875 0.07777777777777778
3 0.5416666666666666 0.8444444444444444 0.0515625 0.12129629629629629
3 0.6078125 0.8555555555555555 0.05364583333333333 0.10462962962962963
3 0.675 0.8268518518518518 0.0671875 0.12407407407407407
3 0.7859375 0.7888888888888889 0.0765625 0.09722222222222222
3 0.8244791666666667 0.8777777777777778 0.096875 0.12222222222222222
2 0.7088541666666667 0.6555555555555556 0.0125 0.03888888888888889
4 0.7291666666666666 0.487962962962963 0.021354166666666667 0.024074074074074074
4 0.7942708333333334 0.47685185185185186 0.018229166666666668 0.022222222222222223
3 0.8161458333333333 0.5046296296296297 0.0484375 0.03518518518518519
