62 0.1155 0.572875 0.036671875 0.11737500000000001
62 0.0019375 0.6143125 0.09646875 0.09564583333333333
75 0.688 0.5957083333333333 0.014343749999999999 0.0076458333333333335
1 0.1483125 0.39325 0.2545 0.5932708333333333
1 0.314890625 0.42739583333333336 0.17790625 0.41808333333333336
1 0.48615624999999996 0.35654166666666665 0.111890625 0.6129583333333334
1 0.594734375 0.39781249999999996 0.099796875 0.4815
1 0.65971875 0.4079583333333333 0.064625 0.41225
1 0.21853125 0.33860416666666665 0.06085937500000001 0.06054166666666667
1 0.3918125 0.37783333333333335 0.094359375 0.5010833333333333
1 0.565625 0.3815416666666666 0.064578125 0.24875
1 0.382546875 0.35025 0.06159375 0.12020833333333333
1 0.129359375 0.4618541666666667 0.07403125 0.17693750000000003
1 0.2856875 0.36072916666666666 0.06035937500000001 0.16822916666666668
1 0.00396875 0.5116458333333334 0.1255 0.1701875
62 0.471484375 0.63325 0.026453125 0.07437500000000001
62 0.707296875 0.5503125 0.04990625 0.14683333333333334
62 0.08009374999999999 0.5584791666666666 0.05304687500000001 0.044625000000000005
75 0.311765625 0.39177083333333335 0.043109375 0.028270833333333335
75 0.58103125 0.6168958333333333 0.019625 0.025541666666666667
