72 0.14845312500000002 0.62475 0.145359375 0.18968749999999998
62 0.30484374999999997 0.6473125 0.30321875 0.3204375
63 0.000359375 0.6066458333333333 0.11140625 0.39335416666666667
84 0.67896875 0.45383333333333337 0.010562499999999999 0.06989583333333332
84 0.53853125 0.447375 0.0083125 0.06047916666666667
84 0.55953125 0.4442083333333333 0.008843750000000001 0.06629166666666667
84 0.665125 0.45975 0.006796874999999999 0.06102083333333333
84 0.652703125 0.457 0.010671875 0.06152083333333334
84 0.6711875 0.45383333333333337 0.0091875 0.06816666666666667
84 0.747140625 0.457 0.025359375 0.07172916666666666
44 0.737078125 0.78375 0.0211875 0.09920833333333333
64 0.6044375 0.26327083333333334 0.19209375 0.21279166666666666
84 0.702015625 0.5589999999999999 0.07473437499999999 0.09525
84 0.6879062499999999 0.457625 0.006828125 0.06102083333333333
84 0.7341249999999999 0.4575625 0.0131875 0.06925
84 0.55409375 0.6448750000000001 0.02384375 0.059541666666666666
84 0.5939687499999999 0.45029166666666665 0.005140625 0.06479166666666666
44 0.752703125 0.7946666666666666 0.01403125 0.09497916666666667
84 0.609359375 0.6611666666666667 0.02734375 0.0719375
84 0.1734375 0.18333333333333332 0.70625 0.6875
