1 0.8176470588235294 0.8640522875816994 0.06397058823529411 0.05751633986928104
1 0.8433823529411765 0.9098039215686274 0.027941176470588237 0.03529411764705882
4 0.7485294117647059 0.7163398692810458 0.02426470588235294 0.10588235294117647
2 0.7419117647058824 0.4849673202614379 0.023529411764705882 0.08235294117647059
4 0.6639705882352941 0.49411764705882355 0.04632352941176471 0.0457516339869281
4 0.6573529411764706 0.4418300653594771 0.029411764705882353 0.06797385620915032
4 0.6595588235294118 0.396078431372549 0.03529411764705882 0.07058823529411765
2 0.6772058823529412 0.26405228758169935 0.013970588235294118 0.06535947712418301
1 0.6169117647058824 0.06928104575163399 0.013235294117647059 0.06013071895424837
3 0.5220588235294118 0.018300653594771243 0.03602941176470588 0.06405228758169934
3 0.5066176470588235 0.11503267973856209 0.10955882352941176 0.08104575163398693
3 0.5102941176470588 0.16339869281045752 0.10735294117647058 0.07712418300653595
3 0.5191176470588236 0.2169934640522876 0.10441176470588236 0.08627450980392157
3 0.5360294117647059 0.27320261437908494 0.10294117647058823 0.10588235294117647
3 0.5073529411764706 0.4169934640522876 0.13529411764705881 0.10326797385620914
3 0.549264705882353 0.5163398692810458 0.1514705882352941 0.11764705882352941
1 0.44779411764705884 0.8993464052287582 0.027941176470588237 0.07058823529411765
1 0.38088235294117645 0.9150326797385621 0.03161764705882353 0.07581699346405228
1 0.38382352941176473 0.9620915032679739 0.01838235294117647 0.03790849673202614
2 0.44779411764705884 0.8901960784313725 0.028676470588235293 0.10980392156862745
2 0.27058823529411763 0.5607843137254902 0.05073529411764706 0.12679738562091503
4 0.3801470588235294 0.9058823529411765 0.030147058823529412 0.09411764705882353
1 0.37058823529411766 0.17254901960784313 0.014705882352941176 0.07058823529411765
3 0.08897058823529412 0.17777777777777778 0.0713235294117647 0.10457516339869281
3 0.2036764705882353 0.13071895424836602 0.04926470588235294 0.0915032679738562
