37 0.562234375 0.27159250585480094 0.024890625 0.040327868852459016
1 0.727359375 0.4919906323185012 0.10518749999999999 0.33557377049180326
1 0.681203125 0.293887587822014 0.10896874999999999 0.352271662763466
1 0.656609375 0.42866510538641683 0.07628125 0.4056440281030445
1 0.915234375 0.5373536299765808 0.020421875 0.08911007025761124
1 0.42289062499999996 0.27601873536299765 0.08384375 0.3318969555035129
1 0.37675000000000003 0.42948477751756436 0.070734375 0.398384074941452
1 0.07346875 0.517423887587822 0.05696875 0.3235831381733021
1 0.52625 0.4876346604215457 0.08546875000000001 0.3483138173302108
1 0.9649531250000001 0.5786182669789227 0.035046875 0.16236533957845434
1 0.4413125 0.48414519906323183 0.074078125 0.34927400468384073
1 0.42154687500000004 0.2907494145199063 0.041296875 0.1424824355971897
1 9.375e-05 0.5674707259953161 0.014203125 0.10269320843091335
1 0.238609375 0.5082201405152225 0.0919375 0.327751756440281
1 0.1171875 0.25995316159250587 0.80625 0.6112412177985949
