3 0.13697916666666668 0.537962962962963 0.16510416666666666 0.125
3 0.0 0.4351851851851852 0.03854166666666667 0.06944444444444445
1 0.014583333333333334 0.3592592592592593 0.013541666666666667 0.05277777777777778
3 0.28854166666666664 0.3712962962962963 0.09322916666666667 0.062037037037037036
1 0.0 0.387037037037037 0.011458333333333333 0.02962962962962963
1 0.3854166666666667 0.31851851851851853 0.008854166666666666 0.04814814814814815
1 0.39739583333333334 0.31666666666666665 0.009895833333333333 0.044444444444444446
1 0.41354166666666664 0.3111111111111111 0.010416666666666666 0.04537037037037037
2 0.44947916666666665 0.3037037037037037 0.0328125 0.046296296296296294
1 0.4864583333333333 0.30925925925925923 0.010416666666666666 0.028703703703703703
1 0.49375 0.3074074074074074 0.007291666666666667 0.025925925925925925
2 0.50625 0.2935185185185185 0.013541666666666667 0.017592592592592594
2 0.5369791666666667 0.287962962962963 0.01875 0.019444444444444445
8 0.56875 0.24537037037037038 0.03958333333333333 0.041666666666666664
8 0.6333333333333333 0.2564814814814815 0.06822916666666666 0.05092592592592592
3 0.7072916666666667 0.3314814814814815 0.05416666666666667 0.05462962962962963
3 0.7364583333333333 0.3148148148148148 0.042708333333333334 0.03796296296296296
3 0.7682291666666666 0.2953703703703704 0.040625 0.03611111111111111
3 0.7661458333333333 0.2740740740740741 0.06197916666666667 0.03148148148148148
