3 0.40208333333333335 0.6333333333333333 0.06666666666666667 0.10740740740740741
3 0.2578125 0.75 0.109375 0.17314814814814813
3 0.30572916666666666 0.6555555555555556 0.06822916666666666 0.10648148148148148
3 0.2984375 0.6138888888888889 0.05 0.08518518518518518
3 0.3151041666666667 0.5722222222222222 0.0421875 0.06851851851851852
3 0.2375 0.5601851851851852 0.07708333333333334 0.05462962962962963
1 0.14322916666666666 0.6268518518518519 0.016145833333333335 0.09351851851851851
1 0.6041666666666666 0.7287037037037037 0.0375 0.13796296296296295
2 0.6010416666666667 0.7805555555555556 0.040625 0.11944444444444445
2 0.5453125 0.6537037037037037 0.021354166666666667 0.06574074074074074
1 0.53125 0.5888888888888889 0.015625 0.06944444444444445
1 0.525 0.5805555555555556 0.010416666666666666 0.06018518518518518
1 0.26927083333333335 0.5685185185185185 0.015625 0.05648148148148148
2 0.2609375 0.5888888888888889 0.0328125 0.03796296296296296
2 0.25052083333333336 0.6027777777777777 0.0125 0.037037037037037035
2 0.4515625 0.575925925925926 0.013020833333333334 0.03333333333333333
1 0.45208333333333334 0.5583333333333333 0.011979166666666667 0.03981481481481482
2 0.4588541666666667 0.5685185185185185 0.021875 0.025
1 0.4609375 0.5527777777777778 0.013541666666666667 0.041666666666666664
3 0.378125 0.5768518518518518 0.043229166666666666 0.06296296296296296
3 0.35625 0.5481481481481482 0.028125 0.03518518518518519
3 0.39375 0.5314814814814814 0.021875 0.03888888888888889
3 0.35052083333333334 0.5370370370370371 0.019270833333333334 0.025
