85 0.30801295896328296 0.39082812499999997 0.04421166306695464 0.033140625
85 0.2355075593952484 0.4019375 0.013693304535637149 0.02971875
3 0.10241900647948164 0.82528125 0.2974730021598272 0.13274999999999998
3 0.3339740820734341 0.781421875 0.20920086393088552 0.09767187499999999
3 0.6209287257019439 0.803046875 0.37907127429805615 0.178328125
3 0.0 0.81325 0.1330453563714903 0.088015625
3 0.11490280777537798 0.805515625 0.12043196544276458 0.054203125
1 0.6274514038876889 0.78721875 0.024859611231101513 0.05671875
1 0.536695464362851 0.789671875 0.01818574514038877 0.03509375
3 0.2645356371490281 0.80078125 0.09088552915766739 0.029703125000000004
3 0.6420086393088553 0.798046875 0.12021598272138229 0.033953125
3 0.932354211663067 0.780453125 0.06764578833693305 0.022671875
3 0.22161987041036718 0.796703125 0.07533477321814255 0.03021875
3 0.30794816414686826 0.788703125 0.032937365010799136 0.012640624999999999
3 0.16224622030237582 0.7985156250000001 0.049654427645788334 0.0085
1 0.5369114470842332 0.768921875 0.007926565874730021 0.020703125
