3 0.25104166666666666 0.8814814814814815 0.03854166666666667 0.11296296296296296
3 0.49375 0.6259259259259259 0.025 0.040740740740740744
3 0.665625 0.7907407407407407 0.03958333333333333 0.07222222222222222
3 0.3260416666666667 0.5185185185185185 0.01875 0.04814814814814815
3 0.46041666666666664 0.48518518518518516 0.015625 0.02962962962962963
3 0.346875 0.4462962962962963 0.015625 0.027777777777777776
3 0.3729166666666667 0.42777777777777776 0.014583333333333334 0.025925925925925925
3 0.34791666666666665 0.40555555555555556 0.013541666666666667 0.022222222222222223
3 0.39895833333333336 0.3907407407407407 0.01875 0.020370370370370372
3 0.425 0.3277777777777778 0.011458333333333333 0.014814814814814815
3 0.421875 0.3611111111111111 0.020833333333333332 0.018518518518518517
3 0.43125 0.4185185185185185 0.013541666666666667 0.025925925925925925
3 0.5083333333333333 0.49444444444444446 0.017708333333333333 0.03148148148148148
3 0.4239583333333333 0.37777777777777777 0.0125 0.018518518518518517
3 0.43854166666666666 0.31296296296296294 0.009375 0.014814814814814815
3 0.42083333333333334 0.3074074074074074 0.008333333333333333 0.014814814814814815
3 0.440625 0.3388888888888889 0.010416666666666666 0.016666666666666666
3 0.4427083333333333 0.35555555555555557 0.011458333333333333 0.016666666666666666
3 0.4791666666666667 0.4648148148148148 0.016666666666666666 0.037037037037037035
3 0.5104166666666666 0.42962962962962964 0.014583333333333334 0.02962962962962963
8 0.4510416666666667 0.40555555555555556 0.0125 0.024074074074074074
3 0.26458333333333334 0.36666666666666664 0.015625 0.018518518518518517
3 0.28020833333333334 0.3611111111111111 0.017708333333333333 0.020370370370370372
3 0.2791666666666667 0.3907407407407407 0.011458333333333333 0.018518518518518517
3 0.31145833333333334 0.35 0.025 0.014814814814814815
3 0.3125 0.34444444444444444 0.025 0.014814814814814815
3 0.31666666666666665 0.3388888888888889 0.025 0.014814814814814815
3 0.35104166666666664 0.32407407407407407 0.008333333333333333 0.012962962962962963
3 0.33541666666666664 0.30925925925925923 0.00625 0.011111111111111112
3 0.44583333333333336 0.37592592592592594 0.011458333333333333 0.020370370370370372
3 0.46770833333333334 0.3333333333333333 0.008333333333333333 0.012962962962962963
3 0.4864583333333333 0.34629629629629627 0.026041666666666668 0.016666666666666666
3 0.321875 0.3074074074074074 0.009375 0.009259259259259259
1 0.3072916666666667 0.6185185185185185 0.007291666666666667 0.016666666666666666
1 0.615625 0.5314814814814814 0.00625 0.027777777777777776
1 0.5427083333333333 0.4444444444444444 0.00625 0.016666666666666666
1 0.515625 0.5444444444444444 0.00625 0.014814814814814815
4 0.5135416666666667 0.5481481481481482 0.010416666666666666 0.020370370370370372
3 0.43854166666666666 0.45925925925925926 0.014583333333333334 0.03148148148148148
1 0.5041666666666667 0.3685185185185185 0.003125 0.016666666666666666
1 0.49375 0.3648148148148148 0.005208333333333333 0.022222222222222223
1 0.5083333333333333 0.3851851851851852 0.005208333333333333 0.014814814814814815
3 0.4979166666666667 0.37222222222222223 0.007291666666666667 0.018518518518518517
1 0.228125 0.8240740740740741 0.009375 0.03518518518518519
