3 0.4022058823529412 0.26143790849673204 0.01764705882352941 0.013071895424836602
3 0.41691176470588237 0.2549019607843137 0.014705882352941176 0.011764705882352941
3 0.41911764705882354 0.26143790849673204 0.015441176470588236 0.01568627450980392
3 0.425 0.2679738562091503 0.009558823529411765 0.011764705882352941
3 0.43161764705882355 0.25620915032679736 0.008088235294117648 0.011764705882352941
3 0.4404411764705882 0.25620915032679736 0.007352941176470588 0.013071895424836602
1 0.4375 0.265359477124183 0.0029411764705882353 0.01437908496732026
1 0.4345588235294118 0.26666666666666666 0.0029411764705882353 0.013071895424836602
3 0.425 0.269281045751634 0.008823529411764706 0.01045751633986928
3 0.4183823529411765 0.27712418300653596 0.011029411764705883 0.01437908496732026
1 0.41691176470588237 0.2875816993464052 0.0029411764705882353 0.01568627450980392
1 0.41544117647058826 0.28888888888888886 0.0022058823529411764 0.01437908496732026
1 0.4 0.27712418300653596 0.0029411764705882353 0.01437908496732026
1 0.3977941176470588 0.27712418300653596 0.0022058823529411764 0.01437908496732026
1 0.3889705882352941 0.3032679738562091 0.003676470588235294 0.01699346405228758
6 0.4522058823529412 0.23137254901960785 0.011764705882352941 0.026143790849673203
3 0.4698529411764706 0.2261437908496732 0.005147058823529412 0.00784313725490196
3 0.47058823529411764 0.2457516339869281 0.0058823529411764705 0.011764705882352941
3 0.4588235294117647 0.257516339869281 0.008088235294117648 0.011764705882352941
3 0.4455882352941177 0.265359477124183 0.008088235294117648 0.01568627450980392
3 0.4404411764705882 0.2758169934640523 0.009558823529411765 0.013071895424836602
3 0.43970588235294117 0.28366013071895424 0.010294117647058823 0.01699346405228758
3 0.43161764705882355 0.2980392156862745 0.011029411764705883 0.01699346405228758
3 0.43308823529411766 0.3058823529411765 0.009558823529411765 0.02091503267973856
3 0.4279411764705882 0.32679738562091504 0.011764705882352941 0.0196078431372549
3 0.46176470588235297 0.2601307189542484 0.007352941176470588 0.011764705882352941
3 0.46176470588235297 0.2679738562091503 0.008823529411764706 0.011764705882352941
3 0.45808823529411763 0.27320261437908494 0.009558823529411765 0.011764705882352941
3 0.45808823529411763 0.28104575163398693 0.008823529411764706 0.013071895424836602
3 0.4536764705882353 0.29411764705882354 0.009558823529411765 0.01437908496732026
3 0.4514705882352941 0.3058823529411765 0.010294117647058823 0.01568627450980392
3 0.4470588235294118 0.32679738562091504 0.013235294117647059 0.0196078431372549
3 0.43676470588235294 0.35555555555555557 0.013235294117647059 0.02483660130718954
3 0.4713235294117647 0.3176470588235294 0.010294117647058823 0.0196078431372549
3 0.47794117647058826 0.24183006535947713 0.007352941176470588 0.013071895424836602
3 0.4764705882352941 0.25359477124183005 0.008088235294117648 0.01699346405228758
1 0.48823529411764705 0.25098039215686274 0.0022058823529411764 0.01045751633986928
3 0.5147058823529411 0.23660130718954248 0.006617647058823529 0.009150326797385621
3 0.5257352941176471 0.23529411764705882 0.006617647058823529 0.009150326797385621
3 0.5345588235294118 0.23006535947712417 0.015441176470588236 0.011764705882352941
3 0.5375 0.23398692810457516 0.011764705882352941 0.009150326797385621
3 0.5433823529411764 0.28104575163398693 0.008088235294117648 0.011764705882352941
6 0.5455882352941176 0.28627450980392155 0.01838235294117647 0.036601307189542485
3 0.5345588235294118 0.2980392156862745 0.011029411764705883 0.01568627450980392
3 0.5205882352941177 0.30718954248366015 0.011029411764705883 0.01437908496732026
3 0.5647058823529412 0.28366013071895424 0.01911764705882353 0.01568627450980392
1 0.5705882352941176 0.29934640522875816 0.0022058823529411764 0.01437908496732026
1 0.5669117647058823 0.3032679738562091 0.0022058823529411764 0.01437908496732026
1 0.5676470588235294 0.3006535947712418 0.0029411764705882353 0.01568627450980392
4 0.9220588235294118 0.6509803921568628 0.02426470588235294 0.030065359477124184
2 0.8970588235294118 0.6300653594771242 0.03602941176470588 0.032679738562091505
3 0.7022058823529411 0.5699346405228758 0.05661764705882353 0.040522875816993466
1 0.7301470588235294 0.469281045751634 0.008823529411764706 0.027450980392156862
4 0.8419117647058824 0.5633986928104575 0.025 0.023529411764705882
4 0.8330882352941177 0.5477124183006536 0.02426470588235294 0.02483660130718954
3 0.7911764705882353 0.4888888888888889 0.054411764705882354 0.04183006535947712
3 0.7794117647058824 0.4797385620915033 0.04485294117647059 0.02875816993464052
3 0.7838235294117647 0.46797385620915033 0.045588235294117645 0.03137254901960784
3 0.7794117647058824 0.4588235294117647 0.04411764705882353 0.032679738562091505
3 0.7536764705882353 0.3895424836601307 0.02426470588235294 0.02483660130718954
3 0.7272058823529411 0.3895424836601307 0.02426470588235294 0.026143790849673203
3 0.8338235294117647 0.31241830065359477 0.01838235294117647 0.01699346405228758
3 0.6191176470588236 0.330718954248366 0.025 0.01699346405228758
3 0.6485294117647059 0.33986928104575165 0.027205882352941177 0.018300653594771243
3 0.6286764705882353 0.4196078431372549 0.022794117647058822 0.02483660130718954
1 0.6647058823529411 0.39215686274509803 0.0058823529411764705 0.026143790849673203
1 0.6705882352941176 0.403921568627451 0.003676470588235294 0.01437908496732026
1 0.674264705882353 0.39738562091503266 0.004411764705882353 0.022222222222222223
1 0.6786764705882353 0.40261437908496733 0.005147058823529412 0.0196078431372549
3 0.6941176470588235 0.4 0.01911764705882353 0.022222222222222223
3 0.6786764705882353 0.4091503267973856 0.030882352941176472 0.05751633986928104
1 0.538235294117647 0.330718954248366 0.003676470588235294 0.01437908496732026
3 0.5073529411764706 0.33986928104575165 0.0125 0.018300653594771243
3 0.5110294117647058 0.3673202614379085 0.015441176470588236 0.02091503267973856
3 0.5272058823529412 0.3437908496732026 0.013235294117647059 0.0196078431372549
3 0.5404411764705882 0.3581699346405229 0.014705882352941176 0.027450980392156862
3 0.5580882352941177 0.403921568627451 0.016911764705882352 0.023529411764705882
4 0.5948529411764706 0.41568627450980394 0.006617647058823529 0.01568627450980392
1 0.5955882352941176 0.4091503267973856 0.0058823529411764705 0.022222222222222223
4 0.6 0.4065359477124183 0.004411764705882353 0.01568627450980392
1 0.600735294117647 0.4013071895424837 0.005147058823529412 0.01699346405228758
3 0.525 0.3934640522875817 0.015441176470588236 0.02875816993464052
3 0.5735294117647058 0.49411764705882355 0.022058823529411766 0.032679738562091505
2 0.475 0.38300653594771245 0.013970588235294118 0.01699346405228758
1 0.4772058823529412 0.3764705882352941 0.005147058823529412 0.01699346405228758
3 0.4698529411764706 0.35947712418300654 0.023529411764705882 0.026143790849673203
3 0.49117647058823527 0.4117647058823529 0.016911764705882352 0.027450980392156862
3 0.4919117647058823 0.43529411764705883 0.01764705882352941 0.026143790849673203
3 0.49117647058823527 0.46013071895424834 0.020588235294117647 0.03398692810457516
3 0.49558823529411766 0.4875816993464052 0.022794117647058822 0.0392156862745098
3 0.4963235294117647 0.526797385620915 0.023529411764705882 0.036601307189542485
8 0.48823529411764705 0.5437908496732026 0.03161764705882353 0.0784313725490196
3 0.4889705882352941 0.6418300653594772 0.027941176470588237 0.04967320261437908
3 0.3602941176470588 0.3058823529411765 0.0125 0.02091503267973856
3 0.3448529411764706 0.2954248366013072 0.016176470588235296 0.030065359477124184
3 0.3272058823529412 0.31241830065359477 0.015441176470588236 0.0196078431372549
4 0.4375 0.4366013071895425 0.005147058823529412 0.018300653594771243
1 0.4375 0.4287581699346405 0.005147058823529412 0.022222222222222223
3 0.4235294117647059 0.5124183006535947 0.022058823529411766 0.043137254901960784
3 0.3801470588235294 0.5673202614379085 0.027941176470588237 0.050980392156862744
3 0.35 0.37516339869281046 0.029411764705882353 0.02483660130718954
2 0.36176470588235293 0.3908496732026144 0.0125 0.02483660130718954
3 0.36470588235294116 0.4091503267973856 0.021323529411764706 0.03137254901960784
1 0.39044117647058824 0.4013071895424837 0.0058823529411764705 0.02091503267973856
2 0.3897058823529412 0.40784313725490196 0.006617647058823529 0.01699346405228758
4 0.3801470588235294 0.4666666666666667 0.0058823529411764705 0.02091503267973856
1 0.3801470588235294 0.4588235294117647 0.006617647058823529 0.022222222222222223
2 0.3360294117647059 0.5320261437908497 0.005147058823529412 0.027450980392156862
1 0.3352941176470588 0.5254901960784314 0.007352941176470588 0.026143790849673203
3 0.28088235294117647 0.5581699346405229 0.030147058823529412 0.04967320261437908
1 0.29191176470588237 0.6169934640522876 0.008823529411764706 0.0457516339869281
1 0.30073529411764705 0.6300653594771242 0.007352941176470588 0.027450980392156862
1 0.25073529411764706 0.5895424836601307 0.007352941176470588 0.03790849673202614
1 0.2625 0.5882352941176471 0.009558823529411765 0.036601307189542485
3 0.23970588235294119 0.6274509803921569 0.04191176470588235 0.06405228758169934
4 0.23455882352941176 0.7869281045751634 0.016176470588235296 0.043137254901960784
1 0.23529411764705882 0.7712418300653595 0.0125 0.04183006535947712
3 0.18455882352941178 0.7202614379084967 0.05808823529411765 0.09281045751633987
1 0.125 0.7294117647058823 0.013235294117647059 0.050980392156862744
8 0.020588235294117647 0.7215686274509804 0.07794117647058824 0.08366013071895424
3 0.05367647058823529 0.6901960784313725 0.0838235294117647 0.06143790849673202
3 0.05514705882352941 0.6352941176470588 0.05 0.06013071895424837
3 0.11102941176470588 0.5542483660130719 0.04044117647058824 0.050980392156862744
3 0.0 0.5464052287581699 0.04191176470588235 0.0392156862745098
4 0.03161764705882353 0.4915032679738562 0.019852941176470587 0.01699346405228758
1 0.03602941176470588 0.477124183006536 0.006617647058823529 0.018300653594771243
1 0.04852941176470588 0.48366013071895425 0.008823529411764706 0.01699346405228758
4 0.06323529411764706 0.48104575163398694 0.013970588235294118 0.01437908496732026
2 0.06102941176470588 0.47058823529411764 0.027205882352941177 0.0196078431372549
4 0.10220588235294117 0.4261437908496732 0.01838235294117647 0.02091503267973856
4 0.11470588235294117 0.4091503267973856 0.013235294117647059 0.01699346405228758
3 0.10661764705882353 0.38169934640522873 0.029411764705882353 0.02483660130718954
3 0.15 0.5228758169934641 0.05588235294117647 0.040522875816993466
3 0.16323529411764706 0.5006535947712418 0.05661764705882353 0.04183006535947712
3 0.1588235294117647 0.4718954248366013 0.051470588235294115 0.032679738562091505
1 0.23602941176470588 0.4797385620915033 0.006617647058823529 0.02091503267973856
3 0.19705882352941176 0.45098039215686275 0.047058823529411764 0.030065359477124184
3 0.28088235294117647 0.43137254901960786 0.03897058823529412 0.02875816993464052
3 0.2786764705882353 0.41568627450980394 0.04264705882352941 0.03137254901960784
3 0.2875 0.40784313725490196 0.04191176470588235 0.030065359477124184
3 0.2963235294117647 0.39738562091503266 0.03455882352941177 0.027450980392156862
1 0.13308823529411765 0.41045751633986927 0.005147058823529412 0.027450980392156862
1 0.14705882352941177 0.40261437908496733 0.0058823529411764705 0.026143790849673203
1 0.13455882352941176 0.44313725490196076 0.005147058823529412 0.027450980392156862
1 0.1375 0.4418300653594771 0.004411764705882353 0.027450980392156862
1 0.14191176470588235 0.4418300653594771 0.0058823529411764705 0.02483660130718954
1 0.14926470588235294 0.4366013071895425 0.006617647058823529 0.027450980392156862
3 0.14044117647058824 0.4444444444444444 0.04852941176470588 0.03137254901960784
3 0.1860294117647059 0.403921568627451 0.0375 0.02483660130718954
1 0.19558823529411765 0.3869281045751634 0.004411764705882353 0.02091503267973856
3 0.21029411764705883 0.3934640522875817 0.03529411764705882 0.023529411764705882
1 0.2536764705882353 0.3869281045751634 0.008088235294117648 0.01437908496732026
3 0.23970588235294119 0.36209150326797385 0.033823529411764704 0.0196078431372549
3 0.2661764705882353 0.35294117647058826 0.03235294117647059 0.018300653594771243
3 0.26544117647058824 0.338562091503268 0.030882352941176472 0.0196078431372549
3 0.23676470588235293 0.3241830065359477 0.03161764705882353 0.0196078431372549
3 0.22720588235294117 0.3150326797385621 0.014705882352941176 0.018300653594771243
1 0.23529411764705882 0.29673202614379085 0.003676470588235294 0.018300653594771243
3 0.2823529411764706 0.3176470588235294 0.020588235294117647 0.01699346405228758
3 0.27794117647058825 0.3281045751633987 0.030147058823529412 0.0196078431372549
1 0.3029411764705882 0.33202614379084966 0.003676470588235294 0.01568627450980392
2 0.3125 0.3241830065359477 0.016911764705882352 0.01568627450980392
1 0.3220588235294118 0.32287581699346407 0.004411764705882353 0.011764705882352941
