3 0.603125 0.812962962962963 0.036458333333333336 0.03425925925925926
3 0.6067708333333334 0.7583333333333333 0.030208333333333334 0.04537037037037037
3 0.6229166666666667 0.6777777777777778 0.018229166666666668 0.06666666666666667
3 0.6229166666666667 0.5796296296296296 0.019270833333333334 0.05925925925925926
3 0.6067708333333334 0.5055555555555555 0.01875 0.05462962962962963
3 0.5989583333333334 0.3453703703703704 0.014583333333333334 0.05925925925925926
3 0.5963541666666666 0.20185185185185187 0.015104166666666667 0.04722222222222222
3 0.5927083333333333 0.09259259259259259 0.016145833333333335 0.046296296296296294
3 0.53125 0.10185185185185185 0.013541666666666667 0.04722222222222222
3 0.5088541666666667 0.020370370370370372 0.028125 0.04722222222222222
3 0.5302083333333333 0.19907407407407407 0.013020833333333334 0.053703703703703705
3 0.5208333333333334 0.30185185185185187 0.014583333333333334 0.05925925925925926
3 0.5166666666666667 0.37592592592592594 0.0171875 0.058333333333333334
3 0.5208333333333334 0.45092592592592595 0.014583333333333334 0.05740740740740741
3 0.5192708333333333 0.5425925925925926 0.016145833333333335 0.06111111111111111
3 0.5182291666666666 0.6324074074074074 0.016666666666666666 0.06111111111111111
3 0.5161458333333333 0.7212962962962963 0.024479166666666666 0.06481481481481481
3 0.5463541666666667 0.7796296296296297 0.03854166666666667 0.05555555555555555
3 0.35260416666666666 0.7064814814814815 0.0140625 0.05277777777777778
3 0.4005208333333333 0.8648148148148148 0.016145833333333335 0.053703703703703705
3 0.32135416666666666 0.7962962962962963 0.014583333333333334 0.06296296296296296
3 0.32135416666666666 0.5740740740740741 0.015625 0.058333333333333334
3 0.35572916666666665 0.44351851851851853 0.0140625 0.058333333333333334
3 0.3546875 0.3592592592592593 0.015104166666666667 0.05092592592592592
3 0.3619791666666667 0.2657407407407407 0.013020833333333334 0.05555555555555555
3 0.3609375 0.18611111111111112 0.015104166666666667 0.05740740740740741
3 0.3651041666666667 0.1111111111111111 0.013541666666666667 0.05185185185185185
3 0.3765625 0.024074074074074074 0.021875 0.05185185185185185
3 0.26614583333333336 0.16296296296296298 0.016145833333333335 0.05555555555555555
3 0.2869791666666667 0.31574074074074077 0.015625 0.062037037037037036
3 0.28229166666666666 0.40555555555555556 0.013541666666666667 0.05462962962962963
3 0.28125 0.47962962962962963 0.013020833333333334 0.05925925925925926
3 0.27760416666666665 0.5648148148148148 0.016145833333333335 0.062037037037037036
3 0.2734375 0.6453703703703704 0.025 0.05462962962962963
3 0.27760416666666665 0.7018518518518518 0.015625 0.06018518518518518
3 0.278125 0.7703703703703704 0.013541666666666667 0.06666666666666667
3 0.30572916666666666 0.9259259259259259 0.0140625 0.06018518518518518
3 0.2708333333333333 0.9685185185185186 0.015104166666666667 0.03148148148148148
3 0.22135416666666666 0.9092592592592592 0.017708333333333333 0.07592592592592592
3 0.2734375 0.8731481481481481 0.015625 0.06666666666666667
3 0.17552083333333332 0.7425925925925926 0.0171875 0.06481481481481481
3 0.18072916666666666 0.6666666666666666 0.0203125 0.06296296296296296
3 0.1890625 0.5972222222222222 0.014583333333333334 0.06111111111111111
3 0.24375 0.43796296296296294 0.0171875 0.05648148148148148
3 0.215625 0.412962962962963 0.019791666666666666 0.05555555555555555
3 0.2109375 0.35833333333333334 0.015104166666666667 0.046296296296296294
3 0.21354166666666666 0.29444444444444445 0.016145833333333335 0.05185185185185185
3 0.21979166666666666 0.22870370370370371 0.014583333333333334 0.06111111111111111
3 0.2234375 0.17314814814814813 0.016145833333333335 0.05925925925925926
3 0.22760416666666666 0.11851851851851852 0.014583333333333334 0.05185185185185185
3 0.23072916666666668 0.06759259259259259 0.015104166666666667 0.04351851851851852
3 0.23645833333333333 0.01574074074074074 0.014583333333333334 0.05185185185185185
3 0.16822916666666668 0.49444444444444446 0.028125 0.03518518518518519
3 0.09479166666666666 0.475 0.0328125 0.046296296296296294
3 0.09583333333333334 0.38333333333333336 0.0140625 0.04537037037037037
3 0.09947916666666666 0.3074074074074074 0.016145833333333335 0.05462962962962963
3 0.10885416666666667 0.21574074074074073 0.0171875 0.053703703703703705
3 0.11666666666666667 0.13240740740740742 0.01875 0.053703703703703705
3 0.1296875 0.07037037037037037 0.014583333333333334 0.049074074074074076
3 0.050520833333333334 0.003703703703703704 0.027083333333333334 0.05092592592592592
3 0.0421875 0.10092592592592593 0.023958333333333335 0.05
3 0.03333333333333333 0.16574074074074074 0.028125 0.05462962962962963
3 0.0234375 0.24537037037037038 0.024479166666666666 0.046296296296296294
3 0.017708333333333333 0.2833333333333333 0.020833333333333332 0.05462962962962963
3 0.009895833333333333 0.3509259259259259 0.0203125 0.04537037037037037
3 0.0421875 0.4462962962962963 0.035416666666666666 0.02962962962962963
3 0.04114583333333333 0.5083333333333333 0.03229166666666667 0.027777777777777776
3 0.036458333333333336 0.5518518518518518 0.03802083333333333 0.025925925925925925
3 0.0359375 0.587037037037037 0.0375 0.025
3 0.03125 0.6175925925925926 0.03333333333333333 0.023148148148148147
3 0.023958333333333335 0.6453703703703704 0.0375 0.026851851851851852
3 0.021354166666666667 0.6731481481481482 0.04010416666666667 0.023148148148148147
3 0.020833333333333332 0.7111111111111111 0.036458333333333336 0.028703703703703703
3 0.10729166666666666 0.6851851851851852 0.03958333333333333 0.03148148148148148
3 0.11822916666666666 0.6231481481481481 0.033854166666666664 0.026851851851851852
3 0.12604166666666666 0.5851851851851851 0.030729166666666665 0.026851851851851852
3 0.12291666666666666 0.5546296296296296 0.0359375 0.025925925925925925
3 0.11354166666666667 0.7287037037037037 0.034375 0.028703703703703703
3 0.11302083333333333 0.7666666666666667 0.03229166666666667 0.025
3 0.10260416666666666 0.8157407407407408 0.035416666666666666 0.025925925925925925
3 0.1015625 0.85 0.0359375 0.028703703703703703
3 0.09947916666666666 0.8851851851851852 0.040625 0.032407407407407406
3 0.09479166666666666 0.9212962962962963 0.040625 0.03148148148148148
3 0.08802083333333334 0.9685185185185186 0.03854166666666667 0.03148148148148148
3 0.046875 0.812962962962963 0.018229166666666668 0.05740740740740741
3 0.0171875 0.7444444444444445 0.03802083333333333 0.02962962962962963
3 0.009375 0.7870370370370371 0.04010416666666667 0.028703703703703703
3 0.0078125 0.8268518518518518 0.0359375 0.025
3 0.014583333333333334 0.5425925925925926 0.0171875 0.05462962962962963
3 0.0010416666666666667 0.6222222222222222 0.019791666666666666 0.05555555555555555
3 0.0515625 0.4046296296296296 0.03958333333333333 0.028703703703703703
3 0.0005208333333333333 0.875 0.035416666666666666 0.028703703703703703
3 0.0 0.9138888888888889 0.0328125 0.03333333333333333
3 0.0 0.9527777777777777 0.028645833333333332 0.027777777777777776
3 0.05677083333333333 0.375 0.034375 0.026851851851851852
3 0.06354166666666666 0.34444444444444444 0.03177083333333333 0.023148148148148147
3 0.06614583333333333 0.31574074074074077 0.0328125 0.026851851851851852
3 0.06875 0.2814814814814815 0.035416666666666666 0.026851851851851852
3 0.07291666666666667 0.2537037037037037 0.034375 0.027777777777777776
3 0.07395833333333333 0.22685185185185186 0.034895833333333334 0.02962962962962963
3 0.07604166666666666 0.20092592592592592 0.03229166666666667 0.027777777777777776
3 0.078125 0.17685185185185184 0.03125 0.021296296296296296
3 0.08229166666666667 0.15092592592592594 0.03125 0.027777777777777776
3 0.09010416666666667 0.12222222222222222 0.03125 0.028703703703703703
3 0.08697916666666666 0.09351851851851851 0.03697916666666667 0.027777777777777776
3 0.0921875 0.06388888888888888 0.0328125 0.032407407407407406
3 0.09739583333333333 0.03796296296296296 0.030729166666666665 0.02962962962962963
3 0.09791666666666667 0.01574074074074074 0.030729166666666665 0.026851851851851852
3 0.13645833333333332 0.0 0.013541666666666667 0.041666666666666664
3 0.0 0.6898148148148148 0.014583333333333334 0.058333333333333334
3 0.18177083333333333 0.000925925925925926 0.027083333333333334 0.017592592592592594
3 0.18177083333333333 0.024074074074074074 0.026041666666666668 0.019444444444444445
3 0.178125 0.04351851851851852 0.028645833333333332 0.026851851851851852
3 0.17395833333333333 0.075 0.029166666666666667 0.023148148148148147
3 0.17760416666666667 0.09722222222222222 0.023958333333333335 0.025925925925925925
3 0.1703125 0.12777777777777777 0.028125 0.023148148148148147
3 0.16614583333333333 0.1527777777777778 0.03125 0.025925925925925925
3 0.16666666666666666 0.18425925925925926 0.028125 0.021296296296296296
3 0.165625 0.2074074074074074 0.027083333333333334 0.021296296296296296
3 0.1640625 0.2351851851851852 0.026041666666666668 0.023148148148148147
3 0.16197916666666667 0.26851851851851855 0.027083333333333334 0.021296296296296296
3 0.15364583333333334 0.29444444444444445 0.033854166666666664 0.025925925925925925
3 0.15572916666666667 0.32314814814814813 0.03177083333333333 0.022222222222222223
3 0.15208333333333332 0.34814814814814815 0.028645833333333332 0.021296296296296296
3 0.5942708333333333 0.037037037037037035 0.0140625 0.03148148148148148
2 0.23854166666666668 0.4166666666666667 0.0067708333333333336 0.020370370370370372
1 0.13177083333333334 0.4425925925925926 0.008333333333333333 0.014814814814814815
1 0.1234375 0.46111111111111114 0.0109375 0.012962962962962963
3 0.42083333333333334 0.0 0.029166666666666667 0.022222222222222223
2 0.4510416666666667 0.425 0.010416666666666666 0.01574074074074074
2 0.4479166666666667 0.45 0.0109375 0.019444444444444445
2 0.4473958333333333 0.49537037037037035 0.011979166666666667 0.012962962962962963
4 0.44895833333333335 0.38981481481481484 0.009895833333333333 0.021296296296296296
2 0.3927083333333333 0.9074074074074074 0.0067708333333333336 0.025925925925925925
1 0.6125 0.8481481481481481 0.0067708333333333336 0.014814814814814815
