62 0.10484374999999999 0.5913958333333333 0.2403125 0.40860416666666666
63 0.712984375 0.6300416666666667 0.287015625 0.3562291666666667
73 0.037921875 0.5142291666666667 0.18884375 0.15420833333333334
84 0.51171875 0.6685833333333334 0.15196875 0.08533333333333333
84 0.590984375 0.7945 0.016890625 0.09014583333333334
84 0.514796875 0.7670833333333333 0.14859375 0.11710416666666666
84 0.41685937500000003 0.6815208333333334 0.03315625 0.09220833333333332
84 0.487140625 0.6884791666666668 0.022390625 0.08952083333333333
84 0.35634375 0.6720833333333334 0.018453125 0.10802083333333333
84 0.38784375 0.6876666666666666 0.006234375 0.08493750000000001
84 0.43379687499999997 0.8464166666666666 0.073546875 0.03135416666666667
27 0.8123125 0.6292083333333333 0.139375 0.21227083333333333
44 0.018187500000000002 0.5445833333333333 0.036359375 0.13649999999999998
62 0.00575 0.8062291666666667 0.017078125 0.07158333333333333
62 0.00075 0.8042916666666666 0.004625 0.081
84 0.0 0.6735 0.09253125 0.05402083333333333
