63 0.52021875 0.5425531914893617 0.409359375 0.382789598108747
63 0.076921875 0.570047281323877 0.397421875 0.4202600472813239
86 0.46784375 0.6064775413711584 0.0270625 0.06742316784869977
19 0.0521875 0.21643026004728133 0.11100000000000002 0.26044917257683214
84 0.40170312499999994 0.6828841607565013 0.0359375 0.0071394799054373525
84 0.397484375 0.6924113475177305 0.04675 0.010685579196217493
84 0.392171875 0.7021749408983451 0.05775 0.016453900709219857
84 0.40854687500000003 0.6689598108747046 0.021234375 0.014893617021276595
62 0.071109375 0.569645390070922 0.40434374999999995 0.4284160756501182
62 0.805640625 0.643498817966903 0.19378125 0.35650118203309694
47 0.561234375 0.8224113475177305 0.049375 0.06560283687943262
67 0.36615625 0.8005673758865248 0.40056250000000004 0.18307328605200945
84 0.404421875 0.6888416075650118 0.034890624999999995 0.00983451536643026
51 0.556015625 0.8163356973995272 0.056203125 0.07534278959810875
