3 0.296875 0.5037037037037037 0.04479166666666667 0.03888888888888889
3 0.3072916666666667 0.6129629629629629 0.046875 0.044444444444444446
4 0.23125 0.7222222222222222 0.020833333333333332 0.027777777777777776
4 0.2833333333333333 0.6833333333333333 0.013541666666666667 0.025925925925925925
1 0.2833333333333333 0.6685185185185185 0.009375 0.025925925925925925
2 0.26875 0.7314814814814815 0.0375 0.05925925925925926
1 0.30625 0.5574074074074075 0.009375 0.03148148148148148
1 0.41770833333333335 0.6314814814814815 0.009375 0.02962962962962963
1 0.4822916666666667 0.6962962962962963 0.008333333333333333 0.037037037037037035
4 0.303125 0.5740740740740741 0.014583333333333334 0.022222222222222223
4 0.41875 0.65 0.010416666666666666 0.02962962962962963
4 0.47291666666666665 0.7185185185185186 0.01875 0.024074074074074074
4 0.578125 0.6833333333333333 0.022916666666666665 0.027777777777777776
4 0.35520833333333335 0.5851851851851851 0.019791666666666666 0.022222222222222223
4 0.34270833333333334 0.5425925925925926 0.019791666666666666 0.024074074074074074
4 0.4354166666666667 0.6018518518518519 0.014583333333333334 0.020370370370370372
4 0.371875 0.5962962962962963 0.020833333333333332 0.022222222222222223
1 0.3885416666666667 0.5851851851851851 0.00625 0.03518518518518519
1 0.403125 0.5796296296296296 0.009375 0.03518518518518519
4 0.3854166666666667 0.6129629629629629 0.022916666666666665 0.025925925925925925
4 0.39375 0.6185185185185185 0.027083333333333334 0.016666666666666666
4 0.40208333333333335 0.6222222222222222 0.019791666666666666 0.016666666666666666
4 0.409375 0.6240740740740741 0.017708333333333333 0.022222222222222223
4 0.4041666666666667 0.6074074074074074 0.021875 0.024074074074074074
4 0.428125 0.6055555555555555 0.019791666666666666 0.014814814814814815
3 0.4510416666666667 0.5907407407407408 0.041666666666666664 0.04259259259259259
3 0.26666666666666666 0.4722222222222222 0.030208333333333334 0.025925925925925925
2 0.30833333333333335 0.8407407407407408 0.028125 0.05740740740740741
1 0.23854166666666668 0.9296296296296296 0.010416666666666666 0.053703703703703705
1 0.2552083333333333 0.9259259259259259 0.011458333333333333 0.046296296296296294
1 0.3489583333333333 0.9277777777777778 0.013541666666666667 0.03333333333333333
4 0.33125 0.9518518518518518 0.020833333333333332 0.044444444444444446
4 0.6989583333333333 0.6962962962962963 0.021875 0.024074074074074074
2 0.6270833333333333 0.7444444444444445 0.015625 0.03518518518518519
3 0.5177083333333333 0.7870370370370371 0.071875 0.07407407407407407
3 0.5114583333333333 0.8648148148148148 0.08958333333333333 0.1
3 0.7385416666666667 0.7537037037037037 0.08125 0.07222222222222222
3 0.9510416666666667 0.6907407407407408 0.04895833333333333 0.07962962962962963
4 0.9375 0.7518518518518519 0.01875 0.037037037037037035
4 0.915625 0.7314814814814815 0.016666666666666666 0.03148148148148148
1 0.9854166666666667 0.8611111111111112 0.0125 0.02962962962962963
1 0.9239583333333333 0.8981481481481481 0.0125 0.05925925925925926
1 0.8739583333333333 0.6944444444444444 0.009375 0.05740740740740741
1 0.8645833333333334 0.6888888888888889 0.0125 0.05555555555555555
1 0.7072916666666667 0.8111111111111111 0.010416666666666666 0.05925925925925926
1 0.6916666666666667 0.8111111111111111 0.010416666666666666 0.05740740740740741
1 0.6864583333333333 0.7981481481481482 0.011458333333333333 0.06296296296296296
1 0.7270833333333333 0.8166666666666667 0.009375 0.05555555555555555
1 0.7322916666666667 0.8296296296296296 0.010416666666666666 0.04814814814814815
1 0.7083333333333334 0.8648148148148148 0.011458333333333333 0.05555555555555555
1 0.7458333333333333 0.8277777777777777 0.0125 0.05
1 0.61875 0.762962962962963 0.010416666666666666 0.037037037037037035
1 0.65 0.8240740740740741 0.014583333333333334 0.044444444444444446
1 0.7135416666666666 0.9018518518518519 0.013541666666666667 0.040740740740740744
1 0.6625 0.8851851851851852 0.016666666666666666 0.05740740740740741
1 0.6166666666666667 0.7351851851851852 0.010416666666666666 0.03333333333333333
1 0.6270833333333333 0.8314814814814815 0.0125 0.03888888888888889
1 0.6302083333333334 0.8444444444444444 0.014583333333333334 0.04814814814814815
1 0.7364583333333333 0.8685185185185185 0.013541666666666667 0.05925925925925926
1 0.759375 0.8685185185185185 0.016666666666666666 0.05185185185185185
1 0.7375 0.9722222222222222 0.010416666666666666 0.024074074074074074
1 0.7510416666666667 0.9703703703703703 0.009375 0.02962962962962963
1 0.7447916666666666 0.9592592592592593 0.0125 0.040740740740740744
1 0.8479166666666667 0.9685185185185186 0.014583333333333334 0.03148148148148148
4 0.7854166666666667 0.9037037037037037 0.046875 0.05
2 0.8489583333333334 0.8648148148148148 0.023958333333333335 0.06851851851851852
2 0.890625 0.8833333333333333 0.034375 0.05
2 0.875 0.8907407407407407 0.022916666666666665 0.05185185185185185
2 0.8125 0.8537037037037037 0.022916666666666665 0.06296296296296296
1 0.8229166666666666 0.8666666666666667 0.0125 0.04259259259259259
2 0.7791666666666667 0.8314814814814815 0.029166666666666667 0.07037037037037037
2 0.7510416666666667 0.8203703703703704 0.029166666666666667 0.06111111111111111
2 0.7145833333333333 0.7981481481481482 0.029166666666666667 0.06296296296296296
4 0.61875 0.8648148148148148 0.025 0.03148148148148148
4 0.640625 0.8407407407407408 0.03125 0.04259259259259259
4 0.6552083333333333 0.9092592592592592 0.026041666666666668 0.03518518518518519
4 0.696875 0.8648148148148148 0.03125 0.053703703703703705
4 0.7041666666666667 0.9222222222222223 0.027083333333333334 0.04259259259259259
4 0.7604166666666666 0.8944444444444445 0.01875 0.03518518518518519
2 0.48333333333333334 0.6611111111111111 0.026041666666666668 0.05185185185185185
2 0.5083333333333333 0.6777777777777778 0.022916666666666665 0.046296296296296294
2 0.5229166666666667 0.6574074074074074 0.030208333333333334 0.05925925925925926
1 0.49166666666666664 0.6833333333333333 0.009375 0.05
1 0.49583333333333335 0.674074074074074 0.0125 0.05185185185185185
1 0.6010416666666667 0.6481481481481481 0.009375 0.05185185185185185
1 0.5864583333333333 0.6518518518518519 0.010416666666666666 0.027777777777777776
1 0.37083333333333335 0.95 0.017708333333333333 0.05
