1 0.3264705882352941 0.24183006535947713 0.020588235294117647 0.0718954248366013
1 0.35073529411764703 0.23790849673202613 0.025735294117647058 0.08104575163398693
1 0.40661764705882353 0.3503267973856209 0.016911764705882352 0.08888888888888889
1 0.4183823529411765 0.3359477124183007 0.020588235294117647 0.07712418300653595
3 0.3139705882352941 0.42745098039215684 0.07352941176470588 0.22091503267973855
1 0.28308823529411764 0.9267973856209151 0.023529411764705882 0.07320261437908497
1 0.35294117647058826 0.7934640522875817 0.026470588235294117 0.07450980392156863
1 0.3588235294117647 0.8967320261437909 0.03823529411764706 0.08496732026143791
1 0.43161764705882355 0.7320261437908496 0.027205882352941177 0.07712418300653595
1 0.4610294117647059 0.7477124183006536 0.022058823529411766 0.05228758169934641
1 0.48455882352941176 0.726797385620915 0.025735294117647058 0.08366013071895424
1 0.4183823529411765 0.8810457516339869 0.026470588235294117 0.09542483660130718
1 0.4852941176470588 0.8418300653594771 0.030147058823529412 0.09411764705882353
1 0.5 0.9372549019607843 0.023529411764705882 0.06143790849673202
1 0.5507352941176471 0.7895424836601307 0.03529411764705882 0.09803921568627451
4 0.6286764705882353 0.7490196078431373 0.05955882352941176 0.06274509803921569
1 0.6514705882352941 0.7751633986928105 0.029411764705882353 0.07973856209150326
1 0.6705882352941176 0.8143790849673203 0.022058823529411766 0.054901960784313725
1 0.6852941176470588 0.8875816993464052 0.03161764705882353 0.08758169934640522
1 0.7132352941176471 0.8522875816993464 0.03308823529411765 0.08235294117647059
1 0.7095588235294118 0.9032679738562092 0.03161764705882353 0.08496732026143791
3 0.6227941176470588 0.3281045751633987 0.07205882352941176 0.2065359477124183
1 0.7308823529411764 0.3411764705882353 0.020588235294117647 0.07450980392156863
4 0.825 0.3202614379084967 0.023529411764705882 0.07973856209150326
4 0.7941176470588235 0.3633986928104575 0.020588235294117647 0.06535947712418301
1 0.925 0.8745098039215686 0.041176470588235294 0.09019607843137255
1 0.9720588235294118 0.9464052287581699 0.027205882352941177 0.05359477124183006
1 0.10661764705882353 0.9281045751633987 0.027941176470588237 0.0718954248366013
2 0.7154411764705882 0.01045751633986928 0.030882352941176472 0.040522875816993466
4 0.7360294117647059 0.05359477124183006 0.03676470588235294 0.0457516339869281
4 0.7382352941176471 0.07058823529411765 0.03308823529411765 0.04183006535947712
2 0.625 0.08104575163398693 0.04411764705882353 0.03398692810457516
