3 0.425 0.6483660130718955 0.03676470588235294 0.09411764705882353
3 0.43014705882352944 0.42745098039215684 0.030882352941176472 0.05359477124183006
3 0.5308823529411765 0.32941176470588235 0.020588235294117647 0.0392156862745098
1 0.32132352941176473 0.3660130718954248 0.008088235294117648 0.030065359477124184
3 0.31838235294117645 0.22745098039215686 0.03602941176470588 0.026143790849673203
3 0.5764705882352941 0.38823529411764707 0.022794117647058822 0.044444444444444446
1 0.30808823529411766 0.20784313725490197 0.0058823529411764705 0.022222222222222223
3 0.3235294117647059 0.21045751633986928 0.010294117647058823 0.01568627450980392
3 0.3301470588235294 0.20522875816993463 0.009558823529411765 0.01699346405228758
3 0.513235294117647 0.13594771241830064 0.0125 0.018300653594771243
3 0.5308823529411765 0.13986928104575164 0.011029411764705883 0.01568627450980392
3 0.5286764705882353 0.12679738562091503 0.010294117647058823 0.01568627450980392
3 0.5279411764705882 0.0915032679738562 0.009558823529411765 0.01437908496732026
3 0.5022058823529412 0.07320261437908497 0.008088235294117648 0.013071895424836602
3 0.6566176470588235 0.38169934640522873 0.030147058823529412 0.040522875816993466
1 0.3316176470588235 0.18562091503267975 0.006617647058823529 0.02091503267973856
1 0.33676470588235297 0.17647058823529413 0.0058823529411764705 0.01437908496732026
1 0.3522058823529412 0.1934640522875817 0.005147058823529412 0.023529411764705882
1 0.3573529411764706 0.18562091503267975 0.005147058823529412 0.01699346405228758
1 0.3536764705882353 0.19477124183006536 0.004411764705882353 0.009150326797385621
1 0.38088235294117645 0.20130718954248367 0.004411764705882353 0.02091503267973856
1 0.3463235294117647 0.17908496732026144 0.004411764705882353 0.02091503267973856
1 0.35073529411764703 0.17908496732026144 0.0029411764705882353 0.018300653594771243
3 0.3625 0.16470588235294117 0.029411764705882353 0.023529411764705882
3 0.3654411764705882 0.1568627450980392 0.026470588235294117 0.0196078431372549
3 0.38529411764705884 0.1437908496732026 0.025735294117647058 0.0196078431372549
1 0.40588235294117647 0.11503267973856209 0.004411764705882353 0.01568627450980392
1 0.3889705882352941 0.11895424836601307 0.004411764705882353 0.01568627450980392
1 0.4036764705882353 0.11503267973856209 0.004411764705882353 0.01568627450980392
3 0.4 0.10718954248366012 0.022058823529411766 0.013071895424836602
1 0.425 0.13333333333333333 0.003676470588235294 0.018300653594771243
1 0.42867647058823527 0.13333333333333333 0.0029411764705882353 0.01699346405228758
3 0.4213235294117647 0.12156862745098039 0.010294117647058823 0.02091503267973856
3 0.42426470588235293 0.1111111111111111 0.009558823529411765 0.01437908496732026
3 0.4323529411764706 0.09934640522875816 0.008823529411764706 0.01568627450980392
1 0.40294117647058825 0.10065359477124183 0.0029411764705882353 0.011764705882352941
1 0.44191176470588234 0.09019607843137255 0.003676470588235294 0.011764705882352941
3 0.4441176470588235 0.05228758169934641 0.014705882352941176 0.01045751633986928
1 0.45294117647058824 0.21830065359477124 0.005147058823529412 0.01699346405228758
4 0.45294117647058824 0.2261437908496732 0.005147058823529412 0.01568627450980392
1 0.4852941176470588 0.0718954248366013 0.0029411764705882353 0.00784313725490196
2 0.48455882352941176 0.07450980392156863 0.0029411764705882353 0.00784313725490196
3 0.5441176470588235 0.11241830065359477 0.009558823529411765 0.01437908496732026
3 0.5419117647058823 0.10457516339869281 0.009558823529411765 0.01437908496732026
3 0.5433823529411764 0.09281045751633987 0.008088235294117648 0.01437908496732026
3 0.5404411764705882 0.08104575163398693 0.008088235294117648 0.013071895424836602
3 0.5397058823529411 0.07581699346405228 0.008088235294117648 0.01437908496732026
3 0.538235294117647 0.06535947712418301 0.008823529411764706 0.01437908496732026
3 0.538235294117647 0.058823529411764705 0.006617647058823529 0.01045751633986928
3 0.4823529411764706 0.06143790849673202 0.008088235294117648 0.01045751633986928
3 0.5198529411764706 0.06013071895424837 0.007352941176470588 0.011764705882352941
3 0.5073529411764706 0.04183006535947712 0.007352941176470588 0.009150326797385621
1 0.5522058823529412 0.15816993464052287 0.004411764705882353 0.018300653594771243
2 0.5522058823529412 0.16601307189542483 0.004411764705882353 0.01437908496732026
3 0.4345588235294118 0.06535947712418301 0.01838235294117647 0.01699346405228758
1 0.47205882352941175 0.13986928104575164 0.011764705882352941 0.01568627450980392
4 0.47941176470588237 0.1568627450980392 0.016176470588235296 0.022222222222222223
1 0.5308823529411765 0.0784313725490196 0.0029411764705882353 0.00784313725490196
4 0.5308823529411765 0.08235294117647059 0.0029411764705882353 0.00784313725490196
1 0.5323529411764706 0.05359477124183006 0.003676470588235294 0.006535947712418301
4 0.5323529411764706 0.05751633986928104 0.003676470588235294 0.00784313725490196
1 0.5330882352941176 0.08235294117647059 0.003676470588235294 0.006535947712418301
4 0.5330882352941176 0.08627450980392157 0.004411764705882353 0.006535947712418301
1 0.5316176470588235 0.0457516339869281 0.004411764705882353 0.00522875816993464
4 0.5316176470588235 0.04967320261437908 0.003676470588235294 0.006535947712418301
3 0.5161764705882353 0.05359477124183006 0.007352941176470588 0.013071895424836602
3 0.5235294117647059 0.05228758169934641 0.006617647058823529 0.011764705882352941
1 0.6786764705882353 0.5986928104575163 0.011029411764705883 0.047058823529411764
3 0.6772058823529412 0.43790849673202614 0.03308823529411765 0.044444444444444446
3 0.6933823529411764 0.48366013071895425 0.039705882352941174 0.05228758169934641
3 0.711764705882353 0.5411764705882353 0.04191176470588235 0.06013071895424837
3 0.6139705882352942 0.21830065359477124 0.02426470588235294 0.03398692810457516
3 0.6044117647058823 0.18169934640522875 0.019852941176470587 0.03137254901960784
3 0.5897058823529412 0.1450980392156863 0.019852941176470587 0.03137254901960784
3 0.575735294117647 0.10457516339869281 0.013970588235294118 0.01699346405228758
3 0.575 0.09019607843137255 0.010294117647058823 0.01568627450980392
3 0.5735294117647058 0.08235294117647059 0.010294117647058823 0.01568627450980392
3 0.5625 0.06666666666666667 0.007352941176470588 0.011764705882352941
3 0.5639705882352941 0.058823529411764705 0.007352941176470588 0.01437908496732026
3 0.5654411764705882 0.07973856209150326 0.011029411764705883 0.013071895424836602
3 0.9602941176470589 0.9450980392156862 0.039705882352941174 0.05359477124183006
3 0.8301470588235295 0.738562091503268 0.10808823529411765 0.08627450980392157
3 0.7536764705882353 0.7751633986928105 0.1 0.08627450980392157
3 0.85 0.6915032679738562 0.07205882352941176 0.05359477124183006
3 0.8102941176470588 0.6379084967320261 0.08970588235294118 0.06013071895424837
3 0.7948529411764705 0.5934640522875817 0.07867647058823529 0.05751633986928104
3 0.7904411764705882 0.5686274509803921 0.06985294117647059 0.0457516339869281
3 0.7808823529411765 0.5464052287581699 0.06397058823529411 0.032679738562091505
3 0.7764705882352941 0.5124183006535947 0.06102941176470588 0.03529411764705882
3 0.9544117647058824 0.5673202614379085 0.045588235294117645 0.05228758169934641
3 0.9470588235294117 0.530718954248366 0.052941176470588235 0.047058823529411764
3 0.9213235294117647 0.49411764705882355 0.07205882352941176 0.04967320261437908
3 0.9066176470588235 0.47581699346405226 0.07352941176470588 0.03790849673202614
3 0.9058823529411765 0.4745098039215686 0.07352941176470588 0.03790849673202614
3 0.8867647058823529 0.4549019607843137 0.06911764705882353 0.0392156862745098
3 0.8691176470588236 0.4287581699346405 0.0625 0.040522875816993466
3 0.861764705882353 0.40522875816993464 0.05808823529411765 0.036601307189542485
3 0.8485294117647059 0.38823529411764707 0.04852941176470588 0.03398692810457516
3 0.75 0.25882352941176473 0.04191176470588235 0.032679738562091505
3 0.7360294117647059 0.24313725490196078 0.041176470588235294 0.032679738562091505
3 0.7330882352941176 0.2326797385620915 0.04191176470588235 0.032679738562091505
3 0.7183823529411765 0.22091503267973855 0.04191176470588235 0.032679738562091505
3 0.7066176470588236 0.20915032679738563 0.041176470588235294 0.032679738562091505
3 0.7022058823529411 0.2 0.04191176470588235 0.032679738562091505
3 0.7051470588235295 0.19084967320261437 0.03823529411764706 0.036601307189542485
3 0.6926470588235294 0.17647058823529413 0.030882352941176472 0.02483660130718954
1 0.850735294117647 0.3137254901960784 0.006617647058823529 0.02875816993464052
1 0.8588235294117647 0.3045751633986928 0.008823529411764706 0.03137254901960784
1 0.9294117647058824 0.4130718954248366 0.006617647058823529 0.023529411764705882
4 0.8610294117647059 0.36993464052287583 0.028676470588235293 0.023529411764705882
4 0.861764705882353 0.36209150326797385 0.028676470588235293 0.02483660130718954
3 0.5617647058823529 0.047058823529411764 0.007352941176470588 0.01437908496732026
3 0.5566176470588236 0.044444444444444446 0.007352941176470588 0.01437908496732026
