48 0.07078124999999999 0.26066964285714284 0.36809375 0.7281026785714285
50 0.0074062500000000005 0.3164955357142857 0.37015625 0.6716741071428572
56 0.681875 0.1764732142857143 0.289890625 0.39294642857142853
56 0.703296875 0.46589285714285716 0.126828125 0.2258705357142857
56 0.574828125 0.4870535714285714 0.13340625 0.19060267857142857
56 0.48587499999999995 0.021183035714285713 0.34259375 0.43058035714285714
56 0.814828125 0.08763392857142857 0.08809375 0.12136160714285714
56 0.463890625 0.3614732142857143 0.098984375 0.10982142857142858
51 0.36684375 0.010758928571428572 0.61778125 0.7848437500000001
56 0.554953125 0.20417410714285714 0.164609375 0.30752232142857144
