25 0.0 0.17946078431372547 0.41534313725490196 0.3950326797385621
1 0.6613725490196078 0.21158496732026144 0.007532679738562092 0.01880718954248366
1 0.6921078431372549 0.20849673202614377 0.01019607843137255 0.027810457516339867
1 0.6397549019607842 0.21973856209150325 0.0090359477124183 0.01073529411764706
1 0.40990196078431373 0.49212418300653593 0.448202614379085 0.4977450980392157
1 0.8443137254901961 0.43697712418300655 0.15568627450980393 0.5611274509803922
1 0.44186274509803924 0.20058823529411765 0.007434640522875817 0.02049019607843137
1 0.7662418300653595 0.22013071895424838 0.00619281045751634 0.021699346405228758
1 0.7509967320261438 0.21467320261437908 0.008954248366013072 0.023316993464052287
1 0.6754084967320262 0.211781045751634 0.006013071895424837 0.012679738562091503
1 0.5423856209150327 0.2086111111111111 0.005506535947712419 0.019477124183006535
