1 0.16041666666666668 0.7166666666666667 0.011458333333333333 0.04814814814814815
4 0.17604166666666668 0.8055555555555556 0.03958333333333333 0.08148148148148149
3 0.17708333333333334 0.9185185185185185 0.08541666666666667 0.08148148148148149
3 0.20416666666666666 0.8407407407407408 0.059375 0.09814814814814815
3 0.26458333333333334 0.7351851851851852 0.04583333333333333 0.08703703703703704
3 0.36770833333333336 0.737037037037037 0.036458333333333336 0.09444444444444444
3 0.4 0.46296296296296297 0.013541666666666667 0.027777777777777776
3 0.3927083333333333 0.5685185185185185 0.025 0.04814814814814815
3 0.4197916666666667 0.47962962962962963 0.01875 0.03333333333333333
3 0.4322916666666667 0.4351851851851852 0.013541666666666667 0.02962962962962963
3 0.45208333333333334 0.3907407407407407 0.011458333333333333 0.016666666666666666
8 0.43854166666666666 0.37777777777777777 0.010416666666666666 0.025925925925925925
3 0.42291666666666666 0.37037037037037035 0.013541666666666667 0.018518518518518517
2 0.41354166666666664 0.4111111111111111 0.0125 0.020370370370370372
1 0.603125 0.5611111111111111 0.005208333333333333 0.027777777777777776
1 0.6052083333333333 0.5462962962962963 0.00625 0.02962962962962963
1 0.628125 0.5814814814814815 0.007291666666666667 0.025925925925925925
3 0.5208333333333334 0.5481481481481482 0.022916666666666665 0.03888888888888889
1 0.5677083333333334 0.39444444444444443 0.003125 0.016666666666666666
1 0.5635416666666667 0.4537037037037037 0.004166666666666667 0.022222222222222223
1 0.5572916666666666 0.45 0.005208333333333333 0.022222222222222223
3 0.571875 0.387037037037037 0.022916666666666665 0.014814814814814815
3 0.5322916666666667 0.3851851851851852 0.022916666666666665 0.016666666666666666
3 0.51875 0.37962962962962965 0.01875 0.012962962962962963
3 0.5041666666666667 0.37962962962962965 0.020833333333333332 0.018518518518518517
3 0.48020833333333335 0.37962962962962965 0.019791666666666666 0.012962962962962963
1 0.4947916666666667 0.37407407407407406 0.003125 0.014814814814814815
3 0.496875 0.3925925925925926 0.011458333333333333 0.018518518518518517
3 0.49166666666666664 0.3851851851851852 0.007291666666666667 0.012962962962962963
