10 0.22721874999999997 0.11435416666666667 0.015375 0.057979166666666665
10 0.25503125 0.0735625 0.012656249999999999 0.0435
10 0.226078125 0.049416666666666664 0.017343749999999998 0.0540625
11 0.376515625 0.26285416666666667 0.018562500000000003 0.04447916666666667
15 0.969140625 0.2838333333333333 0.030859375 0.0774375
10 0.12354687499999999 0.042749999999999996 0.016609375000000003 0.038125
10 0.118875 0.11420833333333333 0.019609375000000002 0.051791666666666666
10 0.1691875 0.0475 0.01209375 0.06447916666666667
10 0.17384375000000002 0.008041666666666666 0.02753125 0.03845833333333334
10 0.226453125 0.09627083333333333 0.013171875 0.023270833333333334
