6 0.25403125000000004 0.6715208333333333 0.2900625 0.17602083333333332
6 0.0 0.6381666666666667 0.199796875 0.11797916666666668
6 0.36025 0.5743958333333333 0.138546875 0.05591666666666666
6 0.5855 0.6091041666666667 0.179078125 0.04516666666666667
6 0.5644375 0.5740625 0.13543750000000002 0.0265625
6 0.67690625 0.5901666666666666 0.12915625 0.06116666666666667
6 0.5034375 0.5940624999999999 0.151203125 0.04410416666666667
6 0.18146875 0.548 0.087484375 0.04083333333333334
6 0.529015625 0.5488541666666666 0.100765625 0.039749999999999994
6 0.4274375 0.5475625 0.1 0.027770833333333335
6 0.7649375 0.568625 0.07615625000000001 0.06727083333333334
6 0.22784374999999998 0.572875 0.14215625 0.047
6 0.28504687500000003 0.5630208333333333 0.11187499999999999 0.016416666666666666
6 0.3078125 0.5166666666666667 0.4125 0.09375
