9 0.064046875 0.5011249999999999 0.812359375 0.07864583333333333
9 0.5130312499999999 0.24058333333333334 0.198515625 0.032125
9 0.001390625 0.26025 0.0713125 0.021979166666666668
1 0.276078125 0.4626458333333333 0.030515625 0.13816666666666666
1 0.37996875 0.44164583333333335 0.032609375 0.16102083333333334
1 0.470015625 0.4746875 0.0435625 0.1665
1 0.5111718749999999 0.47622916666666665 0.050328125 0.06177083333333333
1 0.620703125 0.5403125000000001 0.07025 0.13010416666666666
1 0.6578593749999999 0.46049999999999996 0.03678125 0.09229166666666666
1 0.716359375 0.47293749999999996 0.039015625 0.14583333333333334
9 0.7904375 0.2 0.048765625 0.016958333333333336
1 0.8038125 0.4673125 0.032296875 0.17475
1 0.8260781250000001 0.46935416666666663 0.02303125 0.14681249999999998
8 0.7854375 0.20208333333333334 0.06937499999999999 0.04283333333333333
27 0.7409687500000001 0.4985625 0.035390624999999995 0.0795625
31 0.814640625 0.4983333333333333 0.0255625 0.08764583333333334
27 0.815703125 0.4995 0.025234374999999996 0.07620833333333334
1 0.606421875 0.44483333333333336 0.045234375 0.1773125
33 0.5033593749999999 0.5037083333333333 0.047984375 0.07283333333333333
33 0.39473437499999997 0.5365 0.026359375 0.04283333333333333
33 0.377203125 0.5317708333333333 0.0074687500000000006 0.03227083333333333
1 0.49046874999999995 0.4670416666666667 0.0226875 0.04839583333333333
9 0.37071875 0.23972916666666666 0.105421875 0.03233333333333333
