8 0.1875 0.5843137254901961 0.09705882352941177 0.41568627450980394
2 0.18308823529411763 0.6169934640522876 0.029411764705882353 0.07320261437908497
1 0.18676470588235294 0.6196078431372549 0.020588235294117647 0.05359477124183006
2 0.16911764705882354 0.5555555555555556 0.023529411764705882 0.06405228758169934
1 0.175 0.5633986928104575 0.015441176470588236 0.04183006535947712
3 0.21470588235294116 0.5424836601307189 0.04411764705882353 0.07973856209150326
3 0.2698529411764706 0.48627450980392156 0.03823529411764706 0.06143790849673202
3 0.2536764705882353 0.42745098039215684 0.027941176470588237 0.0457516339869281
2 0.21176470588235294 0.5098039215686274 0.023529411764705882 0.048366013071895426
1 0.21764705882352942 0.515032679738562 0.013970588235294118 0.03529411764705882
6 0.2 0.39869281045751637 0.04191176470588235 0.10457516339869281
3 0.2338235294117647 0.36470588235294116 0.025735294117647058 0.0392156862745098
3 0.24191176470588235 0.3281045751633987 0.021323529411764706 0.03398692810457516
8 0.18161764705882352 0.2679738562091503 0.039705882352941174 0.13594771241830064
3 0.22941176470588234 0.2549019607843137 0.022794117647058822 0.027450980392156862
3 0.2286764705882353 0.20915032679738563 0.013235294117647059 0.02091503267973856
8 0.09338235294117647 0.3032679738562091 0.051470588235294115 0.12810457516339868
3 0.15514705882352942 0.2222222222222222 0.016911764705882352 0.0196078431372549
8 0.17279411764705882 0.18823529411764706 0.01838235294117647 0.030065359477124184
8 0.08529411764705883 0.16993464052287582 0.05073529411764706 0.0457516339869281
3 0.4985294117647059 0.5437908496732026 0.06764705882352941 0.07712418300653595
3 0.711764705882353 0.44313725490196076 0.04338235294117647 0.047058823529411764
1 0.3669117647058823 0.3568627450980392 0.011029411764705883 0.032679738562091505
3 0.35661764705882354 0.30718954248366015 0.01764705882352941 0.02875816993464052
3 0.34044117647058825 0.2823529411764706 0.03235294117647059 0.027450980392156862
3 0.3286764705882353 0.3150326797385621 0.027205882352941177 0.022222222222222223
3 0.33088235294117646 0.33202614379084966 0.023529411764705882 0.03529411764705882
