3 0.5007352941176471 0.3477124183006536 0.013970588235294118 0.023529411764705882
3 0.4801470588235294 0.3215686274509804 0.011764705882352941 0.026143790849673203
3 0.48823529411764705 0.28104575163398693 0.010294117647058823 0.018300653594771243
8 0.5477941176470589 0.21437908496732025 0.015441176470588236 0.0392156862745098
3 0.513235294117647 0.20915032679738563 0.006617647058823529 0.01045751633986928
3 0.49117647058823527 0.26143790849673204 0.008823529411764706 0.011764705882352941
3 0.6360294117647058 0.257516339869281 0.008823529411764706 0.01568627450980392
3 0.6080882352941176 0.24836601307189543 0.011029411764705883 0.013071895424836602
3 0.524264705882353 0.19215686274509805 0.007352941176470588 0.01699346405228758
8 0.65 0.21437908496732025 0.011764705882352941 0.02875816993464052
8 0.6375 0.21830065359477124 0.010294117647058823 0.026143790849673203
8 0.625 0.2222222222222222 0.010294117647058823 0.02091503267973856
3 0.6227941176470588 0.24052287581699347 0.008823529411764706 0.011764705882352941
3 0.6161764705882353 0.2457516339869281 0.008823529411764706 0.01045751633986928
