67 0.0 0.0 1.0 1.0
56 0.3776875 0.34177083333333336 0.2304375 0.25604166666666667
56 0.27735937499999996 0.3155 0.17315624999999998 0.19202083333333334
56 0.46775 0.07162500000000001 0.09678125 0.10241666666666666
56 0.91975 0.4108958333333333 0.08025 0.19714583333333333
56 0.213125 0.20104166666666667 0.04271875 0.06777083333333334
56 0.351171875 0.6470625 0.16412500000000002 0.17177083333333334
56 0.0 0.5247083333333333 0.07940625 0.1623541666666667
56 0.0229375 0.22116666666666665 0.12353125000000001 0.17177083333333334
50 0.0031718749999999998 0.23283333333333334 0.217390625 0.0439375
56 0.6539531249999999 0.32206250000000003 0.073359375 0.04852083333333333
