3 0.24779411764705883 0.8183006535947712 0.07941176470588235 0.18169934640522875
3 0.41323529411764703 0.11633986928104575 0.028676470588235293 0.06405228758169934
3 0.4588235294117647 0.030065359477124184 0.027205882352941177 0.036601307189542485
3 0.5125 0.10196078431372549 0.022794117647058822 0.058823529411764705
8 0.6316176470588235 0.37254901960784315 0.06911764705882353 0.1477124183006536
8 0.8161764705882353 0.3790849673202614 0.12352941176470589 0.1830065359477124
1 0.8860294117647058 0.5686274509803921 0.023529411764705882 0.07712418300653595
1 0.8264705882352941 0.4588235294117647 0.022058823529411766 0.06666666666666667
1 0.7220588235294118 0.06013071895424837 0.011029411764705883 0.03529411764705882
1 0.7485294117647059 0.00784313725490196 0.011029411764705883 0.03529411764705882
1 0.7977941176470589 0.5699346405228758 0.01911764705882353 0.05359477124183006
4 0.7985294117647059 0.5764705882352941 0.01911764705882353 0.06797385620915032
8 0.6683823529411764 0.1477124183006536 0.04485294117647059 0.058823529411764705
3 0.48676470588235293 0.0 0.020588235294117647 0.027450980392156862
1 0.6411764705882353 0.13725490196078433 0.009558823529411765 0.026143790849673203
1 0.6426470588235295 0.1477124183006536 0.008088235294117648 0.023529411764705882
4 0.6375 0.1450980392156863 0.013970588235294118 0.03137254901960784
3 0.15588235294117647 0.29934640522875816 0.051470588235294115 0.09411764705882353
3 0.0 0.3137254901960784 0.06323529411764706 0.07320261437908497
3 0.0 0.29411764705882354 0.08235294117647059 0.04967320261437908
3 0.014705882352941176 0.25098039215686274 0.08823529411764706 0.06013071895424837
3 0.025735294117647058 0.2169934640522876 0.09411764705882353 0.05751633986928104
3 0.045588235294117645 0.19477124183006536 0.08235294117647059 0.04967320261437908
3 0.0713235294117647 0.15816993464052287 0.08308823529411764 0.054901960784313725
4 0.1786764705882353 0.16470588235294117 0.029411764705882353 0.03529411764705882
1 0.05661764705882353 0.15163398692810456 0.013235294117647059 0.0457516339869281
1 0.07720588235294118 0.16732026143790849 0.007352941176470588 0.023529411764705882
1 0.07426470588235294 0.1503267973856209 0.011764705882352941 0.03137254901960784
3 0.01911764705882353 0.07973856209150326 0.057352941176470586 0.050980392156862744
3 0.17794117647058824 0.10065359477124183 0.05220588235294118 0.043137254901960784
3 0.26176470588235295 0.02091503267973856 0.025 0.044444444444444446
3 0.12279411764705882 0.07973856209150326 0.061764705882352944 0.0457516339869281
3 0.13014705882352942 0.05751633986928104 0.0625 0.047058823529411764
3 0.1610294117647059 0.027450980392156862 0.04485294117647059 0.036601307189542485
3 0.09705882352941177 0.0 0.054411764705882354 0.027450980392156862
4 0.05955882352941176 0.06013071895424837 0.025735294117647058 0.026143790849673203
3 0.28823529411764703 0.0 0.03235294117647059 0.01699346405228758
1 0.888235294117647 0.8954248366013072 0.026470588235294117 0.08627450980392157
