1 0.303125 0.9666666666666667 0.013541666666666667 0.03333333333333333
6 0.09791666666666667 0.7407407407407407 0.10104166666666667 0.22962962962962963
3 0.209375 0.8574074074074074 0.03958333333333333 0.09074074074074075
3 0.23229166666666667 0.7777777777777778 0.035416666666666666 0.07592592592592592
3 0.184375 0.7018518518518518 0.03333333333333333 0.05925925925925926
2 0.2833333333333333 0.6685185185185185 0.015625 0.040740740740740744
1 0.284375 0.6759259259259259 0.008333333333333333 0.022222222222222223
3 0.27708333333333335 0.5574074074074075 0.021875 0.037037037037037035
3 0.271875 0.5018518518518519 0.020833333333333332 0.037037037037037035
3 0.35208333333333336 0.3907407407407407 0.011458333333333333 0.020370370370370372
3 0.34791666666666665 0.36666666666666664 0.011458333333333333 0.018518518518518517
3 0.309375 0.40925925925925927 0.013541666666666667 0.027777777777777776
3 0.428125 0.6370370370370371 0.01875 0.040740740740740744
1 0.4322916666666667 0.6925925925925925 0.005208333333333333 0.020370370370370372
1 0.440625 0.6981481481481482 0.00625 0.022222222222222223
4 0.4395833333333333 0.7037037037037037 0.009375 0.024074074074074074
4 0.43125 0.7 0.008333333333333333 0.022222222222222223
1 0.4239583333333333 0.6425925925925926 0.005208333333333333 0.024074074074074074
3 0.42604166666666665 0.5925925925925926 0.016666666666666666 0.03333333333333333
1 0.4041666666666667 0.575925925925926 0.005208333333333333 0.018518518518518517
4 0.403125 0.5796296296296296 0.00625 0.022222222222222223
1 0.475 0.48148148148148145 0.004166666666666667 0.018518518518518517
3 0.390625 0.4462962962962963 0.011458333333333333 0.022222222222222223
3 0.4083333333333333 0.40185185185185185 0.011458333333333333 0.018518518518518517
3 0.409375 0.2962962962962963 0.007291666666666667 0.009259259259259259
3 0.4125 0.2759259259259259 0.007291666666666667 0.009259259259259259
8 0.42083333333333334 0.2796296296296296 0.007291666666666667 0.011111111111111112
1 0.20833333333333334 0.5851851851851851 0.005208333333333333 0.024074074074074074
2 0.19791666666666666 0.6129629629629629 0.026041666666666668 0.022222222222222223
2 0.19895833333333332 0.6222222222222222 0.023958333333333335 0.020370370370370372
2 0.19479166666666667 0.6277777777777778 0.027083333333333334 0.024074074074074074
1 0.965625 0.8537037037037037 0.011458333333333333 0.03518518518518519
1 0.9708333333333333 0.85 0.007291666666666667 0.03518518518518519
2 0.4822916666666667 0.524074074074074 0.009375 0.025925925925925925
2 0.42916666666666664 0.5166666666666667 0.011458333333333333 0.025925925925925925
1 0.4375 0.5574074074074075 0.005208333333333333 0.020370370370370372
1 0.453125 0.32592592592592595 0.0020833333333333333 0.011111111111111112
