2 0.26544117647058824 0.792156862745098 0.09264705882352942 0.07320261437908497
1 0.08088235294117647 0.9032679738562092 0.028676470588235293 0.054901960784313725
1 0.06397058823529411 0.9163398692810457 0.01838235294117647 0.050980392156862744
1 0.05073529411764706 0.9568627450980393 0.01911764705882353 0.03790849673202614
1 0.016911764705882352 0.934640522875817 0.025735294117647058 0.04967320261437908
1 0.19926470588235295 0.534640522875817 0.01838235294117647 0.06666666666666667
1 0.0014705882352941176 0.6183006535947713 0.020588235294117647 0.07973856209150326
1 0.14779411764705883 0.4666666666666667 0.01838235294117647 0.06535947712418301
1 0.010294117647058823 0.526797385620915 0.020588235294117647 0.07581699346405228
1 0.08823529411764706 0.39477124183006534 0.01764705882352941 0.06143790849673202
1 0.03455882352941177 0.38300653594771245 0.015441176470588236 0.05751633986928104
1 0.17279411764705882 0.3437908496732026 0.01838235294117647 0.058823529411764705
1 0.12794117647058822 0.3503267973856209 0.016911764705882352 0.058823529411764705
1 0.30808823529411766 0.3660130718954248 0.016176470588235296 0.054901960784313725
1 0.31470588235294117 0.3738562091503268 0.008088235294117648 0.02483660130718954
1 0.3235294117647059 0.6392156862745098 0.019852941176470587 0.06666666666666667
1 0.28308823529411764 0.796078431372549 0.01764705882352941 0.06928104575163399
4 0.7830882352941176 0.6352941176470588 0.027941176470588237 0.05751633986928104
1 0.9727941176470588 0.6104575163398693 0.01911764705882353 0.06143790849673202
1 0.8477941176470588 0.4797385620915033 0.011764705882352941 0.047058823529411764
1 0.6294117647058823 0.5294117647058824 0.01764705882352941 0.07058823529411765
1 0.5889705882352941 0.5764705882352941 0.01911764705882353 0.06405228758169934
2 0.5698529411764706 0.7241830065359477 0.01911764705882353 0.07712418300653595
1 0.5544117647058824 0.6640522875816993 0.026470588235294117 0.07058823529411765
1 0.5507352941176471 0.6535947712418301 0.026470588235294117 0.054901960784313725
1 0.5580882352941177 0.6013071895424836 0.01764705882352941 0.058823529411764705
1 0.5191176470588236 0.5516339869281046 0.016911764705882352 0.06928104575163399
1 0.5404411764705882 0.5660130718954248 0.01764705882352941 0.05620915032679739
1 0.5514705882352942 0.5189542483660131 0.014705882352941176 0.06797385620915032
1 0.5713235294117647 0.5294117647058824 0.016176470588235296 0.06928104575163399
1 0.5941176470588235 0.3934640522875817 0.013235294117647059 0.054901960784313725
1 0.7551470588235294 0.5176470588235295 0.01911764705882353 0.04967320261437908
1 0.7455882352941177 0.5058823529411764 0.02426470588235294 0.050980392156862744
1 0.7330882352941176 0.4954248366013072 0.01911764705882353 0.040522875816993466
4 0.6757352941176471 0.4091503267973856 0.021323529411764706 0.03790849673202614
4 0.6911764705882353 0.3568627450980392 0.019852941176470587 0.040522875816993466
1 0.6691176470588235 0.3516339869281046 0.015441176470588236 0.03790849673202614
1 0.5669117647058823 0.28104575163398693 0.009558823529411765 0.03398692810457516
1 0.5852941176470589 0.28627450980392155 0.009558823529411765 0.03137254901960784
1 0.6132352941176471 0.29150326797385623 0.009558823529411765 0.03529411764705882
1 0.6036764705882353 0.2875816993464052 0.011764705882352941 0.036601307189542485
1 0.6022058823529411 0.2797385620915033 0.011029411764705883 0.032679738562091505
1 0.47058823529411764 0.3411764705882353 0.014705882352941176 0.048366013071895426
1 0.4948529411764706 0.3045751633986928 0.010294117647058823 0.048366013071895426
1 0.39558823529411763 0.3137254901960784 0.016176470588235296 0.044444444444444446
1 0.43823529411764706 0.29934640522875816 0.015441176470588236 0.05359477124183006
1 0.4308823529411765 0.3045751633986928 0.008823529411764706 0.044444444444444446
1 0.4727941176470588 0.2980392156862745 0.011029411764705883 0.044444444444444446
1 0.47058823529411764 0.28627450980392155 0.010294117647058823 0.047058823529411764
1 0.4625 0.29150326797385623 0.011029411764705883 0.04183006535947712
1 0.47941176470588237 0.27058823529411763 0.008823529411764706 0.043137254901960784
1 0.4588235294117647 0.265359477124183 0.011764705882352941 0.040522875816993466
1 0.4455882352941177 0.269281045751634 0.008823529411764706 0.0457516339869281
1 0.4360294117647059 0.2718954248366013 0.009558823529411765 0.0392156862745098
4 0.31470588235294117 0.2784313725490196 0.010294117647058823 0.03398692810457516
