3 0.2484375 0.15833333333333333 0.0109375 0.009259259259259259
3 0.26458333333333334 0.16296296296296298 0.008854166666666666 0.007407407407407408
3 0.27708333333333335 0.1638888888888889 0.0109375 0.008333333333333333
3 0.290625 0.16574074074074074 0.011458333333333333 0.006481481481481481
3 0.30416666666666664 0.16574074074074074 0.0109375 0.008333333333333333
3 0.3302083333333333 0.16666666666666666 0.010416666666666666 0.008333333333333333
3 0.34322916666666664 0.16666666666666666 0.011458333333333333 0.009259259259259259
3 0.3572916666666667 0.1675925925925926 0.009895833333333333 0.008333333333333333
3 0.3703125 0.1685185185185185 0.010416666666666666 0.006481481481481481
3 0.37447916666666664 0.1638888888888889 0.010416666666666666 0.008333333333333333
3 0.3828125 0.16944444444444445 0.008333333333333333 0.008333333333333333
3 0.39375 0.1712962962962963 0.010416666666666666 0.006481481481481481
3 0.3953125 0.1648148148148148 0.011458333333333333 0.008333333333333333
3 0.40729166666666666 0.17037037037037037 0.009895833333333333 0.008333333333333333
3 0.4197916666666667 0.1685185185185185 0.009375 0.009259259259259259
3 0.4322916666666667 0.1712962962962963 0.009895833333333333 0.006481481481481481
3 0.4348958333333333 0.1648148148148148 0.011458333333333333 0.008333333333333333
3 0.4473958333333333 0.17222222222222222 0.009375 0.005555555555555556
3 0.45989583333333334 0.17222222222222222 0.008854166666666666 0.008333333333333333
3 0.46875 0.1675925925925926 0.009895833333333333 0.007407407407407408
3 0.4822916666666667 0.17222222222222222 0.009895833333333333 0.008333333333333333
3 0.496875 0.1712962962962963 0.008333333333333333 0.008333333333333333
3 0.5390625 0.1712962962962963 0.008333333333333333 0.008333333333333333
3 0.2859375 0.27685185185185185 0.0234375 0.016666666666666666
3 0.3140625 0.2824074074074074 0.019791666666666666 0.01574074074074074
3 0.3421875 0.28888888888888886 0.022395833333333334 0.01574074074074074
3 0.39895833333333336 0.2972222222222222 0.022395833333333334 0.018518518518518517
3 0.4296875 0.30462962962962964 0.019270833333333334 0.01574074074074074
3 0.43802083333333336 0.27037037037037037 0.019270833333333334 0.013888888888888888
3 0.28125 0.2722222222222222 0.018229166666666668 0.014814814814814815
3 0.30364583333333334 0.2759259259259259 0.017708333333333333 0.01574074074074074
3 0.33229166666666665 0.2824074074074074 0.0171875 0.014814814814814815
3 0.359375 0.2833333333333333 0.0171875 0.017592592592592594
3 0.38333333333333336 0.287962962962963 0.01875 0.014814814814814815
3 0.4119791666666667 0.2916666666666667 0.016145833333333335 0.01574074074074074
3 0.42135416666666664 0.2898148148148148 0.0171875 0.013888888888888888
3 0.446875 0.2916666666666667 0.021354166666666667 0.018518518518518517
3 0.3572916666666667 0.27314814814814814 0.020833333333333332 0.018518518518518517
3 0.4354166666666667 0.2916666666666667 0.022916666666666665 0.020370370370370372
3 0.28229166666666666 0.2611111111111111 0.022395833333333334 0.017592592592592594
3 0.30104166666666665 0.27037037037037037 0.0171875 0.012962962962962963
3 0.30885416666666665 0.26851851851851855 0.017708333333333333 0.013888888888888888
3 0.32760416666666664 0.27037037037037037 0.019791666666666666 0.014814814814814815
3 0.33229166666666665 0.275 0.0203125 0.01574074074074074
3 0.371875 0.2916666666666667 0.022395833333333334 0.019444444444444445
3 0.3963541666666667 0.2916666666666667 0.021875 0.016666666666666666
8 0.3885416666666667 0.27314814814814814 0.028645833333333332 0.023148148148148147
3 0.378125 0.325 0.0140625 0.019444444444444445
3 0.0078125 0.5435185185185185 0.05572916666666667 0.040740740740740744
3 0.0010416666666666667 0.5814814814814815 0.058854166666666666 0.05277777777777778
3 0.0265625 0.6231481481481481 0.05572916666666667 0.05185185185185185
3 0.18333333333333332 0.8583333333333333 0.07291666666666667 0.08055555555555556
3 0.11927083333333334 0.7175925925925926 0.06666666666666667 0.06111111111111111
3 0.028125 0.7833333333333333 0.0703125 0.06666666666666667
3 0.1171875 0.8296296296296296 0.06875 0.08425925925925926
3 0.15208333333333332 0.7462962962962963 0.06510416666666667 0.06666666666666667
3 0.1875 0.675 0.05677083333333333 0.05092592592592592
3 0.20104166666666667 0.5444444444444444 0.041666666666666664 0.041666666666666664
3 0.17604166666666668 0.5101851851851852 0.043229166666666666 0.03888888888888889
3 0.3828125 0.7157407407407408 0.05260416666666667 0.06018518518518518
3 0.32395833333333335 0.6675925925925926 0.049479166666666664 0.05277777777777778
3 0.290625 0.5953703703703703 0.04791666666666667 0.04722222222222222
3 0.34375 0.5694444444444444 0.03854166666666667 0.037037037037037035
3 0.3484375 0.662962962962963 0.07083333333333333 0.08888888888888889
3 0.2604166666666667 0.6240740740740741 0.040625 0.053703703703703705
8 0.3489583333333333 0.39166666666666666 0.057291666666666664 0.07222222222222222
8 0.44375 0.36574074074074076 0.04895833333333333 0.06574074074074074
8 0.540625 0.3212962962962963 0.0375 0.05462962962962963
8 0.49375 0.3490740740740741 0.0375 0.03333333333333333
8 0.9260416666666667 0.3592592592592593 0.0328125 0.023148148148148147
3 0.38177083333333334 0.5361111111111111 0.0359375 0.03888888888888889
3 0.425 0.5111111111111111 0.03333333333333333 0.03333333333333333
3 0.4609375 0.5472222222222223 0.034375 0.040740740740740744
3 0.49114583333333334 0.6111111111111112 0.042708333333333334 0.04351851851851852
3 0.5296875 0.5305555555555556 0.030208333333333334 0.032407407407407406
3 0.5859375 0.5203703703703704 0.0296875 0.032407407407407406
3 0.6114583333333333 0.4648148148148148 0.023958333333333335 0.027777777777777776
3 0.5286458333333334 0.44166666666666665 0.022916666666666665 0.025925925925925925
3 0.5822916666666667 0.3962962962962963 0.0203125 0.023148148148148147
3 0.43385416666666665 0.3768518518518518 0.022916666666666665 0.022222222222222223
3 0.5286458333333334 0.3296296296296296 0.015625 0.018518518518518517
3 0.48020833333333335 0.46944444444444444 0.027604166666666666 0.026851851851851852
3 0.5666666666666667 0.3101851851851852 0.015625 0.017592592592592594
3 0.5921875 0.31296296296296294 0.015625 0.014814814814814815
3 0.6270833333333333 0.2814814814814815 0.013020833333333334 0.01574074074074074
3 0.6369791666666667 0.2861111111111111 0.013020833333333334 0.01574074074074074
3 0.4546875 0.4888888888888889 0.030208333333333334 0.028703703703703703
3 0.4979166666666667 0.49074074074074076 0.028125 0.02962962962962963
3 0.5083333333333333 0.4537037037037037 0.025 0.027777777777777776
3 0.5463541666666667 0.425 0.022395833333333334 0.023148148148148147
3 0.5541666666666667 0.4759259259259259 0.025 0.026851851851851852
3 0.5776041666666667 0.4787037037037037 0.0265625 0.032407407407407406
3 0.6307291666666667 0.4388888888888889 0.021354166666666667 0.023148148148148147
3 0.6161458333333333 0.42407407407407405 0.0203125 0.025
3 0.5671875 0.40925925925925927 0.0234375 0.025
3 0.6005208333333333 0.3851851851851852 0.019270833333333334 0.020370370370370372
1 0.5869791666666667 0.35648148148148145 0.0046875 0.01574074074074074
1 0.5890625 0.35555555555555557 0.003125 0.016666666666666666
3 0.4375 0.39166666666666666 0.022395833333333334 0.023148148148148147
4 0.46979166666666666 0.31851851851851853 0.0078125 0.011111111111111112
1 0.4713541666666667 0.31574074074074077 0.0046875 0.013888888888888888
4 0.5505208333333333 0.2972222222222222 0.0067708333333333336 0.010185185185185186
1 0.5505208333333333 0.2935185185185185 0.005729166666666666 0.012037037037037037
3 0.565625 0.43703703703703706 0.023958333333333335 0.025
3 0.5989583333333334 0.29259259259259257 0.015625 0.019444444444444445
3 0.6182291666666667 0.3111111111111111 0.0140625 0.01574074074074074
3 0.640625 0.29907407407407405 0.0140625 0.01574074074074074
3 0.6473958333333333 0.37037037037037035 0.016145833333333335 0.017592592592592594
3 0.6671875 0.3768518518518518 0.016666666666666666 0.020370370370370372
3 0.7026041666666667 0.37222222222222223 0.015625 0.019444444444444445
3 0.6921875 0.3592592592592593 0.015104166666666667 0.01574074074074074
3 0.7302083333333333 0.3509259259259259 0.0140625 0.017592592592592594
3 0.6973958333333333 0.33055555555555555 0.0140625 0.021296296296296296
3 0.7463541666666667 0.31296296296296294 0.011979166666666667 0.013888888888888888
3 0.6578125 0.27685185185185185 0.0125 0.012962962962962963
3 0.6463541666666667 0.275 0.011979166666666667 0.012962962962962963
3 0.6770833333333334 0.27870370370370373 0.011979166666666667 0.012962962962962963
3 0.6854166666666667 0.262037037037037 0.010416666666666666 0.012037037037037037
3 0.6869791666666667 0.24722222222222223 0.009895833333333333 0.011111111111111112
3 0.7161458333333334 0.2462962962962963 0.009895833333333333 0.010185185185185186
3 0.7140625 0.2574074074074074 0.009375 0.011111111111111112
3 0.7 0.2759259259259259 0.0109375 0.013888888888888888
3 0.7109375 0.27037037037037037 0.0109375 0.012962962962962963
3 0.71875 0.2657407407407407 0.0078125 0.012962962962962963
3 0.7260416666666667 0.262037037037037 0.008333333333333333 0.011111111111111112
3 0.7307291666666667 0.25833333333333336 0.008854166666666666 0.012962962962962963
3 0.7385416666666667 0.25277777777777777 0.008333333333333333 0.012962962962962963
3 0.7442708333333333 0.25 0.008854166666666666 0.012962962962962963
3 0.75 0.24444444444444444 0.010416666666666666 0.011111111111111112
3 0.690625 0.2759259259259259 0.013541666666666667 0.017592592592592594
8 0.7125 0.30462962962962964 0.01875 0.03148148148148148
3 0.7671875 0.2953703703703704 0.011458333333333333 0.01574074074074074
3 0.7578125 0.28888888888888886 0.009895833333333333 0.012037037037037037
3 0.7963541666666667 0.29444444444444445 0.010416666666666666 0.01574074074074074
3 0.8114583333333333 0.275 0.009375 0.011111111111111112
3 0.8020833333333334 0.26481481481481484 0.009375 0.013888888888888888
3 0.7807291666666667 0.2675925925925926 0.010416666666666666 0.012037037037037037
3 0.8130208333333333 0.24259259259259258 0.008854166666666666 0.011111111111111112
3 0.8239583333333333 0.25 0.0078125 0.010185185185185186
3 0.8177083333333334 0.25833333333333336 0.0078125 0.010185185185185186
3 0.834375 0.2388888888888889 0.007291666666666667 0.010185185185185186
3 0.8427083333333333 0.23055555555555557 0.0067708333333333336 0.009259259259259259
3 0.859375 0.2175925925925926 0.005729166666666666 0.008333333333333333
3 0.8604166666666667 0.21203703703703702 0.005208333333333333 0.008333333333333333
3 0.8682291666666667 0.20833333333333334 0.005208333333333333 0.008333333333333333
3 0.8817708333333333 0.19814814814814816 0.004166666666666667 0.007407407407407408
3 0.8697916666666666 0.19722222222222222 0.005208333333333333 0.006481481481481481
3 0.865625 0.20277777777777778 0.005729166666666666 0.009259259259259259
3 0.8588541666666667 0.2064814814814815 0.00625 0.008333333333333333
3 0.8552083333333333 0.2 0.005729166666666666 0.009259259259259259
3 0.8484375 0.20833333333333334 0.005729166666666666 0.007407407407407408
3 0.8395833333333333 0.2222222222222222 0.0067708333333333336 0.009259259259259259
3 0.8182291666666667 0.2962962962962963 0.010416666666666666 0.012037037037037037
3 0.9145833333333333 0.37962962962962965 0.030208333333333334 0.018518518518518517
3 0.8572916666666667 0.3527777777777778 0.026041666666666668 0.018518518518518517
3 0.8567708333333334 0.34444444444444444 0.024479166666666666 0.014814814814814815
3 0.8729166666666667 0.34074074074074073 0.023958333333333335 0.014814814814814815
3 0.89375 0.35833333333333334 0.018229166666666668 0.016666666666666666
3 0.8916666666666667 0.3509259259259259 0.01875 0.01574074074074074
3 0.9005208333333333 0.3490740740740741 0.021354166666666667 0.01574074074074074
3 0.909375 0.3527777777777778 0.026041666666666668 0.020370370370370372
3 0.9390625 0.35648148148148145 0.025520833333333333 0.01574074074074074
3 0.9442708333333333 0.36203703703703705 0.029166666666666667 0.016666666666666666
3 0.9588541666666667 0.36666666666666664 0.024479166666666666 0.01574074074074074
3 0.984375 0.36666666666666664 0.015625 0.016666666666666666
3 0.975 0.36203703703703705 0.024479166666666666 0.01574074074074074
