2 0.0007352941176470588 0.8928104575163399 0.0375 0.07450980392156863
3 0.28823529411764703 0.7947712418300653 0.07720588235294118 0.19477124183006536
3 0.46838235294117647 0.657516339869281 0.07426470588235294 0.11895424836601307
1 0.2676470588235294 0.6535947712418301 0.020588235294117647 0.06666666666666667
2 0.26544117647058824 0.6849673202614379 0.022058823529411766 0.06013071895424837
1 0.09191176470588236 0.6784313725490196 0.016176470588235296 0.05751633986928104
2 0.07794117647058824 0.7019607843137254 0.041176470588235294 0.07450980392156863
1 0.8676470588235294 0.8091503267973856 0.016176470588235296 0.06013071895424837
1 0.775 0.7503267973856209 0.01911764705882353 0.07058823529411765
2 0.7727941176470589 0.7699346405228759 0.01838235294117647 0.07058823529411765
1 0.9720588235294118 0.7032679738562092 0.009558823529411765 0.06274509803921569
1 0.9536764705882353 0.6758169934640523 0.01838235294117647 0.06143790849673202
1 0.975735294117647 0.6862745098039216 0.01838235294117647 0.07712418300653595
1 0.8294117647058824 0.6444444444444445 0.016911764705882352 0.044444444444444446
4 0.8066176470588236 0.615686274509804 0.03455882352941177 0.0457516339869281
3 0.7477941176470588 0.5738562091503268 0.07426470588235294 0.08235294117647059
1 0.6691176470588235 0.5908496732026144 0.010294117647058823 0.030065359477124184
1 0.65 0.4888888888888889 0.015441176470588236 0.03398692810457516
4 0.649264705882353 0.4980392156862745 0.016911764705882352 0.032679738562091505
6 0.11544117647058824 0.40522875816993464 0.08602941176470588 0.134640522875817
3 0.1698529411764706 0.3712418300653595 0.05073529411764706 0.04183006535947712
3 0.08308823529411764 0.3150326797385621 0.04264705882352941 0.03529411764705882
3 0.2125 0.3202614379084967 0.05 0.03790849673202614
3 0.2786764705882353 0.30718954248366015 0.025 0.03137254901960784
3 0.5279411764705882 0.3542483660130719 0.023529411764705882 0.0392156862745098
1 0.5066176470588235 0.33986928104575165 0.0058823529411764705 0.0196078431372549
4 0.5066176470588235 0.34901960784313724 0.0058823529411764705 0.026143790849673203
1 0.6220588235294118 0.4326797385620915 0.008088235294117648 0.036601307189542485
2 0.6220588235294118 0.44836601307189544 0.006617647058823529 0.027450980392156862
1 0.6360294117647058 0.4300653594771242 0.007352941176470588 0.04183006535947712
1 0.6455882352941177 0.43137254901960786 0.006617647058823529 0.0392156862745098
3 0.6882352941176471 0.5006535947712418 0.060294117647058824 0.06928104575163399
2 0.7110294117647059 0.4666666666666667 0.04191176470588235 0.04183006535947712
2 0.674264705882353 0.46405228758169936 0.03529411764705882 0.0457516339869281
4 0.6977941176470588 0.4287581699346405 0.021323529411764706 0.02483660130718954
3 0.6544117647058824 0.43137254901960786 0.03529411764705882 0.0457516339869281
3 0.6338235294117647 0.39215686274509803 0.029411764705882353 0.040522875816993466
3 0.6161764705882353 0.35947712418300654 0.03161764705882353 0.044444444444444446
4 0.6529411764705882 0.3568627450980392 0.021323529411764706 0.023529411764705882
3 0.6110294117647059 0.32287581699346407 0.022058823529411766 0.04183006535947712
1 0.6463235294117647 0.2784313725490196 0.0058823529411764705 0.032679738562091505
1 0.6551470588235294 0.28888888888888886 0.006617647058823529 0.01568627450980392
2 0.6154411764705883 0.3084967320261438 0.01838235294117647 0.01437908496732026
3 0.5919117647058824 0.2980392156862745 0.01911764705882353 0.03529411764705882
2 0.5875 0.2797385620915033 0.013235294117647059 0.02483660130718954
3 0.43014705882352944 0.2875816993464052 0.01911764705882353 0.03137254901960784
3 0.4235294117647059 0.2522875816993464 0.016911764705882352 0.02483660130718954
3 0.5073529411764706 0.27712418300653596 0.01838235294117647 0.026143790849673203
3 0.5036764705882353 0.2496732026143791 0.016176470588235296 0.027450980392156862
3 0.46691176470588236 0.22745098039215686 0.013235294117647059 0.02091503267973856
3 0.41323529411764703 0.2 0.011764705882352941 0.01568627450980392
1 0.4183823529411765 0.18823529411764706 0.003676470588235294 0.01568627450980392
3 0.4198529411764706 0.17908496732026144 0.008823529411764706 0.01699346405228758
3 0.42720588235294116 0.16209150326797386 0.013235294117647059 0.01437908496732026
3 0.4338235294117647 0.1503267973856209 0.008823529411764706 0.013071895424836602
2 0.48455882352941176 0.2196078431372549 0.003676470588235294 0.01045751633986928
1 0.4963235294117647 0.2196078431372549 0.003676470588235294 0.01699346405228758
4 0.4948529411764706 0.22875816993464052 0.006617647058823529 0.01045751633986928
3 0.5044117647058823 0.22483660130718955 0.011764705882352941 0.022222222222222223
1 0.5161764705882353 0.22091503267973855 0.0029411764705882353 0.018300653594771243
1 0.4889705882352941 0.20522875816993463 0.004411764705882353 0.01437908496732026
2 0.4889705882352941 0.2130718954248366 0.003676470588235294 0.011764705882352941
1 0.48455882352941176 0.21176470588235294 0.0029411764705882353 0.013071895424836602
3 0.4985294117647059 0.19607843137254902 0.010294117647058823 0.01568627450980392
1 0.4485294117647059 0.1542483660130719 0.0029411764705882353 0.013071895424836602
2 0.44632352941176473 0.1607843137254902 0.0058823529411764705 0.01437908496732026
1 0.4904411764705882 0.16993464052287582 0.0029411764705882353 0.01437908496732026
3 0.4933823529411765 0.16732026143790849 0.007352941176470588 0.011764705882352941
3 0.4588235294117647 0.15294117647058825 0.013235294117647059 0.013071895424836602
3 0.48161764705882354 0.15163398692810456 0.007352941176470588 0.013071895424836602
3 0.48676470588235293 0.1411764705882353 0.0058823529411764705 0.01045751633986928
3 0.4713235294117647 0.1450980392156863 0.006617647058823529 0.009150326797385621
3 0.4727941176470588 0.13986928104575164 0.006617647058823529 0.01045751633986928
3 0.47205882352941175 0.134640522875817 0.0058823529411764705 0.009150326797385621
3 0.45441176470588235 0.12156862745098039 0.011029411764705883 0.009150326797385621
8 0.47205882352941175 0.12941176470588237 0.0058823529411764705 0.009150326797385621
3 0.47205882352941175 0.12549019607843137 0.005147058823529412 0.00784313725490196
3 0.48161764705882354 0.12026143790849673 0.0058823529411764705 0.009150326797385621
3 0.475 0.11503267973856209 0.004411764705882353 0.00784313725490196
3 0.3610294117647059 0.18169934640522875 0.016911764705882352 0.01699346405228758
3 0.3801470588235294 0.1803921568627451 0.011029411764705883 0.01568627450980392
3 0.37426470588235294 0.1934640522875817 0.011764705882352941 0.01568627450980392
3 0.3639705882352941 0.20130718954248367 0.0125 0.01699346405228758
3 0.33088235294117646 0.19477124183006536 0.01764705882352941 0.01699346405228758
3 0.3205882352941177 0.2196078431372549 0.026470588235294117 0.018300653594771243
3 0.3191176470588235 0.2601307189542484 0.01838235294117647 0.022222222222222223
3 0.30661764705882355 0.25098039215686274 0.03602941176470588 0.022222222222222223
3 0.3301470588235294 0.24183006535947713 0.016911764705882352 0.01699346405228758
3 0.5764705882352941 0.269281045751634 0.016176470588235296 0.027450980392156862
3 0.5691176470588235 0.25098039215686274 0.0125 0.026143790849673203
3 0.5602941176470588 0.22875816993464052 0.023529411764705882 0.0196078431372549
3 0.5536764705882353 0.2196078431372549 0.011029411764705883 0.01568627450980392
3 0.5330882352941176 0.18562091503267975 0.011764705882352941 0.01568627450980392
3 0.5257352941176471 0.17254901960784313 0.0125 0.013071895424836602
