44 0.19390625 0.34735362997658076 0.023984375 0.06967213114754098
44 0.17559375 0.3544496487119438 0.0215 0.06259953161592506
38 0.9219843750000001 0.3976814988290398 0.07768749999999999 0.085807962529274
38 0.343609375 0.0005152224824355972 0.064203125 0.19531615925058549
1 0.481703125 0.3556908665105386 0.21006249999999999 0.6433957845433256
1 0.1454375 0.18201405152224825 0.17390624999999998 0.7550585480093678
27 0.309578125 0.354519906323185 0.019109375 0.026510538641686184
1 0.12546875 0.2301639344262295 0.06704687499999999 0.3453864168618267
1 0.0 0.4110304449648712 0.09165625 0.5788290398126463
1 0.0 0.19409836065573768 0.156015625 0.7227634660421546
1 0.42921875 0.2971662763466042 0.05475 0.1360655737704918
1 0.49837499999999996 0.3058313817330211 0.041765625 0.07238875878220141
1 0.589265625 0.3059016393442623 0.06953125 0.16217798594847777
1 0.952421875 0.31585480093676815 0.039734375 0.0935831381733021
1 0.722453125 0.3827868852459016 0.0745625 0.07220140515222483
38 0.218515625 0.30749414519906326 0.1343125 0.297096018735363
1 0.648171875 0.34002341920374707 0.0208125 0.06236533957845433
1 0.26015625 0.27276346604215457 0.1143125 0.5692037470725996
1 0.78534375 0.2871896955503513 0.0548125 0.16782201405152225
1 0.1109375 0.19672131147540983 0.859375 0.2810304449648712
