3 0.45 0.6169934640522876 0.04485294117647059 0.1084967320261438
3 0.4522058823529412 0.4823529411764706 0.03161764705882353 0.06666666666666667
3 0.4588235294117647 0.3895424836601307 0.026470588235294117 0.06013071895424837
3 0.4625 0.3411764705882353 0.01911764705882353 0.047058823529411764
3 0.4588235294117647 0.3150326797385621 0.020588235294117647 0.0392156862745098
3 0.4323529411764706 0.2823529411764706 0.016176470588235296 0.026143790849673203
3 0.5176470588235295 0.2758169934640523 0.016176470588235296 0.023529411764705882
3 0.46544117647058825 0.19869281045751633 0.010294117647058823 0.01699346405228758
3 0.48161764705882354 0.1869281045751634 0.007352941176470588 0.013071895424836602
3 0.4808823529411765 0.17124183006535948 0.004411764705882353 0.00784313725490196
3 0.46544117647058825 0.16862745098039217 0.007352941176470588 0.00784313725490196
3 0.49264705882352944 0.2235294117647059 0.011029411764705883 0.018300653594771243
3 0.4801470588235294 0.1568627450980392 0.005147058823529412 0.009150326797385621
3 0.4404411764705882 0.19084967320261437 0.007352941176470588 0.013071895424836602
3 0.4426470588235294 0.17777777777777778 0.011029411764705883 0.009150326797385621
3 0.44632352941176473 0.16339869281045752 0.0058823529411764705 0.01045751633986928
3 0.45588235294117646 0.16470588235294117 0.006617647058823529 0.009150326797385621
3 0.4610294117647059 0.27320261437908494 0.013235294117647059 0.02875816993464052
3 0.4588235294117647 0.29934640522875816 0.016911764705882352 0.023529411764705882
3 0.45073529411764707 0.20261437908496732 0.008088235294117648 0.013071895424836602
6 0.4404411764705882 0.21176470588235294 0.016911764705882352 0.040522875816993466
3 0.6 0.26405228758169935 0.019852941176470587 0.022222222222222223
3 0.6786764705882353 0.39869281045751637 0.03235294117647059 0.044444444444444446
3 0.6235294117647059 0.3215686274509804 0.022794117647058822 0.03137254901960784
3 0.611764705882353 0.3006535947712418 0.0125 0.02483660130718954
2 0.5463235294117647 0.3712418300653595 0.01911764705882353 0.043137254901960784
2 0.5669117647058823 0.4 0.020588235294117647 0.05228758169934641
1 0.55 0.3712418300653595 0.011029411764705883 0.030065359477124184
1 0.5551470588235294 0.3790849673202614 0.0058823529411764705 0.0196078431372549
3 0.7558823529411764 0.5071895424836601 0.052941176470588235 0.07581699346405228
1 0.6095588235294118 0.4287581699346405 0.007352941176470588 0.032679738562091505
4 0.6080882352941176 0.44313725490196076 0.008823529411764706 0.030065359477124184
1 0.7470588235294118 0.4470588235294118 0.009558823529411765 0.040522875816993466
1 0.8051470588235294 0.5189542483660131 0.006617647058823529 0.040522875816993466
1 0.8102941176470588 0.5006535947712418 0.0058823529411764705 0.044444444444444446
1 0.8022058823529412 0.4849673202614379 0.007352941176470588 0.04183006535947712
1 0.8007352941176471 0.477124183006536 0.007352941176470588 0.03529411764705882
1 0.7808823529411765 0.4915032679738562 0.007352941176470588 0.03398692810457516
1 0.7897058823529411 0.47581699346405226 0.007352941176470588 0.03398692810457516
1 0.7595588235294117 0.44313725490196076 0.007352941176470588 0.03398692810457516
1 0.7617647058823529 0.46405228758169936 0.013235294117647059 0.027450980392156862
1 0.5257352941176471 0.24836601307189543 0.005147058823529412 0.013071895424836602
1 0.5264705882352941 0.2496732026143791 0.005147058823529412 0.01437908496732026
4 0.5264705882352941 0.2549019607843137 0.004411764705882353 0.013071895424836602
2 0.4933823529411765 0.19477124183006536 0.0058823529411764705 0.00784313725490196
2 0.5022058823529412 0.19607843137254902 0.0029411764705882353 0.00522875816993464
2 0.4970588235294118 0.18823529411764706 0.005147058823529412 0.00522875816993464
1 0.4948529411764706 0.18823529411764706 0.0022058823529411764 0.01045751633986928
1 0.5022058823529412 0.19215686274509805 0.0029411764705882353 0.006535947712418301
3 0.10294117647058823 0.5294117647058824 0.09191176470588236 0.09673202614379085
3 0.28161764705882353 0.4 0.03897058823529412 0.044444444444444446
3 0.30514705882352944 0.34509803921568627 0.027941176470588237 0.043137254901960784
3 0.3272058823529412 0.32679738562091504 0.022794117647058822 0.03137254901960784
3 0.3352941176470588 0.31241830065359477 0.022794117647058822 0.03137254901960784
3 0.32132352941176473 0.29673202614379085 0.03602941176470588 0.02483660130718954
3 0.35441176470588237 0.2797385620915033 0.01911764705882353 0.02483660130718954
3 0.35294117647058826 0.25882352941176473 0.023529411764705882 0.026143790849673203
2 0.21911764705882353 0.47581699346405226 0.0375 0.044444444444444446
2 0.1375 0.44836601307189544 0.039705882352941174 0.06143790849673202
2 0.1860294117647059 0.39477124183006534 0.04852941176470588 0.04967320261437908
2 0.025 0.592156862745098 0.03897058823529412 0.0784313725490196
4 0.10147058823529412 0.5045751633986928 0.03235294117647059 0.03790849673202614
4 0.08161764705882353 0.5019607843137255 0.026470588235294117 0.030065359477124184
4 0.04044117647058824 0.4954248366013072 0.027941176470588237 0.03137254901960784
4 0.058823529411764705 0.534640522875817 0.01838235294117647 0.044444444444444446
4 0.0661764705882353 0.4666666666666667 0.01838235294117647 0.044444444444444446
4 0.12058823529411765 0.4326797385620915 0.020588235294117647 0.032679738562091505
4 0.08455882352941177 0.4300653594771242 0.016911764705882352 0.027450980392156862
4 0.09632352941176471 0.4261437908496732 0.01838235294117647 0.026143790849673203
4 0.09926470588235294 0.4169934640522876 0.019852941176470587 0.027450980392156862
4 0.014705882352941176 0.5098039215686274 0.016176470588235296 0.044444444444444446
4 0.20073529411764707 0.2823529411764706 0.011029411764705883 0.0196078431372549
4 0.18382352941176472 0.3006535947712418 0.011029411764705883 0.0196078431372549
4 0.008823529411764706 0.45751633986928103 0.014705882352941176 0.04183006535947712
4 0.0 0.5424836601307189 0.011029411764705883 0.047058823529411764
4 0.0029411764705882353 0.4993464052287582 0.013970588235294118 0.040522875816993466
2 0.04338235294117647 0.5633986928104575 0.027941176470588237 0.043137254901960784
4 0.04485294117647059 0.5424836601307189 0.01838235294117647 0.044444444444444446
2 0.16911764705882354 0.31895424836601305 0.013970588235294118 0.01699346405228758
2 0.1610294117647059 0.34248366013071896 0.01764705882352941 0.0196078431372549
4 0.1713235294117647 0.3084967320261438 0.015441176470588236 0.018300653594771243
4 0.2647058823529412 0.3633986928104575 0.013235294117647059 0.026143790849673203
1 0.25588235294117645 0.4326797385620915 0.008088235294117648 0.0457516339869281
1 0.23529411764705882 0.42745098039215684 0.006617647058823529 0.04183006535947712
1 0.2375 0.4261437908496732 0.006617647058823529 0.040522875816993466
1 0.24411764705882352 0.4222222222222222 0.011029411764705883 0.036601307189542485
1 0.21470588235294116 0.4666666666666667 0.011029411764705883 0.044444444444444446
1 0.14926470588235294 0.4013071895424837 0.009558823529411765 0.03398692810457516
1 0.23970588235294119 0.3281045751633987 0.006617647058823529 0.02875816993464052
1 0.25073529411764706 0.32287581699346407 0.0058823529411764705 0.022222222222222223
1 0.24779411764705883 0.338562091503268 0.0058823529411764705 0.022222222222222223
1 0.24485294117647058 0.30980392156862746 0.007352941176470588 0.022222222222222223
2 0.12205882352941176 0.6339869281045751 0.027205882352941177 0.0457516339869281
4 0.21029411764705883 0.5816993464052288 0.019852941176470587 0.047058823529411764
4 0.21544117647058825 0.530718954248366 0.022058823529411766 0.036601307189542485
1 0.21838235294117647 0.5215686274509804 0.013970588235294118 0.0392156862745098
1 0.2125 0.5686274509803921 0.013970588235294118 0.0392156862745098
1 0.1264705882352941 0.6091503267973856 0.014705882352941176 0.054901960784313725
1 0.0 0.39869281045751637 0.011029411764705883 0.02875816993464052
4 0.08676470588235294 0.4797385620915033 0.013235294117647059 0.026143790849673203
1 0.30514705882352944 0.3712418300653595 0.007352941176470588 0.03398692810457516
1 0.3154411764705882 0.3686274509803922 0.006617647058823529 0.03398692810457516
4 0.3191176470588235 0.4235294117647059 0.011029411764705883 0.02091503267973856
1 0.3205882352941177 0.4117647058823529 0.0058823529411764705 0.02483660130718954
3 0.525 0.8771241830065359 0.10955882352941176 0.12156862745098039
1 0.888235294117647 0.7111111111111111 0.01838235294117647 0.08235294117647059
1 0.9448529411764706 0.7150326797385621 0.013970588235294118 0.07450980392156863
1 0.9272058823529412 0.7163398692810458 0.016911764705882352 0.07058823529411765
1 0.8845588235294117 0.4522875816993464 0.007352941176470588 0.0457516339869281
1 0.8786764705882353 0.4444444444444444 0.008088235294117648 0.0457516339869281
1 0.9544117647058824 0.4666666666666667 0.007352941176470588 0.03790849673202614
1 0.9926470588235294 0.477124183006536 0.007352941176470588 0.040522875816993466
1 0.8720588235294118 0.49411764705882355 0.007352941176470588 0.030065359477124184
2 0.9411764705882353 0.6601307189542484 0.04632352941176471 0.05359477124183006
2 0.8948529411764706 0.4888888888888889 0.011764705882352941 0.0392156862745098
4 0.8639705882352942 0.5712418300653594 0.020588235294117647 0.0457516339869281
4 0.9683823529411765 0.5542483660130719 0.016911764705882352 0.0392156862745098
4 0.9845588235294118 0.5228758169934641 0.0125 0.0392156862745098
4 0.8610294117647059 0.515032679738562 0.016911764705882352 0.0392156862745098
1 0.9588235294117647 0.6444444444444445 0.019852941176470587 0.058823529411764705
