4 0.33229166666666665 0.7814814814814814 0.035416666666666666 0.046296296296296294
4 0.28854166666666664 0.9037037037037037 0.04791666666666667 0.044444444444444446
3 0.26875 0.4648148148148148 0.06041666666666667 0.06111111111111111
3 0.34375 0.39444444444444443 0.052083333333333336 0.04814814814814815
3 0.4739583333333333 0.37037037037037035 0.036458333333333336 0.06481481481481481
3 0.4947916666666667 0.2814814814814815 0.027083333333333334 0.05925925925925926
8 0.5302083333333333 0.28888888888888886 0.027083333333333334 0.09444444444444444
1 0.4041666666666667 0.9222222222222223 0.008333333333333333 0.037037037037037035
1 0.5270833333333333 0.9648148148148148 0.0125 0.03518518518518519
3 0.41875 0.8981481481481481 0.09479166666666666 0.10185185185185185
3 0.834375 0.9037037037037037 0.06666666666666667 0.0962962962962963
3 0.8979166666666667 0.8018518518518518 0.078125 0.17222222222222222
3 0.7989583333333333 0.6666666666666666 0.05625 0.1259259259259259
3 0.6895833333333333 0.49444444444444446 0.0375 0.10555555555555556
3 0.8447916666666667 0.5592592592592592 0.05416666666666667 0.11296296296296296
3 0.671875 0.24074074074074073 0.028125 0.05185185185185185
3 0.6635416666666667 0.09814814814814815 0.020833333333333332 0.03888888888888889
3 0.7395833333333334 0.027777777777777776 0.030208333333333334 0.03148148148148148
8 0.6958333333333333 0.012962962962962963 0.021875 0.04259259259259259
2 0.825 0.45555555555555555 0.035416666666666666 0.07037037037037037
3 0.8083333333333333 0.3537037037037037 0.03854166666666667 0.06111111111111111
2 0.784375 0.25925925925925924 0.029166666666666667 0.06296296296296296
3 0.75625 0.2851851851851852 0.030208333333333334 0.06296296296296296
3 0.765625 0.362962962962963 0.03333333333333333 0.06296296296296296
8 0.775 0.42777777777777776 0.04479166666666667 0.08703703703703704
2 0.659375 0.6148148148148148 0.026041666666666668 0.08333333333333333
1 0.6677083333333333 0.6407407407407407 0.014583333333333334 0.03888888888888889
1 0.66875 0.6092592592592593 0.0125 0.040740740740740744
3 0.875 0.362962962962963 0.04479166666666667 0.08703703703703704
3 0.84375 0.18703703703703703 0.025 0.04814814814814815
1 0.853125 0.15925925925925927 0.0125 0.03518518518518519
3 0.8322916666666667 0.13518518518518519 0.041666666666666664 0.03888888888888889
3 0.9270833333333334 0.07777777777777778 0.04583333333333333 0.037037037037037035
3 0.90625 0.2740740740740741 0.051041666666666666 0.08518518518518518
3 0.88125 0.18888888888888888 0.029166666666666667 0.06296296296296296
3 0.8927083333333333 0.2351851851851852 0.03958333333333333 0.05
3 0.9479166666666666 0.35185185185185186 0.04479166666666667 0.07592592592592592
3 0.975 0.4148148148148148 0.025 0.07962962962962963
4 0.8083333333333333 0.5611111111111111 0.017708333333333333 0.053703703703703705
1 0.8052083333333333 0.5592592592592592 0.019791666666666666 0.03518518518518519
1 0.8072916666666666 0.5685185185185185 0.019791666666666666 0.03148148148148148
1 0.884375 0.2833333333333333 0.009375 0.03333333333333333
8 0.6260416666666667 0.3907407407407407 0.04791666666666667 0.12037037037037036
