3 0.04375 0.5814814814814815 0.06979166666666667 0.04814814814814815
6 0.15104166666666666 0.5185185185185185 0.134375 0.22407407407407406
1 0.2864583333333333 0.6240740740740741 0.0125 0.04259259259259259
4 0.28229166666666666 0.6351851851851852 0.020833333333333332 0.05555555555555555
1 0.296875 0.5166666666666667 0.0125 0.03518518518518519
4 0.2989583333333333 0.5407407407407407 0.010416666666666666 0.02962962962962963
3 0.3385416666666667 0.5833333333333334 0.04375 0.10185185185185185
3 0.4125 0.6259259259259259 0.04375 0.08703703703703704
1 0.225 0.45555555555555555 0.009375 0.022222222222222223
1 0.22604166666666667 0.4462962962962963 0.008333333333333333 0.024074074074074074
4 0.22708333333333333 0.4648148148148148 0.008333333333333333 0.024074074074074074
1 0.325 0.37407407407407406 0.00625 0.022222222222222223
2 0.325 0.387037037037037 0.00625 0.020370370370370372
1 0.365625 0.3685185185185185 0.00625 0.024074074074074074
4 0.36666666666666664 0.38333333333333336 0.005208333333333333 0.018518518518518517
1 0.34375 0.35555555555555557 0.007291666666666667 0.018518518518518517
4 0.34375 0.3648148148148148 0.007291666666666667 0.020370370370370372
1 0.36041666666666666 0.3296296296296296 0.00625 0.014814814814814815
2 0.3572916666666667 0.31666666666666665 0.013541666666666667 0.037037037037037035
3 0.3625 0.23333333333333334 0.021875 0.016666666666666666
1 0.37395833333333334 0.30925925925925923 0.00625 0.018518518518518517
4 0.3729166666666667 0.32037037037037036 0.007291666666666667 0.022222222222222223
1 0.37604166666666666 0.29259259259259257 0.004166666666666667 0.016666666666666666
4 0.3729166666666667 0.29814814814814816 0.008333333333333333 0.018518518518518517
1 0.3802083333333333 0.2611111111111111 0.003125 0.018518518518518517
1 0.3697916666666667 0.2537037037037037 0.00625 0.014814814814814815
1 0.3885416666666667 0.2611111111111111 0.004166666666666667 0.016666666666666666
4 0.38958333333333334 0.26481481481481484 0.004166666666666667 0.018518518518518517
3 0.4239583333333333 0.2388888888888889 0.021875 0.018518518518518517
3 0.43854166666666666 0.4166666666666667 0.025 0.04259259259259259
3 0.5083333333333333 0.4351851851851852 0.028125 0.044444444444444446
3 0.490625 0.3592592592592593 0.022916666666666665 0.037037037037037035
3 0.4947916666666667 0.29814814814814816 0.016666666666666666 0.027777777777777776
1 0.4635416666666667 0.2351851851851852 0.003125 0.011111111111111112
4 0.46041666666666664 0.2388888888888889 0.007291666666666667 0.011111111111111112
8 0.4708333333333333 0.24259259259259258 0.014583333333333334 0.025925925925925925
1 0.490625 0.25 0.005208333333333333 0.018518518518518517
1 0.5010416666666667 0.25925925925925924 0.004166666666666667 0.012962962962962963
4 0.5 0.26666666666666666 0.004166666666666667 0.011111111111111112
1 0.46770833333333334 0.26851851851851855 0.005208333333333333 0.014814814814814815
4 0.46770833333333334 0.2777777777777778 0.005208333333333333 0.011111111111111112
2 0.44895833333333335 0.24814814814814815 0.008333333333333333 0.018518518518518517
4 0.4510416666666667 0.2611111111111111 0.005208333333333333 0.016666666666666666
1 0.45208333333333334 0.25925925925925924 0.003125 0.012962962962962963
1 0.5427083333333333 0.6814814814814815 0.014583333333333334 0.037037037037037035
4 0.5416666666666666 0.6925925925925925 0.013541666666666667 0.05555555555555555
1 0.5854166666666667 0.6759259259259259 0.011458333333333333 0.044444444444444446
4 0.5822916666666667 0.6833333333333333 0.015625 0.05555555555555555
3 0.6020833333333333 0.23148148148148148 0.009375 0.014814814814814815
3 0.6083333333333333 0.22962962962962963 0.014583333333333334 0.018518518518518517
3 0.6145833333333334 0.22962962962962963 0.016666666666666666 0.018518518518518517
3 0.628125 0.22962962962962963 0.014583333333333334 0.016666666666666666
3 0.625 0.25 0.015625 0.018518518518518517
3 0.6083333333333333 0.22037037037037038 0.017708333333333333 0.012962962962962963
4 0.6916666666666667 0.8703703703703703 0.051041666666666666 0.07777777777777778
4 0.671875 0.7907407407407407 0.040625 0.05
4 0.653125 0.725925925925926 0.042708333333333334 0.05
4 0.6447916666666667 0.7092592592592593 0.046875 0.04814814814814815
1 0.6802083333333333 0.6481481481481481 0.015625 0.040740740740740744
4 0.6791666666666667 0.6666666666666666 0.015625 0.040740740740740744
4 0.796875 0.6611111111111111 0.023958333333333335 0.06111111111111111
1 0.8385416666666666 0.762962962962963 0.015625 0.08518518518518518
1 0.921875 0.7796296296296297 0.020833333333333332 0.07222222222222222
4 0.853125 0.8277777777777777 0.042708333333333334 0.04259259259259259
1 0.8614583333333333 0.7759259259259259 0.016666666666666666 0.06111111111111111
