3 0.5897058823529412 0.9006535947712418 0.09264705882352942 0.09934640522875816
3 0.6323529411764706 0.7529411764705882 0.07573529411764705 0.12156862745098039
3 0.4625 0.7673202614379085 0.06102941176470588 0.15555555555555556
3 0.38676470588235295 0.7581699346405228 0.060294117647058824 0.16601307189542483
1 0.3235294117647059 0.9006535947712418 0.023529411764705882 0.08627450980392157
1 0.31029411764705883 0.9111111111111111 0.013235294117647059 0.08104575163398693
1 0.28602941176470587 0.9202614379084967 0.01764705882352941 0.07973856209150326
1 0.2485294117647059 0.9320261437908497 0.020588235294117647 0.06797385620915032
4 0.20147058823529412 0.9464052287581699 0.04632352941176471 0.05359477124183006
4 0.8205882352941176 0.8496732026143791 0.04411764705882353 0.04967320261437908
3 0.5352941176470588 0.6888888888888889 0.058823529411764705 0.09673202614379085
3 0.6132352941176471 0.6274509803921569 0.06764705882352941 0.10457516339869281
4 0.6764705882352942 0.6300653594771242 0.030147058823529412 0.043137254901960784
4 0.6661764705882353 0.6274509803921569 0.026470588235294117 0.03790849673202614
1 0.7235294117647059 0.6169934640522876 0.011764705882352941 0.06405228758169934
1 0.725 0.5986928104575163 0.013235294117647059 0.05228758169934641
4 0.7411764705882353 0.6078431372549019 0.033823529411764704 0.0392156862745098
4 0.7198529411764706 0.5790849673202615 0.030882352941176472 0.03529411764705882
4 0.7014705882352941 0.5516339869281046 0.027941176470588237 0.036601307189542485
4 0.6897058823529412 0.5359477124183006 0.01911764705882353 0.03529411764705882
4 0.6272058823529412 0.534640522875817 0.027941176470588237 0.032679738562091505
3 0.44632352941176473 0.6444444444444445 0.04632352941176471 0.10588235294117647
3 0.3845588235294118 0.6104575163398693 0.04264705882352941 0.09281045751633987
3 0.4404411764705882 0.5581699346405229 0.04191176470588235 0.09019607843137255
2 0.5161764705882353 0.5045751633986928 0.030147058823529412 0.04967320261437908
1 0.5213235294117647 0.5019607843137255 0.010294117647058823 0.027450980392156862
8 0.39191176470588235 0.5071895424836601 0.03161764705882353 0.06013071895424837
1 0.5838235294117647 0.4980392156862745 0.009558823529411765 0.023529411764705882
1 0.5823529411764706 0.47058823529411764 0.008088235294117648 0.036601307189542485
1 0.5676470588235294 0.47058823529411764 0.011029411764705883 0.043137254901960784
1 0.5617647058823529 0.44052287581699345 0.008823529411764706 0.048366013071895426
4 0.549264705882353 0.4875816993464052 0.011764705882352941 0.03790849673202614
1 0.549264705882353 0.4823529411764706 0.011764705882352941 0.036601307189542485
3 0.4610294117647059 0.4326797385620915 0.030882352941176472 0.044444444444444446
3 0.5720588235294117 0.43790849673202614 0.05955882352941176 0.05359477124183006
3 0.5647058823529412 0.4196078431372549 0.05514705882352941 0.03790849673202614
4 0.5536764705882353 0.4117647058823529 0.016176470588235296 0.03790849673202614
4 0.575 0.39477124183006534 0.01764705882352941 0.02483660130718954
1 0.5875 0.3738562091503268 0.006617647058823529 0.03137254901960784
1 0.5977941176470588 0.3738562091503268 0.009558823529411765 0.03529411764705882
4 0.538235294117647 0.42483660130718953 0.008088235294117648 0.02875816993464052
1 0.5397058823529411 0.41830065359477125 0.006617647058823529 0.02483660130718954
1 0.5088235294117647 0.41830065359477125 0.008823529411764706 0.03790849673202614
3 0.49264705882352944 0.4 0.04632352941176471 0.0457516339869281
3 0.4235294117647059 0.40784313725490196 0.025735294117647058 0.0457516339869281
3 0.41544117647058826 0.3503267973856209 0.021323529411764706 0.03529411764705882
3 0.4426470588235294 0.3137254901960784 0.016911764705882352 0.02875816993464052
4 0.4933823529411765 0.3660130718954248 0.008088235294117648 0.023529411764705882
1 0.49411764705882355 0.3581699346405229 0.007352941176470588 0.027450980392156862
2 0.524264705882353 0.35294117647058826 0.015441176470588236 0.02483660130718954
3 0.5169117647058824 0.3333333333333333 0.03676470588235294 0.02875816993464052
3 0.5125 0.3254901960784314 0.03455882352941177 0.02483660130718954
3 0.4985294117647059 0.3045751633986928 0.04338235294117647 0.02875816993464052
1 0.5676470588235294 0.28888888888888886 0.005147058823529412 0.02483660130718954
1 0.5617647058823529 0.2849673202614379 0.004411764705882353 0.02483660130718954
1 0.5573529411764706 0.27712418300653596 0.005147058823529412 0.02483660130718954
1 0.5602941176470588 0.27320261437908494 0.005147058823529412 0.02875816993464052
4 0.4919117647058823 0.2875816993464052 0.011764705882352941 0.01568627450980392
1 0.49926470588235294 0.27712418300653596 0.003676470588235294 0.023529411764705882
3 0.5117647058823529 0.25882352941176473 0.02426470588235294 0.02483660130718954
3 0.3720588235294118 0.29934640522875816 0.019852941176470587 0.027450980392156862
3 0.43161764705882355 0.2718954248366013 0.015441176470588236 0.026143790849673203
3 0.42720588235294116 0.24705882352941178 0.011764705882352941 0.026143790849673203
3 0.4227941176470588 0.24313725490196078 0.011029411764705883 0.01699346405228758
3 0.4610294117647059 0.24052287581699347 0.011029411764705883 0.023529411764705882
4 0.3977941176470588 0.27320261437908494 0.011029411764705883 0.01568627450980392
1 0.3977941176470588 0.27320261437908494 0.003676470588235294 0.01437908496732026
1 0.4 0.2679738562091503 0.0058823529411764705 0.0196078431372549
1 0.4838235294117647 0.25359477124183005 0.003676470588235294 0.02091503267973856
3 0.4161764705882353 0.21830065359477124 0.011029411764705883 0.01699346405228758
3 0.3985294117647059 0.21176470588235294 0.023529411764705882 0.018300653594771243
8 0.4323529411764706 0.2196078431372549 0.009558823529411765 0.0196078431372549
3 0.4294117647058823 0.21437908496732025 0.011029411764705883 0.01568627450980392
4 0.44632352941176473 0.21830065359477124 0.003676470588235294 0.011764705882352941
1 0.4455882352941177 0.21437908496732025 0.004411764705882353 0.01568627450980392
3 0.32132352941176473 0.2196078431372549 0.025 0.018300653594771243
3 0.3514705882352941 0.21830065359477124 0.023529411764705882 0.01437908496732026
3 0.39044117647058824 0.21045751633986928 0.014705882352941176 0.01699346405228758
3 0.40808823529411764 0.20261437908496732 0.009558823529411765 0.013071895424836602
3 0.4117647058823529 0.19477124183006536 0.008088235294117648 0.013071895424836602
3 0.38529411764705884 0.1869281045751634 0.010294117647058823 0.01437908496732026
3 0.3926470588235294 0.1830065359477124 0.007352941176470588 0.01045751633986928
3 0.4073529411764706 0.17647058823529413 0.008088235294117648 0.011764705882352941
1 0.9632352941176471 0.7516339869281046 0.011764705882352941 0.05751633986928104
1 0.4375 0.1934640522875817 0.003676470588235294 0.01437908496732026
4 0.4323529411764706 0.19607843137254902 0.003676470588235294 0.009150326797385621
1 0.4323529411764706 0.19215686274509805 0.0029411764705882353 0.01045751633986928
3 0.39191176470588235 0.16993464052287582 0.007352941176470588 0.01437908496732026
2 0.4198529411764706 0.16993464052287582 0.005147058823529412 0.01045751633986928
3 0.3875 0.1568627450980392 0.007352941176470588 0.011764705882352941
