67 0.0 0.24325000000000002 1.0 0.44818749999999996
46 0.1630334728033473 0.0 0.6134518828451884 0.557078125
47 0.613786610878661 0.1528125 0.3490167364016737 0.27864062500000003
50 0.10125523012552301 0.15021875 0.15947698744769875 0.10892187499999999
50 0.7097489539748953 0.567125 0.0757949790794979 0.056609374999999997
51 0.0748744769874477 0.19037500000000002 0.31451882845188284 0.1633125
59 0.04813807531380754 0.5101093750000001 0.7431799163179916 0.48539062499999996
67 0.0 0.5123593750000001 1.0 0.47415624999999995
46 0.5017991631799164 0.26303125 0.1296652719665272 0.170234375
59 0.22085774058577404 0.597890625 0.779142259414226 0.38601562500000003
1 0.7372803347280336 0.005187499999999999 0.2627196652719665 0.21818749999999998
