1 0.25974 0.40264264264264266 0.031420000000000003 0.10639639639639639
1 0.33796 0.0023423423423423423 0.33524 0.5618018018018018
1 0.62282 0.0031531531531531535 0.14828 0.523093093093093
1 0.54764 0.0 0.09584000000000001 0.3553753753753754
1 0.34272 0.3334834834834835 0.05782 0.23951951951951952
41 0.41042 0.47174174174174177 0.36 0.17645645645645644
1 0.29272000000000004 0.3403903903903904 0.045520000000000005 0.19543543543543543
1 0.7258600000000001 0.0 0.19606 0.5618018018018018
41 0.86574 0.549099099099099 0.10316 0.05201201201201201
41 0.32633999999999996 0.3590990990990991 0.1252 0.09705705705705706
62 0.24594 0.5495795795795796 0.06998 0.11027027027027027
