8 0.04791666666666667 0.7129629629629629 0.10104166666666667 0.2222222222222222
3 0.28854166666666664 0.6648148148148149 0.04375 0.14444444444444443
3 0.36041666666666666 0.8314814814814815 0.05520833333333333 0.1685185185185185
3 0.2791666666666667 0.937037037037037 0.053125 0.06296296296296296
3 0.5322916666666667 0.7018518518518518 0.04583333333333333 0.1537037037037037
2 0.23125 0.7444444444444445 0.040625 0.11666666666666667
2 0.19270833333333334 0.7407407407407407 0.035416666666666666 0.09444444444444444
1 0.20520833333333333 0.7407407407407407 0.021875 0.05185185185185185
3 0.16145833333333334 0.737037037037037 0.042708333333333334 0.1037037037037037
3 0.16354166666666667 0.6611111111111111 0.09583333333333334 0.07777777777777778
8 0.6229166666666667 0.7407407407407407 0.13229166666666667 0.09444444444444444
3 0.796875 0.6314814814814815 0.06145833333333333 0.14444444444444443
3 0.534375 0.575925925925926 0.040625 0.10925925925925926
3 0.5229166666666667 0.45555555555555555 0.03125 0.07407407407407407
3 0.5791666666666667 0.5037037037037037 0.078125 0.06296296296296296
3 0.325 0.4666666666666667 0.042708333333333334 0.09814814814814815
3 0.15104166666666666 0.5666666666666667 0.09270833333333334 0.10740740740740741
1 0.19270833333333334 0.6111111111111112 0.019791666666666666 0.05
2 0.4510416666666667 0.512962962962963 0.023958333333333335 0.08518518518518518
2 0.2552083333333333 0.5555555555555556 0.03854166666666667 0.07962962962962963
1 0.265625 0.5740740740740741 0.011458333333333333 0.04814814814814815
1 0.25729166666666664 0.5777777777777777 0.010416666666666666 0.040740740740740744
2 0.28125 0.48518518518518516 0.03333333333333333 0.06481481481481481
1 0.28541666666666665 0.5037037037037037 0.011458333333333333 0.03518518518518519
1 0.365625 0.5074074074074074 0.0125 0.044444444444444446
1 0.3697916666666667 0.48518518518518516 0.010416666666666666 0.03888888888888889
1 0.38125 0.45185185185185184 0.010416666666666666 0.03888888888888889
1 0.38645833333333335 0.4388888888888889 0.009375 0.03518518518518519
3 0.5291666666666667 0.37592592592592594 0.026041666666666668 0.06296296296296296
3 0.4739583333333333 0.3148148148148148 0.026041666666666668 0.05740740740740741
2 0.53125 0.2962962962962963 0.016666666666666666 0.053703703703703705
3 0.4114583333333333 0.32037037037037036 0.03125 0.06296296296296296
3 0.2635416666666667 0.3592592592592593 0.04375 0.08148148148148149
3 0.2760416666666667 0.28888888888888886 0.0375 0.06666666666666667
2 0.353125 0.2759259259259259 0.020833333333333332 0.053703703703703705
1 0.3541666666666667 0.2851851851851852 0.011458333333333333 0.03148148148148148
3 0.3875 0.2222222222222222 0.026041666666666668 0.05555555555555555
2 0.7260416666666667 0.3888888888888889 0.035416666666666666 0.05740740740740741
2 0.6322916666666667 0.4648148148148148 0.042708333333333334 0.046296296296296294
3 0.5697916666666667 0.43703703703703706 0.07083333333333333 0.05740740740740741
3 0.5760416666666667 0.37222222222222223 0.052083333333333336 0.05555555555555555
3 0.5760416666666667 0.3351851851851852 0.06041666666666667 0.046296296296296294
3 0.6864583333333333 0.29444444444444445 0.03333333333333333 0.06111111111111111
3 0.6895833333333333 0.25555555555555554 0.053125 0.053703703703703705
3 0.7333333333333333 0.2037037037037037 0.04791666666666667 0.03333333333333333
3 0.55625 0.1537037037037037 0.03854166666666667 0.03333333333333333
3 0.5645833333333333 0.1388888888888889 0.03854166666666667 0.03148148148148148
3 0.546875 0.10555555555555556 0.0375 0.027777777777777776
3 0.5447916666666667 0.08333333333333333 0.03229166666666667 0.025925925925925925
3 0.2375 0.2222222222222222 0.05416666666666667 0.03888888888888889
3 0.24583333333333332 0.23333333333333334 0.04583333333333333 0.046296296296296294
3 0.33229166666666665 0.16296296296296298 0.026041666666666668 0.044444444444444446
3 0.3541666666666667 0.10925925925925926 0.022916666666666665 0.040740740740740744
3 0.4114583333333333 0.09259259259259259 0.019791666666666666 0.03518518518518519
3 0.5197916666666667 0.11296296296296296 0.017708333333333333 0.03333333333333333
3 0.32395833333333335 0.09814814814814815 0.025 0.037037037037037035
3 0.29583333333333334 0.0962962962962963 0.03333333333333333 0.037037037037037035
3 0.5760416666666667 0.016666666666666666 0.03229166666666667 0.02962962962962963
2 0.10520833333333333 0.5796296296296296 0.06145833333333333 0.053703703703703705
2 0.059375 0.5703703703703704 0.05 0.05
2 0.10520833333333333 0.5037037037037037 0.051041666666666666 0.044444444444444446
2 0.165625 0.45925925925925926 0.03125 0.06851851851851852
2 0.16875 0.4111111111111111 0.025 0.053703703703703705
1 0.14166666666666666 0.40185185185185185 0.0125 0.040740740740740744
1 0.15 0.3814814814814815 0.014583333333333334 0.037037037037037035
1 0.16458333333333333 0.35555555555555557 0.011458333333333333 0.03518518518518519
1 0.16458333333333333 0.35 0.011458333333333333 0.03518518518518519
2 0.11770833333333333 0.45925925925925926 0.030208333333333334 0.06111111111111111
1 0.24166666666666667 0.37037037037037035 0.009375 0.03518518518518519
1 0.24895833333333334 0.35 0.009375 0.037037037037037035
1 0.25 0.3425925925925926 0.009375 0.03333333333333333
1 0.09791666666666667 0.5592592592592592 0.019791666666666666 0.037037037037037035
4 0.005208333333333333 0.5518518518518518 0.04791666666666667 0.06481481481481481
4 0.21354166666666666 0.23333333333333334 0.020833333333333332 0.037037037037037035
4 0.24375 0.18333333333333332 0.017708333333333333 0.020370370370370372
1 0.2708333333333333 0.19814814814814816 0.008333333333333333 0.025925925925925925
1 0.2677083333333333 0.17777777777777778 0.008333333333333333 0.027777777777777776
2 0.3729166666666667 0.17407407407407408 0.014583333333333334 0.03148148148148148
1 0.37395833333333334 0.17222222222222222 0.009375 0.027777777777777776
3 0.3770833333333333 0.053703703703703705 0.020833333333333332 0.027777777777777776
3 0.3229166666666667 0.04259259259259259 0.017708333333333333 0.027777777777777776
3 0.2791666666666667 0.07222222222222222 0.029166666666666667 0.027777777777777776
1 0.5947916666666667 0.09074074074074075 0.005208333333333333 0.024074074074074074
1 0.6166666666666667 0.09444444444444444 0.004166666666666667 0.025925925925925925
4 0.6229166666666667 0.1 0.009375 0.027777777777777776
4 0.6135416666666667 0.06851851851851852 0.005208333333333333 0.022222222222222223
4 0.49895833333333334 0.07222222222222222 0.005208333333333333 0.020370370370370372
1 0.49895833333333334 0.06851851851851852 0.005208333333333333 0.018518518518518517
2 0.384375 0.024074074074074074 0.011458333333333333 0.027777777777777776
2 0.3260416666666667 0.007407407407407408 0.016666666666666666 0.024074074074074074
3 0.35625 0.007407407407407408 0.021875 0.03148148148148148
3 0.3625 0.005555555555555556 0.029166666666666667 0.022222222222222223
4 0.30833333333333335 0.17222222222222222 0.01875 0.025925925925925925
4 0.30833333333333335 0.16666666666666666 0.017708333333333333 0.025925925925925925
4 0.7572916666666667 0.4759259259259259 0.025 0.03148148148148148
1 0.5708333333333333 0.022222222222222223 0.004166666666666667 0.020370370370370372
2 0.59375 0.05555555555555555 0.013541666666666667 0.011111111111111112
4 0.596875 0.04814814814814815 0.013541666666666667 0.014814814814814815
