3 0.4010416666666667 0.4925925925925926 0.030208333333333334 0.05185185185185185
3 0.49270833333333336 0.42962962962962964 0.023958333333333335 0.040740740740740744
3 0.4583333333333333 0.3574074074074074 0.020833333333333332 0.03333333333333333
3 0.425 0.362962962962963 0.020833333333333332 0.03518518518518519
3 0.4864583333333333 0.31666666666666665 0.017708333333333333 0.03148148148148148
3 0.459375 0.31296296296296294 0.01875 0.027777777777777776
3 0.709375 0.3055555555555556 0.034375 0.02962962962962963
3 0.7114583333333333 0.2962962962962963 0.03333333333333333 0.027777777777777776
3 0.7145833333333333 0.26851851851851855 0.023958333333333335 0.025925925925925925
4 0.5041666666666667 0.7388888888888889 0.0125 0.05
4 0.44166666666666665 0.7092592592592593 0.0125 0.05
4 0.165625 0.8111111111111111 0.023958333333333335 0.04814814814814815
4 0.209375 0.5907407407407408 0.015625 0.03518518518518519
4 0.49583333333333335 0.6018518518518519 0.009375 0.040740740740740744
4 0.29270833333333335 0.45 0.005208333333333333 0.020370370370370372
4 0.3458333333333333 0.3296296296296296 0.0125 0.012962962962962963
1 0.440625 0.6907407407407408 0.0125 0.044444444444444446
1 0.5041666666666667 0.7185185185185186 0.0125 0.044444444444444446
1 0.496875 0.5851851851851851 0.007291666666666667 0.03888888888888889
1 0.16979166666666667 0.7925925925925926 0.013541666666666667 0.03518518518518519
1 0.21041666666666667 0.575925925925926 0.0125 0.03148148148148148
1 0.29270833333333335 0.43703703703703706 0.005208333333333333 0.018518518518518517
4 0.16041666666666668 0.524074074074074 0.010416666666666666 0.027777777777777776
1 0.16145833333333334 0.5074074074074074 0.00625 0.02962962962962963
1 0.34791666666666665 0.31666666666666665 0.005208333333333333 0.018518518518518517
1 0.39166666666666666 0.3037037037037037 0.004166666666666667 0.016666666666666666
1 0.409375 0.2740740740740741 0.004166666666666667 0.014814814814814815
1 0.4114583333333333 0.2777777777777778 0.005208333333333333 0.012962962962962963
1 0.3854166666666667 0.29259259259259257 0.004166666666666667 0.012962962962962963
1 0.475 0.23703703703703705 0.003125 0.012962962962962963
1 0.33229166666666665 0.30185185185185187 0.005208333333333333 0.016666666666666666
1 0.3229166666666667 0.32592592592592595 0.004166666666666667 0.020370370370370372
1 0.37083333333333335 0.2777777777777778 0.004166666666666667 0.018518518518518517
1 0.36770833333333336 0.2740740740740741 0.004166666666666667 0.014814814814814815
1 0.39166666666666666 0.2777777777777778 0.005208333333333333 0.016666666666666666
1 0.3770833333333333 0.26666666666666666 0.005208333333333333 0.020370370370370372
4 0.32083333333333336 0.337037037037037 0.010416666666666666 0.012962962962962963
4 0.3885416666666667 0.3111111111111111 0.009375 0.016666666666666666
4 0.40625 0.2814814814814815 0.011458333333333333 0.012962962962962963
4 0.3697916666666667 0.28703703703703703 0.005208333333333333 0.012962962962962963
4 0.36666666666666664 0.2796296296296296 0.00625 0.011111111111111112
3 0.353125 0.29074074074074074 0.019791666666666666 0.022222222222222223
2 0.32708333333333334 0.2962962962962963 0.020833333333333332 0.024074074074074074
2 0.321875 0.2814814814814815 0.017708333333333333 0.022222222222222223
3 0.4041666666666667 0.2537037037037037 0.011458333333333333 0.016666666666666666
3 0.40625 0.2462962962962963 0.011458333333333333 0.016666666666666666
3 0.4114583333333333 0.20925925925925926 0.00625 0.014814814814814815
4 0.28958333333333336 0.3333333333333333 0.011458333333333333 0.018518518518518517
1 0.2916666666666667 0.32592592592592595 0.005208333333333333 0.018518518518518517
1 0.4666666666666667 0.23148148148148148 0.003125 0.011111111111111112
1 0.43333333333333335 0.26851851851851855 0.003125 0.011111111111111112
1 0.43020833333333336 0.26851851851851855 0.004166666666666667 0.012962962962962963
1 0.4270833333333333 0.27037037037037037 0.003125 0.011111111111111112
4 0.425 0.2759259259259259 0.0125 0.014814814814814815
4 0.465625 0.23703703703703705 0.005208333333333333 0.011111111111111112
4 0.4739583333333333 0.24259259259259258 0.005208333333333333 0.011111111111111112
1 0.48020833333333335 0.21666666666666667 0.003125 0.014814814814814815
3 0.38645833333333335 0.25925925925925924 0.008333333333333333 0.012962962962962963
4 0.39791666666666664 0.2351851851851852 0.004166666666666667 0.011111111111111112
1 0.39895833333333336 0.22777777777777777 0.003125 0.014814814814814815
1 0.403125 0.23333333333333334 0.004166666666666667 0.014814814814814815
4 0.73125 0.3425925925925926 0.016666666666666666 0.014814814814814815
1 0.028125 0.95 0.03229166666666667 0.04814814814814815
1 0.134375 0.7444444444444445 0.01875 0.044444444444444446
2 0.125 0.6981481481481482 0.04895833333333333 0.12222222222222222
