3 0.44375 0.1814814814814815 0.007291666666666667 0.011111111111111112
3 0.440625 0.22777777777777777 0.009375 0.011111111111111112
3 0.44166666666666665 0.24074074074074073 0.009375 0.011111111111111112
3 0.4395833333333333 0.2537037037037037 0.010416666666666666 0.016666666666666666
3 0.4791666666666667 0.1925925925925926 0.00625 0.011111111111111112
3 0.48125 0.1962962962962963 0.00625 0.016666666666666666
3 0.421875 0.24814814814814815 0.009375 0.018518518518518517
3 0.5166666666666667 0.362962962962963 0.020833333333333332 0.02962962962962963
3 0.4583333333333333 0.17777777777777778 0.00625 0.009259259259259259
3 0.465625 0.18518518518518517 0.005208333333333333 0.009259259259259259
3 0.44479166666666664 0.20185185185185187 0.007291666666666667 0.009259259259259259
3 0.4041666666666667 0.26666666666666666 0.0125 0.020370370370370372
3 0.428125 0.17962962962962964 0.005208333333333333 0.012962962962962963
2 0.478125 0.3 0.010416666666666666 0.024074074074074074
1 0.3927083333333333 0.31666666666666665 0.005208333333333333 0.020370370370370372
1 0.40208333333333335 0.3314814814814815 0.005208333333333333 0.018518518518518517
1 0.378125 0.35185185185185186 0.005208333333333333 0.018518518518518517
1 0.3645833333333333 0.40925925925925927 0.007291666666666667 0.020370370370370372
1 0.39375 0.3537037037037037 0.005208333333333333 0.018518518518518517
1 0.3958333333333333 0.3648148148148148 0.005208333333333333 0.020370370370370372
1 0.496875 0.29259259259259257 0.005208333333333333 0.014814814814814815
1 0.50625 0.28888888888888886 0.004166666666666667 0.018518518518518517
1 0.503125 0.31296296296296294 0.00625 0.012962962962962963
1 0.5104166666666666 0.37962962962962965 0.00625 0.016666666666666666
1 0.509375 0.37407407407407406 0.007291666666666667 0.022222222222222223
1 0.521875 0.4222222222222222 0.007291666666666667 0.02962962962962963
1 0.50625 0.45 0.008333333333333333 0.027777777777777776
1 0.5416666666666666 0.5166666666666667 0.009375 0.02962962962962963
1 0.565625 0.5055555555555555 0.011458333333333333 0.03333333333333333
1 0.575 0.6370370370370371 0.010416666666666666 0.04259259259259259
1 0.42604166666666665 0.6037037037037037 0.0125 0.03888888888888889
1 0.5583333333333333 0.9074074074074074 0.013541666666666667 0.05740740740740741
4 0.6364583333333333 0.6555555555555556 0.027083333333333334 0.037037037037037035
4 0.55625 0.9314814814814815 0.014583333333333334 0.05555555555555555
4 0.5729166666666666 0.662962962962963 0.010416666666666666 0.025925925925925925
4 0.5666666666666667 0.5222222222222223 0.00625 0.025925925925925925
4 0.540625 0.5259259259259259 0.010416666666666666 0.02962962962962963
4 0.5208333333333334 0.4351851851851852 0.008333333333333333 0.027777777777777776
4 0.5052083333333334 0.46111111111111114 0.008333333333333333 0.027777777777777776
4 0.5114583333333333 0.3851851851851852 0.00625 0.018518518518518517
4 0.5020833333333333 0.31851851851851853 0.008333333333333333 0.012962962962962963
4 0.5052083333333334 0.2962962962962963 0.007291666666666667 0.016666666666666666
4 0.4947916666666667 0.3 0.007291666666666667 0.012962962962962963
4 0.3927083333333333 0.3277777777777778 0.00625 0.016666666666666666
4 0.403125 0.34074074074074073 0.004166666666666667 0.018518518518518517
4 0.37604166666666666 0.362962962962963 0.009375 0.018518518518518517
4 0.36354166666666665 0.4185185185185185 0.008333333333333333 0.022222222222222223
4 0.3927083333333333 0.3611111111111111 0.00625 0.020370370370370372
4 0.39479166666666665 0.37222222222222223 0.007291666666666667 0.024074074074074074
4 0.428125 0.6148148148148148 0.010416666666666666 0.044444444444444446
2 0.26458333333333334 0.5740740740740741 0.022916666666666665 0.027777777777777776
4 0.1875 0.5777777777777777 0.036458333333333336 0.03518518518518519
1 0.22083333333333333 0.7148148148148148 0.010416666666666666 0.03333333333333333
1 0.23020833333333332 0.7203703703703703 0.007291666666666667 0.027777777777777776
1 0.234375 0.7018518518518518 0.013541666666666667 0.05740740740740741
1 0.7260416666666667 0.6574074074074074 0.010416666666666666 0.037037037037037035
1 0.7270833333333333 0.8240740740740741 0.0125 0.05185185185185185
1 0.7385416666666667 0.812962962962963 0.013541666666666667 0.07222222222222222
2 0.728125 0.662962962962963 0.025 0.03148148148148148
