1 0.48539062499999996 0.5348333333333334 0.08090625 0.2584166666666667
1 0.8157500000000001 0.6374791666666667 0.119359375 0.22097916666666664
1 0.6429375 0.5334583333333334 0.013093750000000001 0.0568125
1 0.5578593749999999 0.5415833333333333 0.02359375 0.11908333333333333
36 0.84928125 0.617625 0.072109375 0.234625
1 0.584828125 0.5348958333333333 0.024984375 0.11479166666666667
35 0.60759375 0.6356041666666666 0.036921875 0.014166666666666666
35 0.584734375 0.5578333333333333 0.012390624999999999 0.100375
35 0.460625 0.7441875 0.12150000000000001 0.057125
1 0.627890625 0.5331666666666667 0.018671874999999998 0.06035416666666667
