3 0.23161764705882354 0.0 0.057352941176470586 0.036601307189542485
3 0.12794117647058822 0.38169934640522873 0.10955882352941176 0.1437908496732026
1 0.16176470588235295 0.6091503267973856 0.022794117647058822 0.05751633986928104
4 0.19044117647058822 0.596078431372549 0.030882352941176472 0.07058823529411765
1 0.19264705882352942 0.5947712418300654 0.021323529411764706 0.048366013071895426
4 0.21544117647058825 0.6901960784313725 0.022794117647058822 0.08627450980392157
1 0.2161764705882353 0.6954248366013072 0.02426470588235294 0.05751633986928104
4 0.20661764705882352 0.8784313725490196 0.04338235294117647 0.09673202614379085
1 0.2088235294117647 0.8823529411764706 0.030882352941176472 0.05751633986928104
3 0.31470588235294117 0.0 0.08308823529411764 0.06143790849673202
3 0.3845588235294118 0.032679738562091505 0.07426470588235294 0.08888888888888889
4 0.5117647058823529 0.3006535947712418 0.025735294117647058 0.048366013071895426
4 0.6191176470588236 0.17647058823529413 0.01911764705882353 0.0457516339869281
4 0.5544117647058824 0.38169934640522873 0.025 0.047058823529411764
4 0.55 0.7843137254901961 0.04338235294117647 0.048366013071895426
4 0.6544117647058824 0.6601307189542484 0.03823529411764706 0.07058823529411765
4 0.7647058823529411 0.7111111111111111 0.033823529411764704 0.07320261437908497
1 0.775 0.7124183006535948 0.02426470588235294 0.048366013071895426
1 0.6617647058823529 0.6483660130718955 0.025735294117647058 0.06013071895424837
1 0.6558823529411765 0.6339869281045751 0.015441176470588236 0.050980392156862744
1 0.5735294117647058 0.7843137254901961 0.011764705882352941 0.027450980392156862
1 0.5610294117647059 0.7660130718954249 0.025 0.07320261437908497
1 0.55 0.7660130718954249 0.016176470588235296 0.04967320261437908
3 0.6375 0.9450980392156862 0.09705882352941177 0.054901960784313725
1 0.5573529411764706 0.35947712418300654 0.020588235294117647 0.058823529411764705
1 0.5683823529411764 0.3568627450980392 0.013970588235294118 0.043137254901960784
1 0.5154411764705882 0.2849673202614379 0.01838235294117647 0.05751633986928104
1 0.5227941176470589 0.27712418300653596 0.016176470588235296 0.047058823529411764
4 0.6360294117647058 0.01437908496732026 0.01764705882352941 0.044444444444444446
1 0.6389705882352941 0.0 0.014705882352941176 0.0392156862745098
3 0.6102941176470589 0.032679738562091505 0.0713235294117647 0.12287581699346405
3 0.7014705882352941 0.0 0.060294117647058824 0.12418300653594772
2 0.8514705882352941 0.3712418300653595 0.01838235294117647 0.058823529411764705
1 0.8514705882352941 0.35555555555555557 0.023529411764705882 0.054901960784313725
1 0.9404411764705882 0.3660130718954248 0.025 0.05620915032679739
