1 0.22731249999999997 0.19914583333333333 0.213203125 0.3580625
1 0.48767187500000003 0.17066666666666666 0.2320625 0.41031249999999997
1 0.69984375 0.18597916666666667 0.30015625 0.57525
73 0.41496875 0.47922916666666665 0.35345312500000003 0.5207708333333333
73 0.5139218750000001 0.45745833333333336 0.267890625 0.23158333333333334
73 0.13415625 0.43985416666666666 0.20189062500000002 0.14577083333333332
73 0.0014375 0.36052083333333335 0.40979687499999995 0.6253124999999999
74 0.718890625 0.7392708333333334 0.128453125 0.058812500000000004
76 0.716296875 0.7550625 0.20224999999999999 0.22920833333333332
1 0.880859375 0.09987499999999999 0.07828125 0.15764583333333335
1 0.0033750000000000004 0.1988125 0.160109375 0.20224999999999999
1 0.8171875 0.8543541666666666 0.1828125 0.13558333333333333
1 0.57371875 0.12304166666666667 0.05565625 0.06002083333333333
1 0.4324375 0.12641666666666668 0.140171875 0.28785416666666663
47 0.051171875 0.53425 0.06879687500000001 0.13139583333333332
73 0.69434375 0.22029166666666666 0.0565625 0.11037499999999999
76 0.49749999999999994 0.7548541666666666 0.1723125 0.20714583333333333
76 0.629859375 0.5898125000000001 0.10665625000000001 0.07833333333333334
76 0.0016875000000000002 0.5820208333333333 0.0471875 0.0584375
47 0.391640625 0.869 0.099796875 0.131
47 0.393109375 0.7923958333333334 0.11978124999999999 0.20027083333333331
47 0.556640625 0.5872499999999999 0.076171875 0.16927083333333334
76 0.296125 0.5291041666666667 0.031906250000000004 0.029875
1 0.71559375 0.14322916666666666 0.12245312500000001 0.31958333333333333
