5 0.0 0.33257611241217794 0.884578125 0.337096018735363
1 0.54659375 0.632927400468384 0.00984375 0.048641686182669785
1 0.026734374999999998 0.6566276346604215 0.014249999999999999 0.030374707259953164
1 0.1833125 0.6336533957845433 0.018421874999999997 0.04503512880562061
8 0.08175 0.631943793911007 0.0393125 0.03449648711943794
8 0.127078125 0.5981264637002343 0.052671875 0.041733021077283376
5 0.0 0.5353864168618268 0.08545312499999999 0.04269320843091335
8 0.025078125 0.6775409836065573 0.038171875 0.04449648711943794
8 0.11840625 0.6366744730679157 0.0433125 0.03140515222482436
1 0.270546875 0.562248243559719 0.010875 0.026885245901639345
1 0.19524999999999998 0.587096018735363 0.0064218750000000005 0.013185011709601874
1 0.23271875 0.5730444964871194 0.017390625 0.024707259953161594
