3 0.03529411764705882 0.24705882352941178 0.07794117647058824 0.06405228758169934
3 0.15808823529411764 0.31633986928104574 0.07279411764705883 0.06143790849673202
3 0.24411764705882352 0.34248366013071896 0.075 0.06666666666666667
3 0.6911764705882353 0.17124183006535948 0.028676470588235293 0.047058823529411764
3 0.7360294117647059 0.17124183006535948 0.026470588235294117 0.058823529411764705
3 0.7838235294117647 0.2065359477124183 0.023529411764705882 0.040522875816993466
3 0.8323529411764706 0.14901960784313725 0.03823529411764706 0.04183006535947712
3 0.7830882352941176 0.09542483660130718 0.021323529411764706 0.03790849673202614
3 0.7404411764705883 0.058823529411764705 0.016176470588235296 0.03398692810457516
3 0.5183823529411765 0.25882352941176473 0.039705882352941174 0.07450980392156863
3 0.5411764705882353 0.21830065359477124 0.030882352941176472 0.06928104575163399
3 0.1610294117647059 0.6196078431372549 0.11764705882352941 0.09803921568627451
3 0.5882352941176471 0.12941176470588237 0.021323529411764706 0.03529411764705882
3 0.6272058823529412 0.058823529411764705 0.016176470588235296 0.02875816993464052
3 0.6066176470588235 0.08104575163398693 0.026470588235294117 0.030065359477124184
3 0.5764705882352941 0.1568627450980392 0.022058823529411766 0.043137254901960784
3 0.425 0.2784313725490196 0.03235294117647059 0.06666666666666667
3 0.11838235294117647 0.726797385620915 0.12279411764705882 0.1411764705882353
3 0.0029411764705882353 0.8026143790849674 0.06911764705882353 0.14248366013071895
3 0.17573529411764705 0.8980392156862745 0.10294117647058823 0.10196078431372549
2 0.6735294117647059 0.3333333333333333 0.006617647058823529 0.02875816993464052
2 0.6338235294117647 0.8104575163398693 0.015441176470588236 0.05751633986928104
4 0.9073529411764706 0.5542483660130719 0.0125 0.04967320261437908
4 0.20441176470588235 0.526797385620915 0.03308823529411765 0.027450980392156862
1 0.21029411764705883 0.5019607843137255 0.008088235294117648 0.032679738562091505
1 0.20220588235294118 0.5032679738562091 0.006617647058823529 0.03790849673202614
1 0.1875 0.5215686274509804 0.011029411764705883 0.07320261437908497
1 0.38823529411764707 0.3241830065359477 0.011029411764705883 0.043137254901960784
1 0.4279411764705882 0.33464052287581697 0.010294117647058823 0.05228758169934641
1 0.6735294117647059 0.31895424836601305 0.008823529411764706 0.023529411764705882
1 0.6352941176470588 0.7555555555555555 0.016176470588235296 0.06797385620915032
1 0.9117647058823529 0.5411764705882353 0.010294117647058823 0.0392156862745098
1 0.9529411764705882 0.1803921568627451 0.008088235294117648 0.036601307189542485
1 0.5985294117647059 0.2326797385620915 0.006617647058823529 0.0392156862745098
