82 0.21225352112676057 0.00075 0.7877464788732395 0.99925
44 0.7688028169014084 0.167375 0.08854460093896713 0.18937500000000002
44 0.7369014084507043 0.18782812499999998 0.044107981220657275 0.179171875
44 0.5403755868544601 0.36929687499999997 0.06370892018779342 0.03203125
44 0.4850469483568075 0.37492187499999996 0.05509389671361502 0.021140625
44 0.35570422535211266 0.534 0.06791079812206573 0.051500000000000004
44 0.3711737089201878 0.37565624999999997 0.05776995305164319 0.028203125000000002
44 0.43018779342723 0.373609375 0.0552112676056338 0.02971875
44 0.6058450704225351 0.366140625 0.07316901408450704 0.032609375
44 0.7109859154929578 0.67421875 0.07152582159624413 0.15326562500000002
44 0.36671361502347416 0.26915625 0.07687793427230047 0.07234375
44 0.284037558685446 0.370875 0.08708920187793427 0.035140624999999995
44 0.7802112676056339 0.56078125 0.06284037558685446 0.11304687499999999
44 0.518943661971831 0.62059375 0.092981220657277 0.043578125
44 0.25586854460093894 0.24375 0.5892018779342723 0.3921875
