3 0.5367647058823529 0.7281045751633987 0.04779411764705882 0.13071895424836602
3 0.4470588235294118 0.7686274509803922 0.05220588235294118 0.1607843137254902
3 0.2926470588235294 0.6130718954248366 0.05808823529411765 0.13333333333333333
3 0.4007352941176471 0.5111111111111111 0.03823529411764706 0.09542483660130718
3 0.49926470588235294 0.38823529411764707 0.029411764705882353 0.05359477124183006
3 0.4176470588235294 0.40522875816993464 0.028676470588235293 0.06797385620915032
3 0.36176470588235293 0.41045751633986927 0.03235294117647059 0.06928104575163399
3 0.28823529411764703 0.45751633986928103 0.05661764705882353 0.08627450980392157
3 0.38823529411764707 0.27712418300653596 0.025735294117647058 0.0457516339869281
3 0.43823529411764706 0.28627450980392155 0.023529411764705882 0.04967320261437908
3 0.4426470588235294 0.24052287581699347 0.022794117647058822 0.043137254901960784
3 0.48970588235294116 0.23529411764705882 0.022794117647058822 0.043137254901960784
3 0.44632352941176473 0.20522875816993463 0.01838235294117647 0.036601307189542485
3 0.45588235294117646 0.1450980392156863 0.013970588235294118 0.03137254901960784
3 0.4389705882352941 0.12810457516339868 0.01838235294117647 0.030065359477124184
3 0.4713235294117647 0.10065359477124183 0.0125 0.02483660130718954
3 0.5 0.0392156862745098 0.008823529411764706 0.01568627450980392
3 0.6654411764705882 0.3516339869281046 0.03676470588235294 0.04967320261437908
3 0.611764705882353 0.1803921568627451 0.016176470588235296 0.027450980392156862
3 0.575735294117647 0.07320261437908497 0.010294117647058823 0.022222222222222223
3 0.2529411764705882 0.3045751633986928 0.03602941176470588 0.054901960784313725
3 0.3286764705882353 0.17908496732026144 0.022058823529411766 0.03529411764705882
3 0.46397058823529413 0.08104575163398693 0.013235294117647059 0.023529411764705882
3 0.46911764705882353 0.06405228758169934 0.011029411764705883 0.02091503267973856
3 0.46176470588235297 0.044444444444444446 0.011029411764705883 0.022222222222222223
3 0.5551470588235294 0.013071895424836602 0.007352941176470588 0.01437908496732026
3 0.5198529411764706 0.0 0.007352941176470588 0.01045751633986928
3 0.35294117647058826 0.1450980392156863 0.016911764705882352 0.02483660130718954
3 0.35808823529411765 0.12679738562091503 0.01838235294117647 0.027450980392156862
3 0.36764705882352944 0.11503267973856209 0.015441176470588236 0.026143790849673203
1 0.41102941176470587 0.047058823529411764 0.004411764705882353 0.01437908496732026
1 0.41102941176470587 0.06535947712418301 0.003676470588235294 0.01437908496732026
2 0.4102941176470588 0.07058823529411765 0.004411764705882353 0.011764705882352941
1 0.40294117647058825 0.06143790849673202 0.0022058823529411764 0.013071895424836602
1 0.4 0.07058823529411765 0.0022058823529411764 0.013071895424836602
1 0.3963235294117647 0.06797385620915032 0.0029411764705882353 0.01568627450980392
1 0.4308823529411765 0.10980392156862745 0.005147058823529412 0.01568627450980392
3 0.4308823529411765 0.11503267973856209 0.005147058823529412 0.01437908496732026
1 0.44485294117647056 0.07450980392156863 0.004411764705882353 0.013071895424836602
4 0.44485294117647056 0.07973856209150326 0.004411764705882353 0.011764705882352941
2 0.4213235294117647 0.2065359477124183 0.013970588235294118 0.03398692810457516
1 0.39558823529411763 0.33464052287581697 0.008823529411764706 0.02875816993464052
4 0.3948529411764706 0.34509803921568627 0.008823529411764706 0.030065359477124184
1 0.23897058823529413 0.35947712418300654 0.009558823529411765 0.030065359477124184
4 0.2338235294117647 0.3738562091503268 0.014705882352941176 0.03137254901960784
1 0.21838235294117647 0.4261437908496732 0.011764705882352941 0.044444444444444446
1 0.2051470588235294 0.4235294117647059 0.011764705882352941 0.048366013071895426
1 0.25441176470588234 0.40784313725490196 0.011029411764705883 0.03790849673202614
2 0.2536764705882353 0.42483660130718953 0.01911764705882353 0.032679738562091505
4 0.13455882352941176 0.5202614379084968 0.015441176470588236 0.040522875816993466
4 0.09191176470588236 0.538562091503268 0.03235294117647059 0.03137254901960784
1 0.09926470588235294 0.45359477124183006 0.009558823529411765 0.050980392156862744
1 0.10808823529411765 0.4418300653594771 0.008823529411764706 0.04183006535947712
1 0.11985294117647059 0.4470588235294118 0.010294117647058823 0.026143790849673203
1 0.1161764705882353 0.47058823529411764 0.008823529411764706 0.01568627450980392
1 0.10661764705882353 0.48627450980392156 0.010294117647058823 0.023529411764705882
1 0.15735294117647058 0.43529411764705883 0.009558823529411765 0.048366013071895426
1 0.1536764705882353 0.37254901960784315 0.006617647058823529 0.036601307189542485
1 0.11470588235294117 0.40261437908496733 0.010294117647058823 0.044444444444444446
1 0.09485294117647058 0.403921568627451 0.0058823529411764705 0.023529411764705882
2 0.1801470588235294 0.45359477124183006 0.016176470588235296 0.043137254901960784
2 0.2713235294117647 0.5568627450980392 0.01764705882352941 0.048366013071895426
1 0.27205882352941174 0.5424836601307189 0.014705882352941176 0.040522875816993466
1 0.5264705882352941 0.032679738562091505 0.0022058823529411764 0.00784313725490196
4 0.5257352941176471 0.03529411764705882 0.003676470588235294 0.01045751633986928
1 0.5264705882352941 0.09281045751633987 0.0029411764705882353 0.01045751633986928
4 0.5257352941176471 0.09673202614379085 0.005147058823529412 0.01568627450980392
1 0.6514705882352941 0.20522875816993463 0.004411764705882353 0.02091503267973856
1 0.6125 0.29150326797385623 0.006617647058823529 0.02875816993464052
1 0.725735294117647 0.49673202614379086 0.0125 0.05228758169934641
2 0.7544117647058823 0.7947712418300653 0.023529411764705882 0.06666666666666667
1 0.7580882352941176 0.7673202614379085 0.019852941176470587 0.08235294117647059
4 0.8404411764705882 0.8679738562091504 0.04926470588235294 0.04183006535947712
1 0.8529411764705882 0.8418300653594771 0.028676470588235293 0.058823529411764705
1 0.9426470588235294 0.8810457516339869 0.020588235294117647 0.08627450980392157
4 0.060294117647058824 0.7032679738562092 0.03676470588235294 0.04967320261437908
1 0.06323529411764706 0.6888888888888889 0.023529411764705882 0.054901960784313725
4 0.19705882352941176 0.7215686274509804 0.03602941176470588 0.048366013071895426
1 0.21691176470588236 0.7163398692810458 0.0125 0.050980392156862744
1 0.2088235294117647 0.7032679738562092 0.0125 0.05359477124183006
