47 0.5746875 0.6615764705882353 0.040484375 0.1333176470588235
44 0.40318750000000003 0.20357647058823528 0.023453125 0.08585882352941177
44 0.42357812499999997 0.20454117647058825 0.024125 0.0899764705882353
44 0.44353125000000004 0.20851764705882353 0.0231875 0.08844705882352942
44 0.46425 0.21108235294117644 0.018562500000000003 0.08698823529411764
44 0.48175 0.21552941176470586 0.01825 0.08491764705882354
44 0.10323437499999999 0.41807058823529414 0.034734375 0.16249411764705882
44 0.543359375 0.22661176470588235 0.016609375000000003 0.08108235294117647
44 0.559359375 0.22785882352941178 0.020421875 0.08338823529411764
44 0.579234375 0.23183529411764706 0.018062500000000002 0.07981176470588236
44 0.217375 0.23898823529411764 0.045203125 0.1411529411764706
44 0.288515625 0.23908235294117647 0.02640625 0.14272941176470588
46 0.5338125 0.6658117647058824 0.027359375000000002 0.13021176470588236
46 0.56953125 0.6696235294117646 0.0463125 0.12574117647058822
44 0.33934375 0.22745882352941177 0.032968750000000005 0.16428235294117646
44 0.0 0.2207294117647059 0.0306875 0.13004705882352943
1 0.6485000000000001 0.3800235294117647 0.35150000000000003 0.6198117647058824
46 0.506296875 0.6779999999999999 0.031453125 0.11738823529411765
44 0.009375 0.17647058823529413 0.740625 0.6188235294117647
