1 0.2073529411764706 0.4470588235294118 0.009558823529411765 0.04183006535947712
1 0.19852941176470587 0.4496732026143791 0.008088235294117648 0.03790849673202614
3 0.09852941176470588 0.338562091503268 0.04852941176470588 0.026143790849673203
1 0.1375 0.31895424836601305 0.004411764705882353 0.030065359477124184
4 0.1213235294117647 0.39477124183006534 0.008088235294117648 0.022222222222222223
1 0.12279411764705882 0.3869281045751634 0.005147058823529412 0.027450980392156862
1 0.1588235294117647 0.35555555555555557 0.007352941176470588 0.02875816993464052
1 0.1661764705882353 0.35555555555555557 0.008088235294117648 0.030065359477124184
1 0.16397058823529412 0.3215686274509804 0.005147058823529412 0.023529411764705882
1 0.1713235294117647 0.3215686274509804 0.004411764705882353 0.026143790849673203
3 0.16029411764705884 0.3032679738562091 0.01764705882352941 0.02483660130718954
3 0.1536764705882353 0.2849673202614379 0.019852941176470587 0.030065359477124184
2 0.09705882352941177 0.6078431372549019 0.019852941176470587 0.043137254901960784
1 0.10661764705882353 0.5803921568627451 0.011029411764705883 0.06143790849673202
1 0.08308823529411764 0.6261437908496732 0.011029411764705883 0.06535947712418301
3 0.06102941176470588 0.6091503267973856 0.011029411764705883 0.044444444444444446
1 0.06985294117647059 0.5856209150326798 0.009558823529411765 0.058823529411764705
1 0.1375 0.6692810457516339 0.016176470588235296 0.08627450980392157
1 0.15955882352941175 0.6601307189542484 0.011764705882352941 0.0784313725490196
3 0.1588235294117647 0.6758169934640523 0.0661764705882353 0.1111111111111111
1 0.10147058823529412 0.74640522875817 0.013970588235294118 0.0784313725490196
1 0.09117647058823529 0.7555555555555555 0.015441176470588236 0.08758169934640522
1 0.04779411764705882 0.8248366013071895 0.025735294117647058 0.09281045751633987
1 0.025735294117647058 0.8640522875816994 0.025 0.10588235294117647
1 0.006617647058823529 0.9202614379084967 0.020588235294117647 0.07973856209150326
1 0.0 0.8862745098039215 0.011029411764705883 0.10980392156862745
1 0.0 0.8679738562091504 0.013235294117647059 0.10196078431372549
3 0.2286764705882353 0.5830065359477125 0.04926470588235294 0.08235294117647059
6 0.22573529411764706 0.44052287581699345 0.075 0.1607843137254902
3 0.30367647058823527 0.4065359477124183 0.025 0.0392156862745098
3 0.3411764705882353 0.3843137254901961 0.021323529411764706 0.03529411764705882
3 0.3698529411764706 0.36209150326797385 0.019852941176470587 0.03137254901960784
3 0.3044117647058823 0.2549019607843137 0.023529411764705882 0.01437908496732026
3 0.3830882352941177 0.4261437908496732 0.025 0.04183006535947712
3 0.3448529411764706 0.4235294117647059 0.027205882352941177 0.047058823529411764
3 0.3088235294117647 0.4470588235294118 0.029411764705882353 0.05228758169934641
3 0.3161764705882353 0.4928104575163399 0.03676470588235294 0.07058823529411765
3 0.3 0.5738562091503268 0.04338235294117647 0.08366013071895424
3 0.3683823529411765 0.5450980392156862 0.0375 0.0718954248366013
3 0.3154411764705882 0.6993464052287581 0.06544117647058824 0.12549019607843137
1 0.4198529411764706 0.25620915032679736 0.0022058823529411764 0.01568627450980392
3 0.9117647058823529 0.9516339869281045 0.08823529411764706 0.048366013071895426
2 0.8147058823529412 0.8483660130718954 0.03161764705882353 0.08758169934640522
1 0.8213235294117647 0.8261437908496732 0.021323529411764706 0.08235294117647059
3 0.7985294117647059 0.7437908496732026 0.10441176470588236 0.11633986928104575
3 0.5573529411764706 0.788235294117647 0.07573529411764705 0.14248366013071895
3 0.6911764705882353 0.7542483660130719 0.075 0.11764705882352941
3 0.5257352941176471 0.6405228758169934 0.047058823529411764 0.07712418300653595
3 0.5860294117647059 0.6065359477124183 0.051470588235294115 0.07320261437908497
3 0.6411764705882353 0.611764705882353 0.05514705882352941 0.07058823529411765
3 0.7205882352941176 0.5830065359477125 0.05588235294117647 0.07712418300653595
2 0.8397058823529412 0.6562091503267974 0.022058823529411766 0.0457516339869281
2 0.8970588235294118 0.7215686274509804 0.030147058823529412 0.044444444444444446
2 0.8919117647058824 0.7006535947712418 0.03308823529411765 0.04967320261437908
1 0.924264705882353 0.6849673202614379 0.015441176470588236 0.08235294117647059
2 0.8875 0.5673202614379085 0.021323529411764706 0.03790849673202614
1 0.8941176470588236 0.5450980392156862 0.013970588235294118 0.058823529411764705
1 0.8757352941176471 0.5516339869281046 0.008823529411764706 0.05228758169934641
2 0.8691176470588236 0.5228758169934641 0.04485294117647059 0.048366013071895426
4 0.8139705882352941 0.530718954248366 0.0125 0.04183006535947712
1 0.8154411764705882 0.5189542483660131 0.013235294117647059 0.04183006535947712
1 0.7522058823529412 0.5411764705882353 0.008088235294117648 0.04183006535947712
1 0.7573529411764706 0.5699346405228758 0.011764705882352941 0.03529411764705882
1 0.7661764705882353 0.534640522875817 0.009558823529411765 0.050980392156862744
2 0.7691176470588236 0.5084967320261438 0.008823529411764706 0.03529411764705882
1 0.7698529411764706 0.49411764705882355 0.009558823529411765 0.0392156862745098
2 0.774264705882353 0.5437908496732026 0.039705882352941174 0.050980392156862744
2 0.736764705882353 0.4888888888888889 0.019852941176470587 0.03137254901960784
1 0.7404411764705883 0.477124183006536 0.0125 0.04183006535947712
4 0.7397058823529412 0.4287581699346405 0.005147058823529412 0.022222222222222223
2 0.611764705882353 0.40784313725490196 0.013970588235294118 0.02483660130718954
1 0.6735294117647059 0.45751633986928103 0.006617647058823529 0.0392156862745098
1 0.6669117647058823 0.4496732026143791 0.007352941176470588 0.04183006535947712
1 0.6882352941176471 0.4366013071895425 0.008088235294117648 0.04183006535947712
2 0.6941176470588235 0.4444444444444444 0.008823529411764706 0.02875816993464052
1 0.6948529411764706 0.4326797385620915 0.008088235294117648 0.032679738562091505
1 0.6845588235294118 0.39477124183006534 0.008823529411764706 0.03398692810457516
1 0.6786764705882353 0.396078431372549 0.007352941176470588 0.036601307189542485
4 0.6786764705882353 0.4326797385620915 0.008823529411764706 0.023529411764705882
1 0.6801470588235294 0.41830065359477125 0.008088235294117648 0.03137254901960784
2 0.6544117647058824 0.42745098039215684 0.016911764705882352 0.032679738562091505
1 0.6617647058823529 0.4222222222222222 0.006617647058823529 0.03137254901960784
3 0.6110294117647059 0.3568627450980392 0.02426470588235294 0.02875816993464052
3 0.5985294117647059 0.3464052287581699 0.022794117647058822 0.026143790849673203
3 0.5051470588235294 0.5464052287581699 0.039705882352941174 0.06013071895424837
3 0.48676470588235293 0.48366013071895425 0.03529411764705882 0.05359477124183006
3 0.5213235294117647 0.4444444444444444 0.03161764705882353 0.040522875816993466
3 0.538235294117647 0.4117647058823529 0.03161764705882353 0.0457516339869281
3 0.48161764705882354 0.4522875816993464 0.026470588235294117 0.0392156862745098
3 0.4948529411764706 0.3908496732026144 0.02426470588235294 0.032679738562091505
3 0.5073529411764706 0.4143790849673203 0.022058823529411766 0.03398692810457516
3 0.4713235294117647 0.41830065359477125 0.025 0.04967320261437908
3 0.46544117647058825 0.4117647058823529 0.025 0.03137254901960784
3 0.4602941176470588 0.3869281045751634 0.023529411764705882 0.03398692810457516
3 0.4838235294117647 0.3712418300653595 0.022794117647058822 0.03529411764705882
3 0.5227941176470589 0.3503267973856209 0.019852941176470587 0.02875816993464052
3 0.4713235294117647 0.3607843137254902 0.01838235294117647 0.026143790849673203
3 0.4536764705882353 0.3712418300653595 0.020588235294117647 0.030065359477124184
3 0.4455882352941177 0.3607843137254902 0.01911764705882353 0.026143790849673203
3 0.4610294117647059 0.3437908496732026 0.016176470588235296 0.026143790849673203
3 0.43676470588235294 0.34509803921568627 0.01764705882352941 0.026143790849673203
3 0.42867647058823527 0.33464052287581697 0.016911764705882352 0.022222222222222223
3 0.4198529411764706 0.32287581699346407 0.016176470588235296 0.022222222222222223
3 0.41691176470588237 0.3150326797385621 0.016176470588235296 0.0196078431372549
3 0.40588235294117647 0.30718954248366015 0.014705882352941176 0.01699346405228758
3 0.3985294117647059 0.29411764705882354 0.013970588235294118 0.0196078431372549
3 0.3897058823529412 0.2875816993464052 0.013235294117647059 0.01699346405228758
3 0.3845588235294118 0.28104575163398693 0.013970588235294118 0.01699346405228758
3 0.3779411764705882 0.2758169934640523 0.0125 0.01568627450980392
3 0.45294117647058824 0.33464052287581697 0.016911764705882352 0.023529411764705882
3 0.4455882352941177 0.3241830065359477 0.016176470588235296 0.022222222222222223
3 0.4360294117647059 0.31241830065359477 0.016176470588235296 0.022222222222222223
3 0.42867647058823527 0.3045751633986928 0.014705882352941176 0.0196078431372549
3 0.42058823529411765 0.29934640522875816 0.013970588235294118 0.018300653594771243
3 0.4139705882352941 0.2928104575163399 0.013235294117647059 0.01699346405228758
3 0.4036764705882353 0.28627450980392155 0.0125 0.01437908496732026
3 0.3977941176470588 0.2784313725490196 0.0125 0.01437908496732026
3 0.4713235294117647 0.32941176470588235 0.013235294117647059 0.02091503267973856
3 0.46176470588235297 0.3202614379084967 0.015441176470588236 0.018300653594771243
3 0.4514705882352941 0.31241830065359477 0.015441176470588236 0.018300653594771243
3 0.44485294117647056 0.3045751633986928 0.015441176470588236 0.018300653594771243
3 0.4375 0.29673202614379085 0.015441176470588236 0.018300653594771243
3 0.43014705882352944 0.29150326797385623 0.011029411764705883 0.01568627450980392
3 0.4198529411764706 0.28104575163398693 0.013235294117647059 0.018300653594771243
3 0.41323529411764703 0.2784313725490196 0.011764705882352941 0.013071895424836602
6 0.4889705882352941 0.3137254901960784 0.03823529411764706 0.07320261437908497
3 0.4772058823529412 0.3137254901960784 0.015441176470588236 0.02091503267973856
3 0.4676470588235294 0.3032679738562091 0.015441176470588236 0.02091503267973856
3 0.4551470588235294 0.2954248366013072 0.016176470588235296 0.01699346405228758
3 0.44632352941176473 0.2875816993464052 0.015441176470588236 0.01699346405228758
6 0.42573529411764705 0.25882352941176473 0.027941176470588237 0.0392156862745098
3 0.549264705882353 0.3084967320261438 0.03161764705882353 0.018300653594771243
3 0.538235294117647 0.29934640522875816 0.025735294117647058 0.01568627450980392
3 0.5257352941176471 0.29411764705882354 0.026470588235294117 0.018300653594771243
3 0.5191176470588236 0.29150326797385623 0.019852941176470587 0.01568627450980392
3 0.5110294117647058 0.2875816993464052 0.020588235294117647 0.01699346405228758
1 0.5977941176470588 0.3215686274509804 0.003676470588235294 0.0196078431372549
3 0.29191176470588237 0.938562091503268 0.06691176470588235 0.06143790849673202
