1 0.5052083333333334 0.24259259259259258 0.029166666666666667 0.09444444444444444
1 0.7604166666666666 0.5796296296296296 0.04583333333333333 0.10925925925925926
1 0.5989583333333334 0.4148148148148148 0.029166666666666667 0.08703703703703704
1 0.646875 0.32037037037037036 0.027083333333333334 0.08518518518518518
1 0.21666666666666667 0.26851851851851855 0.028125 0.1037037037037037
1 0.23229166666666667 0.29074074074074074 0.03125 0.07777777777777778
1 0.21979166666666666 0.5092592592592593 0.03854166666666667 0.09259259259259259
1 0.159375 0.5037037037037037 0.04375 0.1
1 0.5885416666666666 0.24259259259259258 0.03229166666666667 0.08518518518518518
1 0.678125 0.28703703703703703 0.030208333333333334 0.08703703703703704
