3 0.09322916666666667 0.9435185185185185 0.128125 0.05648148148148148
3 0.34375 0.9277777777777778 0.103125 0.07222222222222222
3 0.3828125 0.7444444444444445 0.09270833333333334 0.13518518518518519
3 0.7348958333333333 0.5907407407407408 0.059895833333333336 0.09166666666666666
3 0.9203125 0.5611111111111111 0.04635416666666667 0.06296296296296296
3 0.5296875 0.8574074074074074 0.07239583333333334 0.1425925925925926
3 0.525 0.6814814814814815 0.0984375 0.09722222222222222
3 0.5859375 0.42962962962962964 0.0703125 0.05185185185185185
1 0.6697916666666667 0.3490740740740741 0.007291666666666667 0.03425925925925926
1 0.6786458333333333 0.3851851851851852 0.0109375 0.03425925925925926
4 0.6776041666666667 0.39444444444444443 0.0125 0.032407407407407406
3 0.8494791666666667 0.425 0.040625 0.05648148148148148
6 0.8307291666666666 0.19537037037037036 0.0578125 0.0787037037037037
1 0.796875 0.22962962962962963 0.005208333333333333 0.03333333333333333
1 0.8015625 0.22777777777777777 0.0036458333333333334 0.025
1 0.803125 0.23055555555555557 0.005729166666666666 0.016666666666666666
1 0.8114583333333333 0.23425925925925925 0.0067708333333333336 0.026851851851851852
1 0.8119791666666667 0.2175925925925926 0.0067708333333333336 0.03148148148148148
1 0.8208333333333333 0.2351851851851852 0.005729166666666666 0.027777777777777776
1 0.8260416666666667 0.2324074074074074 0.005729166666666666 0.030555555555555555
3 0.9020833333333333 0.24166666666666667 0.026041666666666668 0.03425925925925926
3 0.8838541666666667 0.17407407407407408 0.022916666666666665 0.027777777777777776
3 0.8963541666666667 0.1638888888888889 0.021354166666666667 0.025
3 0.9151041666666667 0.1527777777777778 0.020833333333333332 0.024074074074074074
3 0.9260416666666667 0.1398148148148148 0.018229166666666668 0.023148148148148147
3 0.9453125 0.16203703703703703 0.0234375 0.02962962962962963
3 0.9447916666666667 0.12407407407407407 0.0171875 0.022222222222222223
3 0.9713541666666666 0.1259259259259259 0.019791666666666666 0.021296296296296296
3 0.9875 0.14907407407407408 0.0125 0.023148148148148147
3 0.9604166666666667 0.10833333333333334 0.019791666666666666 0.020370370370370372
3 0.9911458333333333 0.09814814814814815 0.008854166666666666 0.01574074074074074
1 0.9864583333333333 0.11018518518518519 0.003125 0.012962962962962963
1 0.008854166666666666 0.08333333333333333 0.005729166666666666 0.017592592592592594
2 0.0046875 0.08796296296296297 0.013020833333333334 0.016666666666666666
3 0.0 0.36203703703703705 0.0671875 0.05648148148148148
3 0.0 0.3490740740740741 0.04895833333333333 0.05462962962962963
3 0.0 0.33055555555555555 0.0359375 0.04259259259259259
3 0.040625 0.29074074074074074 0.06666666666666667 0.04351851851851852
3 0.05364583333333333 0.30185185185185187 0.06302083333333333 0.05185185185185185
3 0.06666666666666667 0.32314814814814813 0.06302083333333333 0.04814814814814815
3 0.0859375 0.337037037037037 0.05572916666666667 0.04537037037037037
1 0.23645833333333333 0.17685185185185184 0.005208333333333333 0.027777777777777776
3 0.23645833333333333 0.1935185185185185 0.035416666666666666 0.032407407407407406
1 0.2713541666666667 0.18888888888888888 0.004166666666666667 0.025
3 0.17916666666666667 0.2462962962962963 0.0546875 0.03981481481481482
3 0.20260416666666667 0.2611111111111111 0.049479166666666664 0.03796296296296296
3 0.21666666666666667 0.2675925925925926 0.0484375 0.03888888888888889
3 0.23020833333333332 0.2777777777777778 0.0515625 0.04722222222222222
1 0.2921875 0.12314814814814815 0.005729166666666666 0.018518518518518517
2 0.28125 0.11574074074074074 0.0078125 0.017592592592592594
4 0.3104166666666667 0.10833333333333334 0.008854166666666666 0.018518518518518517
2 0.303125 0.1111111111111111 0.008854166666666666 0.017592592592592594
1 0.32447916666666665 0.10648148148148148 0.00625 0.016666666666666666
1 0.34427083333333336 0.09814814814814815 0.004166666666666667 0.022222222222222223
3 0.27447916666666666 0.16296296296296298 0.03854166666666667 0.030555555555555555
3 0.29739583333333336 0.17037037037037037 0.026041666666666668 0.028703703703703703
3 0.30885416666666665 0.17314814814814813 0.0359375 0.03518518518518519
3 0.31875 0.18703703703703703 0.03958333333333333 0.03333333333333333
3 0.33177083333333335 0.1935185185185185 0.040625 0.03148148148148148
3 0.3463541666666667 0.19907407407407407 0.03854166666666667 0.03518518518518519
3 0.3223958333333333 0.15092592592592594 0.033854166666666664 0.026851851851851852
3 0.3375 0.16018518518518518 0.0328125 0.025925925925925925
3 0.3625 0.1675925925925926 0.0359375 0.03425925925925926
3 0.37864583333333335 0.1824074074074074 0.035416666666666666 0.026851851851851852
3 0.38229166666666664 0.15555555555555556 0.0359375 0.027777777777777776
3 0.39166666666666666 0.1287037037037037 0.0328125 0.024074074074074074
3 0.40572916666666664 0.13240740740740742 0.029166666666666667 0.02962962962962963
3 0.41770833333333335 0.14166666666666666 0.03854166666666667 0.026851851851851852
3 0.471875 0.14166666666666666 0.0359375 0.028703703703703703
3 0.4921875 0.1527777777777778 0.035416666666666666 0.025925925925925925
3 0.4791666666666667 0.17037037037037037 0.03125 0.03425925925925926
3 0.425 0.11944444444444445 0.035416666666666666 0.025
3 0.43645833333333334 0.1259259259259259 0.03125 0.025
3 0.4869791666666667 0.10462962962962963 0.021875 0.021296296296296296
3 0.4953125 0.10555555555555556 0.027083333333333334 0.028703703703703703
3 0.5104166666666666 0.11481481481481481 0.030729166666666665 0.026851851851851852
3 0.5286458333333334 0.12222222222222222 0.027083333333333334 0.024074074074074074
3 0.5161458333333333 0.1 0.0265625 0.021296296296296296
3 0.5255208333333333 0.10462962962962963 0.026041666666666668 0.024074074074074074
3 0.5385416666666667 0.1111111111111111 0.028645833333333332 0.021296296296296296
3 0.5510416666666667 0.11944444444444445 0.027604166666666666 0.020370370370370372
1 0.534375 0.06481481481481481 0.0036458333333333334 0.013888888888888888
1 0.5364583333333334 0.06388888888888888 0.0046875 0.012037037037037037
1 0.5510416666666667 0.0712962962962963 0.003125 0.009259259259259259
3 0.5640625 0.08425925925925926 0.022395833333333334 0.025925925925925925
3 0.5755208333333334 0.09166666666666666 0.021875 0.021296296296296296
3 0.5885416666666666 0.09722222222222222 0.025 0.021296296296296296
3 0.5901041666666667 0.0824074074074074 0.019791666666666666 0.018518518518518517
1 0.5880208333333333 0.049074074074074076 0.003125 0.019444444444444445
1 0.5932291666666667 0.05185185185185185 0.0036458333333333334 0.019444444444444445
3 0.6098958333333333 0.09166666666666666 0.027604166666666666 0.021296296296296296
1 0.6479166666666667 0.04259259259259259 0.003125 0.013888888888888888
3 0.6427083333333333 0.07407407407407407 0.019270833333333334 0.022222222222222223
3 0.6541666666666667 0.07962962962962963 0.023958333333333335 0.018518518518518517
