3 0.0 0.6039215686274509 0.0661764705882353 0.1084967320261438
1 0.06323529411764706 0.6470588235294118 0.03676470588235294 0.07320261437908497
3 0.17058823529411765 0.5045751633986928 0.05808823529411765 0.15947712418300652
3 0.2801470588235294 0.4287581699346405 0.06691176470588235 0.13986928104575164
2 0.4102941176470588 0.35947712418300654 0.03455882352941177 0.0457516339869281
2 0.4470588235294118 0.44052287581699345 0.057352941176470586 0.10196078431372549
3 0.5507352941176471 0.39738562091503266 0.1 0.12549019607843137
2 0.5080882352941176 0.3045751633986928 0.03308823529411765 0.043137254901960784
2 0.6514705882352941 0.36993464052287583 0.013970588235294118 0.06143790849673202
2 0.6691176470588235 0.35555555555555557 0.05367647058823529 0.07973856209150326
4 0.6830882352941177 0.2928104575163399 0.021323529411764706 0.054901960784313725
3 0.8205882352941176 0.3006535947712418 0.08676470588235294 0.11764705882352941
3 0.8970588235294118 0.3202614379084967 0.10294117647058823 0.11633986928104575
3 0.899264705882353 0.25620915032679736 0.0875 0.09281045751633987
3 0.44338235294117645 0.6915032679738562 0.13823529411764707 0.12679738562091503
2 0.05073529411764706 0.8300653594771242 0.060294117647058824 0.06928104575163399
1 0.06470588235294118 0.8352941176470589 0.028676470588235293 0.06405228758169934
