3 0.397890625 0.6025235849056604 0.035921875 0.04054245283018868
3 0.309 0.5116037735849056 0.02640625 0.019080188679245283
6 0.5948125 0.6532075471698112 0.110984375 0.16518867924528302
10 0.23135937499999998 0.544316037735849 0.048296875 0.021132075471698115
10 0.25982812499999997 0.5017216981132075 0.007781250000000001 0.03721698113207547
10 0.63390625 0.5724292452830189 0.014609374999999999 0.014292452830188679
3 0.370796875 0.5061320754716981 0.013390625 0.015849056603773583
3 0.416828125 0.518938679245283 0.01890625 0.014905660377358491
3 0.36707812500000003 0.4996462264150943 0.01015625 0.01330188679245283
1 0.192875 0.5757783018867925 0.009234375 0.04160377358490566
1 0.15090625 0.6214150943396227 0.00996875 0.052122641509433965
1 0.644453125 0.7166509433962265 0.012421875 0.02830188679245283
3 0.19239062499999998 0.6745518867924528 0.058453124999999995 0.07919811320754716
10 0.40953125 0.4657547169811321 0.010374999999999999 0.00634433962264151
10 0.45921874999999995 0.9336084905660378 0.01240625 0.052405660377358484
8 0.1870625 0.8005188679245283 0.088953125 0.14099056603773585
10 0.055796875 0.6824056603773584 0.015734375000000002 0.046367924528301886
