44 0.62653125 0.522375 0.03121875 0.08789583333333333
44 0.4099375 0.5410208333333333 0.057984375 0.24141666666666667
44 0.39315625 0.5167291666666667 0.028234375 0.11070833333333334
62 0.5505625000000001 0.8635625 0.28775 0.1364375
67 0.1270625 0.47791666666666666 0.75 0.505875
1 0.70675 0.36639583333333337 0.077578125 0.15739583333333332
1 0.467171875 0.2393125 0.19446875 0.282875
1 0.318640625 0.37737499999999996 0.145234375 0.21677083333333333
28 0.46009374999999997 0.09691666666666668 0.38868749999999996 0.22939583333333333
28 0.2094375 0.30870833333333336 0.328640625 0.24302083333333335
28 0.783703125 0.21139583333333334 0.216296875 0.191
62 0.448328125 0.2926458333333333 0.061671875 0.05508333333333334
47 0.6188125 0.47860416666666666 0.029249999999999998 0.041958333333333334
47 0.482609375 0.689875 0.037359375 0.09272916666666667
48 0.3038125 0.8135625 0.02909375 0.10304166666666667
48 0.753109375 0.6228541666666667 0.01175 0.059666666666666666
48 0.59971875 0.7292083333333333 0.114671875 0.0476875
49 0.364046875 0.8015625 0.008421874999999999 0.08764583333333334
49 0.73671875 0.6133541666666668 0.017796875 0.0758125
49 0.30212500000000003 0.6540625 0.06784375000000001 0.04564583333333334
50 0.50409375 0.4994375 0.043953124999999996 0.04579166666666667
50 0.5295 0.5935416666666666 0.040546874999999996 0.03839583333333333
50 0.753515625 0.625 0.0121875 0.057749999999999996
50 0.374375 0.5957291666666666 0.012828125000000001 0.05708333333333333
51 0.44309374999999995 0.6609375 0.076375 0.07766666666666668
51 0.5579375 0.6005625 0.12996875000000002 0.09358333333333334
51 0.40990624999999997 0.5745416666666666 0.144703125 0.09647916666666667
51 0.59328125 0.5172291666666667 0.0878125 0.08429166666666667
47 0.43351562499999996 0.7197708333333334 0.042671875 0.09702083333333333
47 0.308859375 0.6525416666666667 0.03846875 0.08639583333333332
47 0.48854687500000005 0.5445625 0.02828125 0.03354166666666667
47 0.6618906250000001 0.559125 0.023046875 0.06325
49 0.536546875 0.49789583333333337 0.047984375 0.0190625
62 0.77515625 0.46787500000000004 0.0175625 0.05620833333333333
1 0.76025 0.5373958333333333 0.23975 0.42743749999999997
49 0.359703125 0.7889375 0.023765625000000002 0.09781250000000001
44 0.694875 0.5498333333333334 0.041953125 0.13949999999999999
47 0.59440625 0.4831041666666666 0.0233125 0.040937499999999995
51 0.515625 0.5135208333333333 0.06637499999999999 0.0674375
1 0.0 0.09233333333333334 0.288703125 0.9076666666666667
