3 0.17239583333333333 0.4861111111111111 0.09375 0.06111111111111111
3 0.35989583333333336 0.425 0.065625 0.05555555555555555
3 0.2765625 0.3472222222222222 0.058333333333333334 0.05185185185185185
3 0.19010416666666666 0.3453703703703704 0.065625 0.046296296296296294
3 0.5390625 0.5546296296296296 0.042708333333333334 0.10185185185185185
3 0.5984375 0.44351851851851853 0.040625 0.07037037037037037
3 0.6338541666666667 0.3712962962962963 0.04791666666666667 0.06111111111111111
3 0.6817708333333333 0.4027777777777778 0.042708333333333334 0.06481481481481481
3 0.6203125 0.7379629629629629 0.06145833333333333 0.16666666666666666
3 0.8703125 0.7342592592592593 0.096875 0.1388888888888889
3 0.4744791666666667 0.8083333333333333 0.08697916666666666 0.19166666666666668
3 0.32135416666666666 0.675 0.11770833333333333 0.1
3 0.7848958333333333 0.33055555555555555 0.028125 0.053703703703703705
3 0.8713541666666667 0.38981481481481484 0.04375 0.05740740740740741
3 0.5046875 0.3435185185185185 0.03958333333333333 0.04259259259259259
3 0.1140625 0.6935185185185185 0.125 0.09444444444444444
3 0.45364583333333336 0.2972222222222222 0.03958333333333333 0.04814814814814815
3 0.8255208333333334 0.30462962962962964 0.05 0.044444444444444446
3 0.8213541666666667 0.48055555555555557 0.051041666666666666 0.06481481481481481
1 0.7619791666666667 0.6342592592592593 0.017708333333333333 0.06296296296296296
1 0.8411458333333334 0.5898148148148148 0.014583333333333334 0.06481481481481481
1 0.8598958333333333 0.5712962962962963 0.013541666666666667 0.03888888888888889
1 0.8994791666666667 0.5990740740740741 0.013541666666666667 0.05
1 0.9755208333333333 0.49537037037037035 0.009375 0.04259259259259259
1 0.9911458333333333 0.48055555555555557 0.00625 0.03333333333333333
1 0.6442708333333333 0.31203703703703706 0.008333333333333333 0.016666666666666666
1 0.6817708333333333 0.31203703703703706 0.007291666666666667 0.022222222222222223
1 0.4973958333333333 0.42685185185185187 0.0125 0.025925925925925925
1 0.5078125 0.7138888888888889 0.016666666666666666 0.06666666666666667
1 0.2859375 0.7675925925925926 0.015625 0.07222222222222222
1 0.24322916666666666 0.8231481481481482 0.027083333333333334 0.06481481481481481
1 0.19635416666666666 0.775 0.0125 0.07037037037037037
1 0.23072916666666668 0.4064814814814815 0.007291666666666667 0.037037037037037035
1 0.4234375 0.3101851851851852 0.005208333333333333 0.03888888888888889
1 0.3703125 0.30092592592592593 0.008333333333333333 0.03333333333333333
1 0.44114583333333335 0.287962962962963 0.00625 0.018518518518518517
1 0.6515625 0.2712962962962963 0.005208333333333333 0.025925925925925925
1 0.6609375 0.2861111111111111 0.004166666666666667 0.022222222222222223
1 0.7130208333333333 0.2861111111111111 0.005208333333333333 0.024074074074074074
1 0.5046875 0.275 0.008333333333333333 0.014814814814814815
1 0.8348958333333333 0.21574074074074073 0.011458333333333333 0.018518518518518517
1 0.8578125 0.22314814814814815 0.008333333333333333 0.018518518518518517
1 0.9505208333333334 0.4675925925925926 0.010416666666666666 0.04259259259259259
1 0.7932291666666667 0.8027777777777778 0.009375 0.06666666666666667
1 0.7963541666666667 0.8101851851851852 0.013541666666666667 0.07962962962962963
1 0.37447916666666664 0.862037037037037 0.03229166666666667 0.09444444444444444
1 0.9338541666666667 0.6546296296296297 0.015625 0.06481481481481481
1 0.9494791666666667 0.675 0.010416666666666666 0.07222222222222222
1 0.9661458333333334 0.687962962962963 0.0125 0.07222222222222222
1 0.9921875 0.6398148148148148 0.007291666666666667 0.07037037037037037
1 0.5692708333333333 0.3472222222222222 0.007291666666666667 0.03333333333333333
1 0.6265625 0.3527777777777778 0.00625 0.027777777777777776
1 0.5963541666666666 0.2712962962962963 0.00625 0.027777777777777776
1 0.5848958333333333 0.24351851851851852 0.005208333333333333 0.018518518518518517
1 0.7723958333333333 0.20092592592592592 0.009375 0.024074074074074074
1 0.2671875 0.1675925925925926 0.007291666666666667 0.020370370370370372
1 0.2713541666666667 0.18796296296296297 0.007291666666666667 0.016666666666666666
1 0.3619791666666667 0.18981481481481483 0.003125 0.040740740740740744
1 0.3692708333333333 0.20833333333333334 0.010416666666666666 0.018518518518518517
1 0.033854166666666664 0.775 0.030208333333333334 0.08148148148148149
1 0.0578125 0.950925925925926 0.016666666666666666 0.04814814814814815
1 0.17864583333333334 0.7953703703703704 0.017708333333333333 0.07407407407407407
1 0.21822916666666667 0.7509259259259259 0.019791666666666666 0.07962962962962963
1 0.11614583333333334 0.7712962962962963 0.017708333333333333 0.05740740740740741
1 0.1578125 0.7694444444444445 0.015625 0.07407407407407407
1 0.15260416666666668 0.7490740740740741 0.016666666666666666 0.04814814814814815
1 0.23802083333333332 0.7675925925925926 0.010416666666666666 0.03518518518518519
1 0.24010416666666667 0.787962962962963 0.014583333333333334 0.040740740740740744
1 0.24739583333333334 0.7916666666666666 0.014583333333333334 0.03518518518518519
1 0.2557291666666667 0.7768518518518519 0.019791666666666666 0.06851851851851852
1 0.2630208333333333 0.7527777777777778 0.016666666666666666 0.05
1 0.3265625 0.7509259259259259 0.0125 0.06851851851851852
1 0.15677083333333333 0.3287037037037037 0.008333333333333333 0.044444444444444446
1 0.1234375 0.36203703703703705 0.009375 0.03888888888888889
1 0.13385416666666666 0.36203703703703705 0.008333333333333333 0.03518518518518519
1 0.07864583333333333 0.275 0.010416666666666666 0.027777777777777776
1 0.0046875 0.287962962962963 0.008333333333333333 0.024074074074074074
1 0.12552083333333333 0.28055555555555556 0.013541666666666667 0.03518518518518519
1 0.13489583333333333 0.25462962962962965 0.00625 0.022222222222222223
1 0.20052083333333334 0.2361111111111111 0.007291666666666667 0.020370370370370372
1 0.2171875 0.2638888888888889 0.00625 0.016666666666666666
1 0.24635416666666668 0.23055555555555557 0.009375 0.014814814814814815
1 0.2765625 0.22870370370370371 0.00625 0.027777777777777776
1 0.26510416666666664 0.2064814814814815 0.00625 0.03518518518518519
3 0.5911458333333334 0.1527777777777778 0.010416666666666666 0.022222222222222223
3 0.6130208333333333 0.15833333333333333 0.015625 0.018518518518518517
3 0.5953125 0.09722222222222222 0.013541666666666667 0.009259259259259259
3 0.4630208333333333 0.17685185185185184 0.013541666666666667 0.016666666666666666
3 0.4765625 0.1935185185185185 0.011458333333333333 0.016666666666666666
3 0.4817708333333333 0.20277777777777778 0.019791666666666666 0.018518518518518517
3 0.4973958333333333 0.22314814814814815 0.023958333333333335 0.024074074074074074
3 0.5140625 0.24166666666666667 0.023958333333333335 0.03148148148148148
3 0.4859375 0.14722222222222223 0.0125 0.022222222222222223
3 0.49635416666666665 0.16203703703703703 0.0125 0.018518518518518517
3 0.5088541666666667 0.17314814814814813 0.015625 0.018518518518518517
3 0.5203125 0.18981481481481483 0.016666666666666666 0.016666666666666666
3 0.5317708333333333 0.20277777777777778 0.026041666666666668 0.024074074074074074
3 0.4859375 0.17685185185185184 0.008333333333333333 0.007407407407407408
3 0.49322916666666666 0.17685185185185184 0.011458333333333333 0.024074074074074074
3 0.5088541666666667 0.19907407407407407 0.020833333333333332 0.027777777777777776
3 0.1890625 0.27870370370370373 0.029166666666666667 0.05185185185185185
3 0.024479166666666666 0.30092592592592593 0.03229166666666667 0.05
3 0.0015625 0.30833333333333335 0.017708333333333333 0.040740740740740744
3 0.2203125 0.27870370370370373 0.029166666666666667 0.04814814814814815
3 0.25052083333333336 0.27870370370370373 0.019791666666666666 0.03518518518518519
3 0.28177083333333336 0.27870370370370373 0.020833333333333332 0.03333333333333333
3 0.3078125 0.27314814814814814 0.023958333333333335 0.03148148148148148
3 0.36822916666666666 0.2675925925925926 0.029166666666666667 0.027777777777777776
3 0.4036458333333333 0.24537037037037038 0.04583333333333333 0.02962962962962963
3 0.39010416666666664 0.2101851851851852 0.03958333333333333 0.022222222222222223
3 0.3848958333333333 0.19722222222222222 0.03229166666666667 0.024074074074074074
3 0.37447916666666664 0.16574074074074074 0.034375 0.020370370370370372
3 0.28072916666666664 0.21203703703703702 0.041666666666666664 0.024074074074074074
3 0.2869791666666667 0.19722222222222222 0.035416666666666666 0.020370370370370372
3 0.2890625 0.17314814814814813 0.036458333333333336 0.022222222222222223
3 0.2921875 0.15092592592592594 0.0375 0.018518518518518517
3 0.29739583333333336 0.14907407407407408 0.026041666666666668 0.025925925925925925
3 0.8276041666666667 0.27870370370370373 0.04791666666666667 0.02962962962962963
3 0.9307291666666667 0.2898148148148148 0.04583333333333333 0.03148148148148148
3 0.9255208333333333 0.275 0.040625 0.02962962962962963
3 0.8567708333333334 0.24166666666666667 0.051041666666666666 0.037037037037037035
3 0.8119791666666667 0.25277777777777777 0.040625 0.022222222222222223
3 0.8171875 0.2638888888888889 0.042708333333333334 0.022222222222222223
3 0.8734375 0.2638888888888889 0.04583333333333333 0.03148148148148148
3 0.9098958333333333 0.24537037037037038 0.028125 0.020370370370370372
3 0.9453125 0.2212962962962963 0.03333333333333333 0.020370370370370372
3 0.9442708333333333 0.24166666666666667 0.026041666666666668 0.02962962962962963
3 0.9609375 0.25462962962962965 0.034375 0.03148148148148148
6 0.9744791666666667 0.19722222222222222 0.025 0.07222222222222222
3 0.6421875 0.18796296296296297 0.029166666666666667 0.02962962962962963
4 0.8276041666666667 0.6138888888888889 0.035416666666666666 0.03518518518518519
4 0.5005208333333333 0.44351851851851853 0.011458333333333333 0.024074074074074074
2 0.5078125 0.7490740740740741 0.016666666666666666 0.05555555555555555
2 0.7557291666666667 0.6657407407407407 0.029166666666666667 0.037037037037037035
2 0.8953125 0.6305555555555555 0.026041666666666668 0.027777777777777776
2 0.9630208333333333 0.5138888888888888 0.03125 0.03148148148148148
2 0.8546875 0.5861111111111111 0.017708333333333333 0.03333333333333333
2 0.6161458333333333 0.3453703703703704 0.011458333333333333 0.020370370370370372
2 0.5234375 0.4009259259259259 0.015625 0.027777777777777776
4 0.46822916666666664 0.41759259259259257 0.016666666666666666 0.025925925925925925
1 0.46927083333333336 0.4009259259259259 0.0125 0.03333333333333333
1 0.5463541666666667 0.38055555555555554 0.005208333333333333 0.022222222222222223
2 0.5286458333333334 0.4027777777777778 0.011458333333333333 0.018518518518518517
2 0.5463541666666667 0.3972222222222222 0.007291666666666667 0.024074074074074074
2 0.23177083333333334 0.8546296296296296 0.057291666666666664 0.044444444444444446
1 0.7786458333333334 0.2675925925925926 0.005208333333333333 0.027777777777777776
1 0.7890625 0.2916666666666667 0.005208333333333333 0.025925925925925925
1 0.8046875 0.2935185185185185 0.004166666666666667 0.024074074074074074
1 0.9776041666666667 0.4564814814814815 0.011458333333333333 0.046296296296296294
1 0.23177083333333334 0.5083333333333333 0.016666666666666666 0.05740740740740741
3 0.34010416666666665 0.27314814814814814 0.030208333333333334 0.027777777777777776
2 0.21927083333333333 0.4212962962962963 0.03125 0.025925925925925925
2 0.3619791666666667 0.31203703703703706 0.025 0.027777777777777776
2 0.4192708333333333 0.32314814814814813 0.014583333333333334 0.022222222222222223
2 0.5026041666666666 0.2861111111111111 0.010416666666666666 0.014814814814814815
2 0.4390625 0.30462962962962964 0.010416666666666666 0.011111111111111112
2 0.6796875 0.33055555555555555 0.014583333333333334 0.014814814814814815
2 0.6411458333333333 0.33055555555555555 0.009375 0.016666666666666666
4 0.7057291666666666 0.30277777777777776 0.017708333333333333 0.018518518518518517
4 0.5244791666666667 0.4027777777777778 0.013541666666666667 0.018518518518518517
4 0.5692708333333333 0.3638888888888889 0.007291666666666667 0.020370370370370372
3 0.3692708333333333 0.1527777777777778 0.030208333333333334 0.027777777777777776
3 0.3671875 0.14722222222222223 0.022916666666666665 0.016666666666666666
3 0.4713541666666667 0.15462962962962962 0.011458333333333333 0.024074074074074074
3 0.4588541666666667 0.14722222222222223 0.0125 0.014814814814814815
3 0.4484375 0.1361111111111111 0.011458333333333333 0.020370370370370372
3 0.46822916666666664 0.13240740740740742 0.007291666666666667 0.016666666666666666
3 0.4609375 0.125 0.011458333333333333 0.022222222222222223
3 0.4557291666666667 0.1175925925925926 0.010416666666666666 0.012962962962962963
3 0.44427083333333334 0.12314814814814815 0.009375 0.020370370370370372
3 0.4359375 0.11574074074074074 0.008333333333333333 0.020370370370370372
3 0.4265625 0.10462962962962963 0.010416666666666666 0.020370370370370372
3 0.4401041666666667 0.10648148148148148 0.005208333333333333 0.014814814814814815
3 0.44427083333333334 0.10648148148148148 0.010416666666666666 0.018518518518518517
1 0.15260416666666668 0.27685185185185185 0.005208333333333333 0.027777777777777776
1 0.16302083333333334 0.27685185185185185 0.007291666666666667 0.03333333333333333
1 0.16614583333333333 0.27314814814814814 0.008333333333333333 0.037037037037037035
1 0.1390625 0.3453703703703704 0.007291666666666667 0.03148148148148148
1 0.11822916666666666 0.30648148148148147 0.00625 0.037037037037037035
1 0.09947916666666666 0.35462962962962963 0.008333333333333333 0.03518518518518519
1 0.1078125 0.35648148148148145 0.008333333333333333 0.03148148148148148
1 0.13802083333333334 0.31574074074074077 0.007291666666666667 0.04259259259259259
1 0.34427083333333336 0.14907407407407408 0.005208333333333333 0.03148148148148148
1 0.3494791666666667 0.16018518518518518 0.00625 0.027777777777777776
