7 0.4260625 0.21505208333333334 0.346515625 0.5730208333333333
1 0.181140625 0.50171875 0.13153125000000002 0.3084895833333333
1 0.09573437500000001 0.4442447916666667 0.08225 0.49213541666666666
1 0.222015625 0.3472135416666667 0.0401875 0.29109375
1 0.32818749999999997 0.45351562500000003 0.052375000000000005 0.10333333333333333
1 0.27496875 0.45677083333333335 0.07503125000000001 0.19299479166666667
1 0.389875 0.3954947916666667 0.026265624999999997 0.14294270833333333
15 0.163015625 0.61515625 0.10785937500000001 0.22687500000000002
31 0.11056250000000001 0.7685416666666667 0.098421875 0.191015625
31 0.2799375 0.55734375 0.026750000000000003 0.030520833333333334
1 0.301921875 0.46513020833333335 0.054718750000000003 0.11153645833333332
15 0.262921875 0.5286458333333334 0.06471875 0.114609375
31 0.06784375000000001 0.6152864583333334 0.03290625 0.11859375
15 0.32820312500000004 0.5205989583333334 0.0235625 0.024999999999999998
27 0.3390625 0.5747916666666667 0.021828125 0.059166666666666666
27 0.37682812499999996 0.4250260416666667 0.023015625 0.06203125
