1 0.0453 0.2979466666666667 0.17114 0.4452
27 0.19406 0.4270933333333333 0.31658 0.4014666666666667
33 0.010119999999999999 0.45167999999999997 0.17528 0.5348266666666667
1 0.01918 0.32581333333333334 0.0917 0.11933333333333333
1 0.00034 0.13008 0.0887 0.33552
1 0.19124000000000002 0.32138666666666665 0.04464 0.09354666666666667
33 0.47466 0.4673333333333333 0.26689999999999997 0.5225333333333333
33 0.25338 0.8051733333333333 0.22128 0.18469333333333335
64 0.20124 0.38688000000000006 0.08236 0.14221333333333333
27 0.56104 0.46234666666666663 0.43895999999999996 0.5376533333333333
27 0.51032 0.3873333333333333 0.1453 0.15888
62 0.13118000000000002 0.7318133333333333 0.08438 0.08218666666666667
67 0.02438 0.5071466666666666 0.04564 0.026346666666666668
67 0.0 0.4571466666666667 0.11688 0.3298666666666667
33 0.1767 0.8627733333333334 0.046259999999999996 0.13709333333333332
33 0.38412 0.4169066666666667 0.18314 0.23856
1 0.35194 0.28858666666666666 0.04252 0.15589333333333333
