3 0.586764705882353 0.6901960784313725 0.04779411764705882 0.10718954248366012
3 0.16470588235294117 0.8183006535947712 0.08308823529411764 0.17647058823529413
3 0.24191176470588235 0.6379084967320261 0.05808823529411765 0.11764705882352941
3 0.27205882352941174 0.550326797385621 0.04926470588235294 0.10326797385620914
3 0.40441176470588236 0.5215686274509804 0.04191176470588235 0.10718954248366012
3 0.43161764705882355 0.35555555555555557 0.025 0.048366013071895426
3 0.4970588235294118 0.3581699346405229 0.025 0.048366013071895426
3 0.5308823529411765 0.3516339869281046 0.025735294117647058 0.044444444444444446
3 0.43970588235294117 0.23660130718954248 0.01911764705882353 0.03529411764705882
3 0.45808823529411763 0.17124183006535948 0.013970588235294118 0.02483660130718954
3 0.40294117647058825 0.22091503267973855 0.01764705882352941 0.03137254901960784
3 0.3963235294117647 0.23660130718954248 0.01838235294117647 0.0392156862745098
3 0.37426470588235294 0.29411764705882354 0.022058823529411766 0.0392156862745098
3 0.3558823529411765 0.3568627450980392 0.030882352941176472 0.044444444444444446
3 0.34191176470588236 0.3869281045751634 0.030147058823529412 0.05359477124183006
3 0.32794117647058824 0.43790849673202614 0.03602941176470588 0.05620915032679739
1 0.35 0.5006535947712418 0.013235294117647059 0.0457516339869281
4 0.35073529411764703 0.5098039215686274 0.011764705882352941 0.0457516339869281
1 0.3492647058823529 0.5647058823529412 0.0125 0.036601307189542485
4 0.3492647058823529 0.5738562091503268 0.013235294117647059 0.048366013071895426
1 0.2911764705882353 0.477124183006536 0.010294117647058823 0.0457516339869281
1 0.7977941176470589 0.726797385620915 0.013235294117647059 0.06143790849673202
1 0.8 0.7372549019607844 0.009558823529411765 0.02875816993464052
8 0.7580882352941176 0.5437908496732026 0.08455882352941177 0.0718954248366013
4 0.7205882352941176 0.4954248366013072 0.011764705882352941 0.03790849673202614
3 0.6161764705882353 0.24444444444444444 0.015441176470588236 0.03137254901960784
3 0.5977941176470588 0.19215686274509805 0.013970588235294118 0.027450980392156862
3 0.5889705882352941 0.17647058823529413 0.016176470588235296 0.02875816993464052
1 0.6176470588235294 0.1869281045751634 0.005147058823529412 0.02091503267973856
2 0.5514705882352942 0.3241830065359477 0.008823529411764706 0.027450980392156862
1 0.5522058823529412 0.31633986928104574 0.0058823529411764705 0.022222222222222223
2 0.9573529411764706 0.7032679738562092 0.020588235294117647 0.06274509803921569
1 0.40588235294117647 0.3176470588235294 0.007352941176470588 0.027450980392156862
2 0.40661764705882353 0.3241830065359477 0.006617647058823529 0.030065359477124184
3 0.0 0.8065359477124183 0.05808823529411765 0.10065359477124183
3 0.04264705882352941 0.7032679738562092 0.075 0.12026143790849673
3 0.10661764705882353 0.5725490196078431 0.06544117647058824 0.12026143790849673
3 0.05661764705882353 0.5516339869281046 0.08602941176470588 0.06666666666666667
3 0.09044117647058823 0.5241830065359477 0.08161764705882353 0.07450980392156863
3 0.11838235294117647 0.4980392156862745 0.07720588235294118 0.07058823529411765
3 0.13823529411764707 0.45751633986928103 0.07279411764705883 0.05620915032679739
3 0.16176470588235295 0.4300653594771242 0.06838235294117648 0.04967320261437908
4 0.21764705882352942 0.44052287581699345 0.01838235294117647 0.06405228758169934
3 0.23676470588235293 0.3895424836601307 0.03602941176470588 0.048366013071895426
3 0.2580882352941177 0.35947712418300654 0.03308823529411765 0.04183006535947712
3 0.2757352941176471 0.3202614379084967 0.023529411764705882 0.0457516339869281
3 0.2875 0.28366013071895424 0.025 0.05359477124183006
3 0.3426470588235294 0.20130718954248367 0.01764705882352941 0.026143790849673203
3 0.27941176470588236 0.23790849673202613 0.030882352941176472 0.03529411764705882
3 0.2867647058823529 0.2235294117647059 0.03602941176470588 0.030065359477124184
3 0.2948529411764706 0.20784313725490197 0.03676470588235294 0.02875816993464052
4 0.3058823529411765 0.43790849673202614 0.01911764705882353 0.0392156862745098
1 0.36176470588235293 0.4326797385620915 0.008823529411764706 0.048366013071895426
4 0.05661764705882353 0.48366013071895425 0.025 0.03790849673202614
4 0.08602941176470588 0.48366013071895425 0.023529411764705882 0.032679738562091505
2 0.09926470588235294 0.48104575163398694 0.029411764705882353 0.02875816993464052
4 0.09852941176470588 0.4496732026143791 0.027205882352941177 0.032679738562091505
1 0.09705882352941177 0.35947712418300654 0.008823529411764706 0.0392156862745098
1 0.0375 0.42091503267973857 0.0125 0.026143790849673203
1 0.21985294117647058 0.4117647058823529 0.009558823529411765 0.036601307189542485
1 0.225 0.40784313725490196 0.008823529411764706 0.03790849673202614
1 0.22794117647058823 0.40261437908496733 0.008088235294117648 0.040522875816993466
1 0.23088235294117648 0.3934640522875817 0.007352941176470588 0.032679738562091505
1 0.21029411764705883 0.4013071895424837 0.009558823529411765 0.03529411764705882
1 0.18676470588235294 0.39215686274509803 0.010294117647058823 0.03790849673202614
1 0.20073529411764707 0.3908496732026144 0.008823529411764706 0.03529411764705882
1 0.20294117647058824 0.38169934640522873 0.008823529411764706 0.03398692810457516
1 0.17647058823529413 0.4013071895424837 0.008088235294117648 0.030065359477124184
1 0.17941176470588235 0.4 0.006617647058823529 0.02875816993464052
1 0.1625 0.38169934640522873 0.007352941176470588 0.032679738562091505
1 0.20441176470588235 0.36993464052287583 0.008088235294117648 0.03529411764705882
2 0.15441176470588236 0.33986928104575165 0.022058823529411766 0.02875816993464052
2 0.13308823529411765 0.4196078431372549 0.021323529411764706 0.02483660130718954
2 0.14926470588235294 0.42483660130718953 0.02426470588235294 0.023529411764705882
4 0.07279411764705883 0.4261437908496732 0.02426470588235294 0.03398692810457516
1 0.06691176470588235 0.45751633986928103 0.011764705882352941 0.01568627450980392
2 0.07867647058823529 0.4627450980392157 0.033823529411764704 0.040522875816993466
4 0.09926470588235294 0.4287581699346405 0.027941176470588237 0.030065359477124184
1 0.43823529411764706 0.1542483660130719 0.004411764705882353 0.01437908496732026
4 0.43823529411764706 0.1568627450980392 0.004411764705882353 0.01699346405228758
1 0.44632352941176473 0.11895424836601307 0.003676470588235294 0.013071895424836602
4 0.4470588235294118 0.12418300653594772 0.0029411764705882353 0.013071895424836602
4 0.4551470588235294 0.12156862745098039 0.0029411764705882353 0.01437908496732026
1 0.45588235294117646 0.11764705882352941 0.0022058823529411764 0.01437908496732026
1 0.4838235294117647 0.08758169934640522 0.0029411764705882353 0.01568627450980392
3 0.4713235294117647 0.1111111111111111 0.010294117647058823 0.01699346405228758
3 0.4441176470588235 0.10457516339869281 0.009558823529411765 0.01699346405228758
3 0.4522058823529412 0.07320261437908497 0.008823529411764706 0.013071895424836602
3 0.4713235294117647 0.06013071895424837 0.008088235294117648 0.01437908496732026
