1 0.2552083333333333 0.8833333333333333 0.026041666666666668 0.08703703703703704
1 0.23958333333333334 0.8666666666666667 0.016666666666666666 0.07407407407407407
1 0.24583333333333332 0.7185185185185186 0.011458333333333333 0.04259259259259259
1 0.5125 0.9037037037037037 0.016666666666666666 0.08888888888888889
1 0.5322916666666667 0.8851851851851852 0.016666666666666666 0.08888888888888889
1 0.5458333333333333 0.9074074074074074 0.011458333333333333 0.06481481481481481
3 0.5572916666666666 0.837037037037037 0.065625 0.1537037037037037
3 0.5677083333333334 0.7166666666666667 0.059375 0.12777777777777777
4 0.23958333333333334 0.7444444444444445 0.028125 0.037037037037037035
1 0.2604166666666667 0.687037037037037 0.014583333333333334 0.06481481481481481
1 0.34270833333333334 0.6518518518518519 0.014583333333333334 0.06851851851851852
1 0.365625 0.6425925925925926 0.017708333333333333 0.06851851851851852
1 0.5302083333333333 0.7777777777777778 0.017708333333333333 0.07407407407407407
1 0.546875 0.7907407407407407 0.017708333333333333 0.05925925925925926
3 0.440625 0.6314814814814815 0.04479166666666667 0.09259259259259259
1 0.38333333333333336 0.7222222222222222 0.016666666666666666 0.04259259259259259
1 0.384375 0.7092592592592593 0.017708333333333333 0.044444444444444446
4 0.38229166666666664 0.7333333333333333 0.019791666666666666 0.05555555555555555
4 0.3229166666666667 0.5962962962962963 0.015625 0.06296296296296296
4 0.334375 0.575925925925926 0.023958333333333335 0.046296296296296294
4 0.6041666666666666 0.6666666666666666 0.051041666666666666 0.07962962962962963
4 0.6114583333333333 0.6425925925925926 0.03854166666666667 0.03888888888888889
4 0.6104166666666667 0.6240740740740741 0.034375 0.03333333333333333
4 0.6052083333333333 0.6037037037037037 0.035416666666666666 0.03333333333333333
4 0.60625 0.5944444444444444 0.034375 0.03333333333333333
4 0.6020833333333333 0.5740740740740741 0.035416666666666666 0.03333333333333333
1 0.39375 0.5666666666666667 0.015625 0.044444444444444446
1 0.5166666666666667 0.5796296296296296 0.015625 0.040740740740740744
1 0.5072916666666667 0.6277777777777778 0.014583333333333334 0.044444444444444446
1 0.5114583333333333 0.6129629629629629 0.014583333333333334 0.05
1 0.428125 0.5333333333333333 0.016666666666666666 0.03888888888888889
1 0.4864583333333333 0.4351851851851852 0.0125 0.037037037037037035
1 0.5166666666666667 0.40185185185185185 0.0125 0.02962962962962963
1 0.4791666666666667 0.39814814814814814 0.010416666666666666 0.02962962962962963
1 0.5635416666666667 0.42592592592592593 0.0125 0.02962962962962963
1 0.5708333333333333 0.35555555555555557 0.007291666666666667 0.02962962962962963
1 0.575 0.35185185185185186 0.007291666666666667 0.02962962962962963
1 0.540625 0.31851851851851853 0.008333333333333333 0.018518518518518517
1 0.47291666666666665 0.34814814814814815 0.007291666666666667 0.016666666666666666
1 0.453125 0.35185185185185186 0.009375 0.022222222222222223
1 0.49583333333333335 0.32222222222222224 0.007291666666666667 0.020370370370370372
1 0.5583333333333333 0.29444444444444445 0.007291666666666667 0.012962962962962963
1 0.390625 0.5314814814814814 0.011458333333333333 0.03148148148148148
1 0.553125 0.5518518518518518 0.011458333333333333 0.05740740740740741
1 0.565625 0.5370370370370371 0.011458333333333333 0.05555555555555555
1 0.575 0.49074074074074076 0.010416666666666666 0.04259259259259259
1 0.40729166666666666 0.4648148148148148 0.011458333333333333 0.03888888888888889
1 0.428125 0.46296296296296297 0.010416666666666666 0.04814814814814815
1 0.42083333333333334 0.46296296296296297 0.009375 0.044444444444444446
1 0.571875 0.4462962962962963 0.010416666666666666 0.04259259259259259
1 0.5770833333333333 0.3111111111111111 0.007291666666666667 0.03148148148148148
1 0.5822916666666667 0.3148148148148148 0.007291666666666667 0.03148148148148148
3 0.5104166666666666 0.27037037037037037 0.01875 0.03518518518518519
3 0.39895833333333336 0.42407407407407405 0.040625 0.06111111111111111
1 0.4375 0.4203703703703704 0.010416666666666666 0.03333333333333333
1 0.42916666666666664 0.4111111111111111 0.008333333333333333 0.04259259259259259
1 0.41354166666666664 0.5981481481481481 0.014583333333333334 0.040740740740740744
4 0.4125 0.6129629629629629 0.017708333333333333 0.04259259259259259
2 0.4510416666666667 0.4074074074074074 0.017708333333333333 0.04814814814814815
3 0.5875 0.5277777777777778 0.04791666666666667 0.053703703703703705
4 0.428125 0.5537037037037037 0.01875 0.03518518518518519
4 0.4864583333333333 0.45555555555555555 0.013541666666666667 0.02962962962962963
4 0.478125 0.40925925925925927 0.0125 0.02962962962962963
4 0.5166666666666667 0.4148148148148148 0.0125 0.027777777777777776
4 0.5385416666666667 0.3296296296296296 0.010416666666666666 0.020370370370370372
4 0.565625 0.36666666666666664 0.021875 0.025925925925925925
4 0.5645833333333333 0.42777777777777776 0.0125 0.037037037037037035
4 0.5114583333333333 0.6462962962962963 0.0125 0.027777777777777776
4 0.5197916666666667 0.6111111111111112 0.0125 0.02962962962962963
4 0.45208333333333334 0.362962962962963 0.0125 0.027777777777777776
4 0.46979166666666666 0.3611111111111111 0.011458333333333333 0.018518518518518517
4 0.49375 0.3333333333333333 0.011458333333333333 0.024074074074074074
4 0.55625 0.3037037037037037 0.010416666666666666 0.016666666666666666
1 0.45416666666666666 0.37037037037037035 0.007291666666666667 0.03148148148148148
