67 0.012359375 0.3982291666666667 0.98646875 0.35764583333333333
2 0.512703125 0.20664583333333333 0.16512500000000002 0.17179166666666665
44 0.32934375 0.325125 0.03609375 0.0655625
49 0.5072656249999999 0.5315 0.13534375 0.05258333333333333
50 0.541625 0.5220625 0.0653125 0.09754166666666667
61 0.45337500000000003 0.4513125 0.11965624999999999 0.11460416666666666
61 0.848640625 0.6331875 0.08592187500000001 0.043250000000000004
61 0.13482812500000002 0.40508333333333335 0.061312500000000006 0.0676875
61 0.194171875 0.41191666666666665 0.047484375 0.057791666666666665
61 0.20987499999999998 0.4129375 0.04940625 0.0509375
61 0.25696875 0.402125 0.039218750000000004 0.059270833333333335
1 0.87728125 0.13772916666666665 0.12237499999999998 0.35375
61 0.33068749999999997 0.389125 0.039218750000000004 0.015583333333333334
61 0.404875 0.4701666666666667 0.0675 0.05183333333333333
44 0.32 0.24933333333333335 0.0459375 0.14214583333333333
54 0.9442656250000001 0.6287291666666667 0.055734375 0.07610416666666667
61 0.44204687500000006 0.39872916666666663 0.0660625 0.039375
61 0.736765625 0.47125 0.0675625 0.0465
61 0.322890625 0.45991666666666664 0.058875 0.05264583333333333
61 0.376375 0.4410833333333333 0.062484375 0.0724375
54 0.644140625 0.6220416666666666 0.187265625 0.08175
61 0.10625 0.2708333333333333 0.890625 0.425
