3 0.40992187500000005 0.43215962441314554 0.28065625 0.15288732394366197
3 0.0 0.4118544600938967 0.43034375 0.2393661971830986
10 0.93475 0.35713615023474177 0.006734374999999999 0.022300469483568074
10 0.9037499999999999 0.41025821596244133 0.007062499999999999 0.011924882629107982
10 0.8754375 0.392018779342723 0.006046875 0.0072065727699530515
10 0.17871874999999998 0.17110328638497652 0.0198125 0.04856807511737089
10 0.8637343749999999 0.3804225352112676 0.00803125 0.020539906103286387
10 0.96621875 0.41990610328638495 0.0041875 0.007605633802816902
1 0.166140625 0.029436619718309857 0.309875 0.5752582159624413
1 0.56790625 0.3408920187793427 0.054265625 0.3206103286384977
1 0.60928125 0.35931924882629107 0.0515625 0.3039201877934272
1 0.6895625 0.3534037558685446 0.07146875 0.31065727699530515
1 0.759859375 0.29438967136150235 0.11068750000000001 0.4337089201877934
1 0.17690625 0.3561737089201878 0.074515625 0.31161971830985913
41 0.20940625000000002 0.5241549295774648 0.183984375 0.3393192488262911
1 0.358203125 0.43849765258215967 0.03046875 0.07131455399061033
1 0.26965625000000004 0.43476525821596246 0.062281249999999996 0.21833333333333335
1 0.398484375 0.42495305164319247 0.026296874999999997 0.0942018779342723
3 0.84759375 0.4286150234741784 0.056703125 0.06387323943661972
3 0.9006093749999999 0.4481455399061033 0.035640624999999995 0.05354460093896713
3 0.9351875 0.4565492957746479 0.022093750000000002 0.030657276995305165
10 0.974015625 0.41931924882629107 0.006921874999999999 0.01755868544600939
10 0.957671875 0.4286619718309859 0.008796875 0.011502347417840376
27 0.050890625 0.4170422535211267 0.025062499999999998 0.07183098591549296
1 0.015437500000000002 0.34976525821596244 0.050375 0.3176525821596244
10 0.8430624999999999 0.35685446009389676 0.007546875 0.012582159624413147
10 0.9315 0.38321596244131456 0.0074375 0.022347417840375586
10 0.788890625 0.15802816901408448 0.054234375 0.07406103286384977
27 0.5906875 0.42708920187793425 0.034515625 0.05258215962441314
27 0.21814062500000003 0.40248826291079814 0.016671875 0.018779342723004695
28 0.38992187500000003 0.3485680751173709 0.081828125 0.04629107981220657
28 0.45115625000000004 0.3499765258215963 0.055453125000000006 0.04725352112676056
3 0.9655625000000001 0.4545070422535211 0.031484374999999995 0.04206572769953052
10 0.90784375 0.4256338028169014 0.006750000000000001 0.010492957746478872
31 0.709421875 0.3944600938967136 0.043187500000000004 0.13051643192488263
77 0.8256249999999999 0.32793427230046945 0.0130625 0.022746478873239436
10 0.1609375 0.1596244131455399 0.725 0.24178403755868544
