54 0.22349999999999998 0.18480093676814988 0.206875 0.2699765807962529
1 0.0 0.42451990632318504 0.09540625 0.2520374707259953
47 0.48371875 0.0 0.12834375 0.42199063231850115
47 0.42762500000000003 0.0 0.059421875 0.22463700234192038
48 0.533921875 0.7113583138173302 0.21198437499999997 0.2880327868852459
49 0.5098281250000001 0.6082903981264637 0.359625 0.2075175644028103
60 0.36740625 0.6071428571428571 0.18357812499999998 0.29735362997658077
67 0.596875 0.002576112412177986 0.403125 0.9859484777517564
51 0.102484375 0.1685714285714286 0.37875000000000003 0.3358782201405152
51 0.57534375 0.18442622950819673 0.42465624999999996 0.4
51 0.15 0.41395784543325526 0.60928125 0.5860421545667448
