44 0.532828125 0.6024353448275861 0.027765625 0.07741379310344829
82 0.0 0.44530172413793107 0.08615625 0.4506681034482759
82 0.8977031249999999 0.46066810344827586 0.102296875 0.39101293103448276
51 0.5723125 0.6317672413793103 0.05815625 0.049159482758620685
52 0.451859375 0.6576508620689655 0.015984375000000002 0.024461206896551724
53 0.49924999999999997 0.6612068965517242 0.008859375 0.014224137931034482
53 0.47885937500000003 0.6588577586206896 0.0144375 0.021163793103448278
79 0.31240625 0.6020905172413793 0.10357812500000001 0.20142241379310344
81 0.40006250000000004 0.5810560344827587 0.14846874999999998 0.017456896551724138
47 0.512328125 0.6476939655172413 0.019171874999999998 0.02625
67 0.41476562499999997 0.6322844827586207 0.2280625 0.29303879310344827
79 0.119921875 0.5307327586206896 0.187703125 0.29622844827586203
86 0.611421875 0.3799137931034483 0.018734375 0.02331896551724138
53 0.46548437500000006 0.6572198275862069 0.0144375 0.02379310344827586
51 0.5978125000000001 0.5686206896551723 0.028640624999999996 0.018879310344827586
51 0.131125 0.5527155172413792 0.045640625000000004 0.046185344827586204
51 0.195171875 0.5822413793103449 0.03815625 0.01650862068965517
51 0.97575 0.45243534482758624 0.02425 0.011163793103448276
51 0.0 0.41075431034482757 0.04725 0.03984913793103448
86 0.303359375 0.38730603448275863 0.014109374999999999 0.015926724137931034
86 0.305078125 0.32262931034482756 0.014796875000000001 0.019094827586206894
86 0.6089375 0.32877155172413797 0.0156875 0.012327586206896552
51 0.24493749999999997 0.5492887931034482 0.055046874999999995 0.05165948275862069
