42 0.31471875 0.5137708333333334 0.059250000000000004 0.026041666666666668
42 0.292546875 0.48654166666666665 0.025390625 0.079
1 0.340296875 0.601625 0.035203125 0.09310416666666667
1 0.368609375 0.6037916666666666 0.025078125 0.09579166666666666
1 0.028046875 0.6292291666666666 0.024015625 0.0906875
1 0.32678124999999997 0.4834375 0.0278125 0.04170833333333333
1 0.274171875 0.5454791666666666 0.036359375 0.04002083333333333
1 0.122140625 0.2622291666666667 0.019484375 0.030041666666666668
1 0.627578125 0.4146458333333333 0.0324375 0.024979166666666667
42 0.10321875 0.2725 0.053203125 0.03183333333333333
42 0.628515625 0.429625 0.0504375 0.007083333333333333
