1 0.6709345794392524 0.22362500000000002 0.3060280373831775 0.365984375
1 0.0 0.177953125 0.20927570093457942 0.4018125
1 0.25595794392523363 0.22184374999999998 0.6432476635514018 0.77815625
1 0.11144859813084113 0.038625 0.16726635514018692 0.07670312500000001
1 0.7692523364485981 0.03846875 0.10149532710280373 0.06737499999999999
1 0.8885046728971961 0.03590625 0.09214953271028037 0.070421875
39 0.5297429906542056 0.058296875000000005 0.22462616822429907 0.31390625
1 0.06789719626168224 0.037859375 0.04091121495327103 0.05014062500000001
1 0.4617289719626168 0.0411875 0.1258177570093458 0.056281250000000005
1 0.24595794392523362 0.033640625 0.12126168224299065 0.04746875
1 0.0006074766355140187 0.03678125 0.09014018691588785 0.053078125
1 0.6412616822429906 0.04346875 0.07285046728971963 0.06742187499999999
