44 0.1040625 0.41140625000000003 0.019020833333333334 0.05582812499999999
44 0.12183333333333332 0.43324999999999997 0.024291666666666666 0.034749999999999996
44 0.14716666666666667 0.41921875000000003 0.022833333333333334 0.049296875000000004
44 0.08458333333333333 0.411234375 0.0229375 0.05565625
44 0.057666666666666665 0.40542187500000004 0.028833333333333332 0.060515624999999997
44 0.0871875 0.493859375 0.045875 0.062375
44 0.128375 0.49753125000000004 0.018479166666666665 0.052859375
44 0.16004166666666667 0.491390625 0.030416666666666665 0.0619375
44 0.124875 0.5588124999999999 0.0189375 0.0495
44 0.10693749999999999 0.5627500000000001 0.019125 0.04625
44 0.1894375 0.431140625 0.026416666666666665 0.03621875
1 0.2576875 0.21798437499999998 0.48239583333333336 0.730328125
1 0.5752708333333333 0.208984375 0.42472916666666666 0.77528125
19 0.34118750000000003 0.7014218750000001 0.28039583333333334 0.296078125
82 0.023854166666666666 0.355921875 0.2744375 0.389265625
44 0.07604166666666666 0.5644375 0.023083333333333334 0.044656249999999995
85 0.5607500000000001 0.0 0.03352083333333333 0.026578125
61 0.5242708333333334 0.5101875 0.09941666666666667 0.0306875
44 0.1845 0.55959375 0.024791666666666667 0.052296875
44 0.05416666666666667 0.2046875 0.94375 0.475
