72 0.5179375 0.21289583333333334 0.21356250000000002 0.21525
63 0.535484375 0.5996458333333333 0.37903125000000004 0.38925
1 0.187078125 0.3101041666666667 0.210671875 0.43370833333333336
73 0.15990625 0.36745833333333333 0.07659375 0.08154166666666667
84 0.34696875 0.39910416666666665 0.116796875 0.10441666666666666
84 0.768453125 0.494625 0.0755 0.08054166666666666
33 0.12364062499999999 0.6582083333333333 0.1329375 0.17883333333333334
47 0.09965625 0.42547916666666663 0.02109375 0.0450625
62 0.520890625 0.5758333333333333 0.391015625 0.42416666666666664
63 0.0471875 0.4494375 0.1550625 0.12135416666666667
75 0.382484375 0.47385416666666663 0.010234375 0.012604166666666666
85 0.9362343750000001 0.019375 0.031609375 0.057875
31 0.091 0.6586041666666667 0.19684375 0.22666666666666666
62 0.0 0.4184583333333334 0.28215625 0.3501458333333333
