1 0.17205882352941176 0.46797385620915033 0.0125 0.048366013071895426
1 0.18235294117647058 0.4928104575163399 0.008088235294117648 0.02875816993464052
1 0.47794117647058826 0.19477124183006536 0.008088235294117648 0.026143790849673203
1 0.39191176470588235 0.23137254901960785 0.0058823529411764705 0.03137254901960784
1 0.38382352941176473 0.24444444444444444 0.0058823529411764705 0.03398692810457516
1 0.3551470588235294 0.2496732026143791 0.0125 0.030065359477124184
1 0.3573529411764706 0.21437908496732025 0.007352941176470588 0.02483660130718954
1 0.31323529411764706 0.30196078431372547 0.010294117647058823 0.047058823529411764
1 0.3316176470588235 0.3202614379084967 0.011029411764705883 0.027450980392156862
1 0.2727941176470588 0.31241830065359477 0.005147058823529412 0.032679738562091505
1 0.2713235294117647 0.269281045751634 0.010294117647058823 0.040522875816993466
1 0.1536764705882353 0.07712418300653595 0.006617647058823529 0.02875816993464052
1 0.4933823529411765 0.20392156862745098 0.008088235294117648 0.026143790849673203
1 0.18455882352941178 0.22745098039215686 0.009558823529411765 0.027450980392156862
1 0.20661764705882352 0.2 0.010294117647058823 0.02875816993464052
1 0.24044117647058824 0.2261437908496732 0.009558823529411765 0.03137254901960784
1 0.24338235294117647 0.21568627450980393 0.010294117647058823 0.0392156862745098
1 0.25 0.20392156862745098 0.008823529411764706 0.036601307189542485
1 0.25882352941176473 0.20522875816993463 0.011764705882352941 0.036601307189542485
1 0.2235294117647059 0.2326797385620915 0.011029411764705883 0.03529411764705882
1 0.22205882352941175 0.2457516339869281 0.008823529411764706 0.02875816993464052
