9 0.18253124999999998 0.48827044025157235 0.178015625 0.20635220125786166
1 0.162390625 0.7392452830188679 0.022093750000000002 0.17783018867924527
1 0.057265625 0.7667924528301887 0.034953125 0.20842767295597484
1 0.031109375 0.7781761006289308 0.029859375 0.18468553459119497
1 0.13753125 0.7313207547169811 0.030859375 0.17971698113207546
1 0.08678125 0.7627358490566039 0.025093749999999998 0.17518867924528303
1 0.040125 0.6648113207547169 0.018234375 0.11204402515723272
1 0.024906249999999998 0.674308176100629 0.016515625 0.10449685534591194
1 0.0 0.6708176100628931 0.016109375000000002 0.11421383647798743
3 0.02378125 0.519433962264151 0.021390625 0.028333333333333332
1 0.112671875 0.7474528301886793 0.04146875 0.2242767295597484
1 0.16114062499999998 0.5161320754716981 0.00709375 0.01908805031446541
1 0.281765625 0.5048427672955974 0.010671875 0.044371069182389936
