3 0.2859375 0.8981481481481481 0.06041666666666667 0.10185185185185185
3 0.38333333333333336 0.8740740740740741 0.049479166666666664 0.1259259259259259
3 0.478125 0.8481481481481481 0.04479166666666667 0.10740740740740741
3 0.5328125 0.7083333333333334 0.040625 0.08703703703703704
3 0.47239583333333335 0.7037037037037037 0.03958333333333333 0.08981481481481482
3 0.39427083333333335 0.7268518518518519 0.042708333333333334 0.09814814814814815
3 0.17760416666666667 0.8703703703703703 0.06927083333333334 0.12685185185185185
3 0.234375 0.7027777777777777 0.053125 0.09259259259259259
3 0.3078125 0.7416666666666667 0.051041666666666666 0.10648148148148148
3 0.3489583333333333 0.6462962962962963 0.036458333333333336 0.06666666666666667
3 0.28072916666666664 0.5907407407407408 0.04114583333333333 0.06481481481481481
3 0.34739583333333335 0.5638888888888889 0.034895833333333334 0.07222222222222222
3 0.41354166666666664 0.5944444444444444 0.0328125 0.06574074074074074
3 0.47291666666666665 0.6129629629629629 0.033854166666666664 0.06851851851851852
3 0.5307291666666667 0.5435185185185185 0.028645833333333332 0.05092592592592592
3 0.47291666666666665 0.5453703703703704 0.030208333333333334 0.05740740740740741
3 0.41822916666666665 0.5259259259259259 0.028645833333333332 0.053703703703703705
3 0.3734375 0.5212962962962963 0.029166666666666667 0.053703703703703705
3 0.2994791666666667 0.5138888888888888 0.0390625 0.07037037037037037
4 0.5760416666666667 0.5361111111111111 0.011979166666666667 0.03981481481481482
1 0.5765625 0.5342592592592592 0.011458333333333333 0.03981481481481482
3 0.36822916666666666 0.36018518518518516 0.04739583333333333 0.030555555555555555
3 0.20729166666666668 0.32407407407407407 0.044270833333333336 0.028703703703703703
3 0.2984375 0.29444444444444445 0.034895833333333334 0.030555555555555555
3 0.12291666666666666 0.3074074074074074 0.03802083333333333 0.028703703703703703
3 0.027604166666666666 0.32037037037037036 0.043229166666666666 0.02962962962962963
1 0.103125 0.2898148148148148 0.007291666666666667 0.025
1 0.11822916666666666 0.2833333333333333 0.008333333333333333 0.027777777777777776
1 0.19635416666666666 0.2759259259259259 0.007291666666666667 0.023148148148148147
2 0.225 0.26666666666666666 0.0078125 0.018518518518518517
1 0.22552083333333334 0.2638888888888889 0.0067708333333333336 0.014814814814814815
3 0.265625 0.24259259259259258 0.019270833333333334 0.022222222222222223
3 0.2911458333333333 0.24166666666666667 0.015625 0.021296296296296296
3 0.30572916666666666 0.25092592592592594 0.016145833333333335 0.025925925925925925
3 0.3390625 0.24166666666666667 0.0140625 0.021296296296296296
3 0.321875 0.22777777777777777 0.0140625 0.026851851851851852
3 0.3932291666666667 0.26944444444444443 0.021354166666666667 0.023148148148148147
3 0.44947916666666665 0.21481481481481482 0.010416666666666666 0.022222222222222223
3 0.43697916666666664 0.18425925925925926 0.009375 0.014814814814814815
3 0.46822916666666664 0.1814814814814815 0.009375 0.014814814814814815
3 0.4953125 0.17222222222222222 0.008333333333333333 0.012037037037037037
3 0.4895833333333333 0.22870370370370371 0.016666666666666666 0.018518518518518517
2 0.49895833333333334 0.29444444444444445 0.005208333333333333 0.018518518518518517
1 0.49895833333333334 0.2898148148148148 0.005729166666666666 0.019444444444444445
2 0.5078125 0.25462962962962965 0.0078125 0.016666666666666666
1 0.5078125 0.2518518518518518 0.007291666666666667 0.013888888888888888
3 0.5421875 0.24537037037037038 0.025 0.021296296296296296
3 0.6651041666666667 0.2962962962962963 0.034375 0.025
3 0.6526041666666667 0.2851851851851852 0.03854166666666667 0.02962962962962963
3 0.6510416666666666 0.2796296296296296 0.03333333333333333 0.025
3 0.6333333333333333 0.28055555555555556 0.034375 0.021296296296296296
3 0.6114583333333333 0.25092592592592594 0.028125 0.019444444444444445
3 0.7125 0.2962962962962963 0.03229166666666667 0.024074074074074074
3 0.6994791666666667 0.2916666666666667 0.030729166666666665 0.022222222222222223
3 0.6958333333333333 0.2824074074074074 0.033854166666666664 0.027777777777777776
3 0.6791666666666667 0.2759259259259259 0.030729166666666665 0.025
6 0.671875 0.2564814814814815 0.05 0.03611111111111111
3 0.7348958333333333 0.29074074074074074 0.033854166666666664 0.025
3 0.7526041666666666 0.2898148148148148 0.028645833333333332 0.025925925925925925
3 0.778125 0.287962962962963 0.0296875 0.022222222222222223
3 0.7526041666666666 0.2796296296296296 0.03229166666666667 0.023148148148148147
3 0.7927083333333333 0.28055555555555556 0.030208333333333334 0.023148148148148147
3 0.8713541666666667 0.2759259259259259 0.029166666666666667 0.024074074074074074
3 0.8802083333333334 0.2657407407407407 0.027604166666666666 0.025
3 0.8932291666666666 0.2833333333333333 0.034375 0.025
3 0.9583333333333334 0.30277777777777776 0.03854166666666667 0.026851851851851852
3 0.9083333333333333 0.2601851851851852 0.027604166666666666 0.023148148148148147
3 0.2791666666666667 0.23055555555555557 0.014583333333333334 0.020370370370370372
3 0.2994791666666667 0.23055555555555557 0.015104166666666667 0.019444444444444445
3 0.3067708333333333 0.2212962962962963 0.0140625 0.020370370370370372
3 0.28958333333333336 0.22037037037037038 0.013541666666666667 0.019444444444444445
3 0.32708333333333334 0.22592592592592592 0.011458333333333333 0.018518518518518517
3 0.3296875 0.2175925925925926 0.013541666666666667 0.019444444444444445
3 0.34479166666666666 0.22777777777777777 0.015104166666666667 0.023148148148148147
3 0.34791666666666665 0.22037037037037038 0.014583333333333334 0.019444444444444445
3 0.3546875 0.21574074074074073 0.0125 0.018518518518518517
3 0.3578125 0.20925925925925926 0.0109375 0.016666666666666666
3 0.33645833333333336 0.20833333333333334 0.011979166666666667 0.022222222222222223
3 0.31666666666666665 0.20462962962962963 0.013541666666666667 0.026851851851851852
3 0.29635416666666664 0.2074074074074074 0.013020833333333334 0.023148148148148147
3 0.3072916666666667 0.2037037037037037 0.011979166666666667 0.016666666666666666
3 0.31197916666666664 0.19722222222222222 0.011979166666666667 0.016666666666666666
3 0.31875 0.19166666666666668 0.0109375 0.01574074074074074
3 0.3255208333333333 0.20555555555555555 0.009895833333333333 0.017592592592592594
3 0.32864583333333336 0.19537037037037036 0.0109375 0.020370370370370372
3 0.34270833333333334 0.2064814814814815 0.010416666666666666 0.016666666666666666
3 0.3463541666666667 0.19814814814814816 0.011458333333333333 0.01574074074074074
3 0.3515625 0.1925925925925926 0.0109375 0.014814814814814815
3 0.3338541666666667 0.1935185185185185 0.010416666666666666 0.01574074074074074
3 0.3390625 0.18425925925925926 0.011458333333333333 0.019444444444444445
3 0.32447916666666665 0.18518518518518517 0.011458333333333333 0.014814814814814815
3 0.3302083333333333 0.18055555555555555 0.008854166666666666 0.01574074074074074
3 0.3536458333333333 0.18611111111111112 0.009895833333333333 0.014814814814814815
3 0.3619791666666667 0.20092592592592592 0.009375 0.019444444444444445
3 0.36875 0.19814814814814816 0.010416666666666666 0.017592592592592594
3 0.371875 0.18796296296296297 0.011979166666666667 0.017592592592592594
3 0.47291666666666665 0.13703703703703704 0.0067708333333333336 0.010185185185185186
3 0.4640625 0.11574074074074074 0.0046875 0.008333333333333333
3 0.45625 0.1037037037037037 0.0046875 0.008333333333333333
3 0.4666666666666667 0.1037037037037037 0.004166666666666667 0.007407407407407408
3 0.47291666666666665 0.10740740740740741 0.005729166666666666 0.008333333333333333
3 0.47239583333333335 0.09166666666666666 0.0046875 0.007407407407407408
3 0.4546875 0.08981481481481482 0.004166666666666667 0.006481481481481481
