3 0.6088235294117647 0.726797385620915 0.05220588235294118 0.13594771241830064
3 0.8977941176470589 0.7058823529411765 0.07058823529411765 0.12156862745098039
3 0.15661764705882353 0.6509803921568628 0.08455882352941177 0.13856209150326798
1 0.24558823529411763 0.7686274509803922 0.014705882352941176 0.0718954248366013
3 0.22573529411764706 0.5647058823529412 0.06470588235294118 0.09542483660130718
1 0.28308823529411764 0.5712418300653594 0.011029411764705883 0.058823529411764705
2 0.38676470588235295 0.6091503267973856 0.027205882352941177 0.06928104575163399
1 0.3948529411764706 0.6065359477124183 0.016176470588235296 0.03398692810457516
3 0.0 0.6862745098039216 0.07794117647058824 0.10196078431372549
3 0.10294117647058823 0.5725490196078431 0.07867647058823529 0.07712418300653595
3 0.125 0.5228758169934641 0.08161764705882353 0.06797385620915032
8 0.15661764705882353 0.4130718954248366 0.09779411764705882 0.07973856209150326
3 0.13161764705882353 0.3908496732026144 0.06323529411764706 0.06013071895424837
3 0.2125 0.37516339869281046 0.06691176470588235 0.050980392156862744
1 0.003676470588235294 0.4875816993464052 0.013235294117647059 0.044444444444444446
1 0.0 0.4928104575163399 0.008088235294117648 0.043137254901960784
3 0.15441176470588236 0.30718954248366015 0.05514705882352941 0.0392156862745098
4 0.275 0.3411764705882353 0.0125 0.02875816993464052
1 0.275 0.3333333333333333 0.010294117647058823 0.03790849673202614
1 0.29926470588235293 0.3254901960784314 0.008088235294117648 0.040522875816993466
1 0.2889705882352941 0.32287581699346407 0.009558823529411765 0.0392156862745098
8 0.22573529411764706 0.2901960784313726 0.10147058823529412 0.06405228758169934
1 0.2772058823529412 0.3254901960784314 0.007352941176470588 0.02875816993464052
3 0.34705882352941175 0.3581699346405229 0.06985294117647059 0.048366013071895426
4 0.39044117647058824 0.4013071895424837 0.027205882352941177 0.03790849673202614
1 0.39191176470588235 0.39869281045751637 0.011764705882352941 0.027450980392156862
1 0.3977941176470588 0.39215686274509803 0.008823529411764706 0.036601307189542485
1 0.40588235294117647 0.3934640522875817 0.007352941176470588 0.030065359477124184
3 0.3941176470588235 0.40522875816993464 0.06985294117647059 0.05751633986928104
2 0.5073529411764706 0.36209150326797385 0.01911764705882353 0.040522875816993466
1 0.5095588235294117 0.36209150326797385 0.008823529411764706 0.027450980392156862
1 0.5095588235294117 0.3542483660130719 0.007352941176470588 0.022222222222222223
1 0.41691176470588237 0.3437908496732026 0.010294117647058823 0.03790849673202614
3 0.38088235294117645 0.3176470588235294 0.05073529411764706 0.048366013071895426
3 0.41691176470588237 0.2679738562091503 0.03161764705882353 0.044444444444444446
3 0.4389705882352941 0.23790849673202613 0.025 0.03529411764705882
4 0.4786764705882353 0.24444444444444444 0.007352941176470588 0.02091503267973856
1 0.4801470588235294 0.23529411764705882 0.0058823529411764705 0.02483660130718954
3 0.46544117647058825 0.19084967320261437 0.01911764705882353 0.030065359477124184
3 0.4786764705882353 0.17516339869281045 0.01911764705882353 0.02875816993464052
3 0.48970588235294116 0.15163398692810456 0.01838235294117647 0.03398692810457516
3 0.5051470588235294 0.12679738562091503 0.016176470588235296 0.023529411764705882
1 0.5058823529411764 0.12287581699346405 0.004411764705882353 0.0196078431372549
3 0.5272058823529412 0.0784313725490196 0.01764705882352941 0.023529411764705882
4 0.6919117647058823 0.49411764705882355 0.0125 0.0457516339869281
1 0.6933823529411764 0.4888888888888889 0.010294117647058823 0.03398692810457516
3 0.5705882352941176 0.3464052287581699 0.04338235294117647 0.048366013071895426
3 0.6051470588235294 0.27320261437908494 0.025 0.040522875816993466
3 0.5625 0.14640522875816994 0.016911764705882352 0.03137254901960784
4 0.6757352941176471 0.24052287581699347 0.008823529411764706 0.023529411764705882
1 0.6764705882352942 0.23529411764705882 0.006617647058823529 0.02483660130718954
1 0.8058823529411765 0.3869281045751634 0.0125 0.0392156862745098
1 0.7345588235294118 0.12287581699346405 0.004411764705882353 0.022222222222222223
2 0.6507352941176471 0.12549019607843137 0.009558823529411765 0.02483660130718954
3 0.6676470588235294 0.10326797385620914 0.011764705882352941 0.018300653594771243
8 0.7227941176470588 0.09411764705882353 0.03235294117647059 0.02483660130718954
4 0.575735294117647 0.1084967320261438 0.004411764705882353 0.013071895424836602
4 0.5808823529411765 0.09281045751633987 0.0058823529411764705 0.013071895424836602
4 0.6044117647058823 0.09803921568627451 0.008823529411764706 0.011764705882352941
1 0.5764705882352941 0.10326797385620914 0.0029411764705882353 0.013071895424836602
1 0.5816176470588236 0.08888888888888889 0.005147058823529412 0.01568627450980392
1 0.6073529411764705 0.09019607843137255 0.004411764705882353 0.01699346405228758
3 0.5470588235294118 0.05620915032679739 0.010294117647058823 0.018300653594771243
1 0.5558823529411765 0.058823529411764705 0.003676470588235294 0.01437908496732026
3 0.6132352941176471 0.048366013071895426 0.010294117647058823 0.01568627450980392
3 0.6205882352941177 0.02875816993464052 0.008088235294117648 0.01437908496732026
3 0.649264705882353 0.027450980392156862 0.008823529411764706 0.011764705882352941
3 0.6235294117647059 0.011764705882352941 0.008088235294117648 0.011764705882352941
2 0.7110294117647059 0.07712418300653595 0.006617647058823529 0.01568627450980392
1 0.7132352941176471 0.07581699346405228 0.0029411764705882353 0.01045751633986928
1 0.6654411764705882 0.05228758169934641 0.003676470588235294 0.01437908496732026
3 0.7720588235294118 0.043137254901960784 0.009558823529411765 0.01568627450980392
3 0.7529411764705882 0.030065359477124184 0.010294117647058823 0.013071895424836602
3 0.7647058823529411 0.03137254901960784 0.010294117647058823 0.011764705882352941
1 0.7470588235294118 0.050980392156862744 0.003676470588235294 0.009150326797385621
1 0.7514705882352941 0.050980392156862744 0.004411764705882353 0.009150326797385621
4 0.44338235294117645 0.16470588235294117 0.014705882352941176 0.01568627450980392
1 0.44485294117647056 0.15816993464052287 0.005147058823529412 0.023529411764705882
3 0.5610294117647059 0.03137254901960784 0.008823529411764706 0.01437908496732026
1 0.46397058823529413 0.11764705882352941 0.0029411764705882353 0.022222222222222223
1 0.4602941176470588 0.12679738562091503 0.0058823529411764705 0.01699346405228758
2 0.8691176470588236 0.6745098039215687 0.015441176470588236 0.05751633986928104
1 0.8654411764705883 0.661437908496732 0.019852941176470587 0.05751633986928104
