3 0.6345588235294117 0.8026143790849674 0.061764705882352944 0.1542483660130719
3 0.6147058823529412 0.6666666666666666 0.05588235294117647 0.13071895424836602
2 0.6360294117647058 0.5843137254901961 0.05955882352941176 0.07058823529411765
1 0.6610294117647059 0.6143790849673203 0.011029411764705883 0.047058823529411764
4 0.788235294117647 0.7908496732026143 0.016911764705882352 0.06274509803921569
3 0.3286764705882353 0.7594771241830065 0.08455882352941177 0.1437908496732026
3 0.2595588235294118 0.8849673202614379 0.09779411764705882 0.11503267973856209
4 0.2838235294117647 0.8248366013071895 0.027941176470588237 0.058823529411764705
3 0.2933823529411765 0.6784313725490196 0.09485294117647058 0.08627450980392157
8 0.24926470588235294 0.5803921568627451 0.12573529411764706 0.10326797385620914
3 0.3492647058823529 0.4888888888888889 0.07205882352941176 0.0784313725490196
3 0.3588235294117647 0.43137254901960786 0.05808823529411765 0.07712418300653595
3 0.36911764705882355 0.38823529411764707 0.05514705882352941 0.06405228758169934
2 0.43970588235294117 0.4 0.010294117647058823 0.03529411764705882
1 0.4404411764705882 0.3869281045751634 0.008088235294117648 0.036601307189542485
3 0.4 0.27058823529411763 0.03308823529411765 0.05228758169934641
4 0.4088235294117647 0.2522875816993464 0.01911764705882353 0.027450980392156862
3 0.4139705882352941 0.23529411764705882 0.03897058823529412 0.0392156862745098
3 0.44779411764705884 0.20784313725490197 0.021323529411764706 0.0392156862745098
3 0.4213235294117647 0.2 0.01911764705882353 0.0392156862745098
8 0.40147058823529413 0.17777777777777778 0.04852941176470588 0.032679738562091505
3 0.425 0.16470588235294117 0.0375 0.02875816993464052
3 0.43014705882352944 0.14248366013071895 0.01911764705882353 0.03529411764705882
3 0.3889705882352941 0.13071895424836602 0.033823529411764704 0.027450980392156862
3 0.4007352941176471 0.09934640522875816 0.03161764705882353 0.027450980392156862
3 0.4279411764705882 0.09934640522875816 0.03455882352941177 0.026143790849673203
3 0.40588235294117647 0.06274509803921569 0.03529411764705882 0.02483660130718954
3 0.5161764705882353 0.3254901960784314 0.02426470588235294 0.047058823529411764
4 0.47794117647058826 0.24183006535947713 0.006617647058823529 0.026143790849673203
1 0.4772058823529412 0.23398692810457516 0.006617647058823529 0.02875816993464052
1 0.5632352941176471 0.265359477124183 0.008088235294117648 0.036601307189542485
1 0.6661764705882353 0.39869281045751637 0.010294117647058823 0.040522875816993466
1 0.6772058823529412 0.40522875816993464 0.011029411764705883 0.040522875816993466
2 0.6286764705882353 0.37516339869281046 0.020588235294117647 0.026143790849673203
2 0.6242647058823529 0.3633986928104575 0.023529411764705882 0.02483660130718954
4 0.6316176470588235 0.2875816993464052 0.021323529411764706 0.02483660130718954
4 0.6963235294117647 0.40522875816993464 0.020588235294117647 0.02875816993464052
4 0.6338235294117647 0.2457516339869281 0.015441176470588236 0.027450980392156862
4 0.6139705882352942 0.17254901960784313 0.015441176470588236 0.0196078431372549
3 0.5941176470588235 0.4130718954248366 0.029411764705882353 0.054901960784313725
3 0.586764705882353 0.3542483660130719 0.030147058823529412 0.05359477124183006
3 0.5830882352941177 0.3032679738562091 0.02426470588235294 0.043137254901960784
3 0.5713235294117647 0.23790849673202613 0.021323529411764706 0.040522875816993466
3 0.5727941176470588 0.21045751633986928 0.020588235294117647 0.032679738562091505
3 0.5705882352941176 0.1830065359477124 0.019852941176470587 0.032679738562091505
3 0.5705882352941176 0.1568627450980392 0.03823529411764706 0.0392156862745098
3 0.5507352941176471 0.16993464052287582 0.01764705882352941 0.032679738562091505
3 0.5514705882352942 0.12810457516339868 0.03308823529411765 0.03398692810457516
1 0.5926470588235294 0.13725490196078433 0.005147058823529412 0.023529411764705882
1 0.5992647058823529 0.13725490196078433 0.005147058823529412 0.02875816993464052
3 0.549264705882353 0.12026143790849673 0.03897058823529412 0.023529411764705882
3 0.5558823529411765 0.10718954248366012 0.03529411764705882 0.02483660130718954
3 0.5639705882352941 0.10326797385620914 0.03602941176470588 0.022222222222222223
3 0.5661764705882353 0.08888888888888889 0.03161764705882353 0.023529411764705882
3 0.5727941176470588 0.08496732026143791 0.03161764705882353 0.02091503267973856
3 0.5705882352941176 0.0784313725490196 0.033823529411764704 0.022222222222222223
3 0.5367647058823529 0.07581699346405228 0.03161764705882353 0.023529411764705882
3 0.5014705882352941 0.09673202614379085 0.01764705882352941 0.027450980392156862
3 0.5080882352941176 0.06143790849673202 0.014705882352941176 0.022222222222222223
3 0.5441176470588235 0.06274509803921569 0.025 0.018300653594771243
3 0.5397058823529411 0.05359477124183006 0.025735294117647058 0.02091503267973856
3 0.5294117647058824 0.047058823529411764 0.027941176470588237 0.022222222222222223
3 0.5360294117647059 0.040522875816993466 0.030882352941176472 0.02091503267973856
3 0.5544117647058824 0.040522875816993466 0.022794117647058822 0.018300653594771243
2 0.6308823529411764 0.32941176470588235 0.01911764705882353 0.022222222222222223
2 0.6286764705882353 0.3241830065359477 0.020588235294117647 0.022222222222222223
2 0.6294117647058823 0.31241830065359477 0.022058823529411766 0.02483660130718954
3 0.5639705882352941 0.023529411764705882 0.025735294117647058 0.026143790849673203
1 0.5294117647058824 0.006535947712418301 0.003676470588235294 0.0196078431372549
2 0.49264705882352944 0.1111111111111111 0.005147058823529412 0.0196078431372549
1 0.49264705882352944 0.10457516339869281 0.005147058823529412 0.02091503267973856
3 0.4647058823529412 0.0915032679738562 0.019852941176470587 0.030065359477124184
3 0.4455882352941177 0.07581699346405228 0.014705882352941176 0.03137254901960784
3 0.44779411764705884 0.07320261437908497 0.023529411764705882 0.022222222222222223
3 0.4625 0.043137254901960784 0.01911764705882353 0.02091503267973856
3 0.45294117647058824 0.050980392156862744 0.014705882352941176 0.02875816993464052
3 0.46397058823529413 0.02875816993464052 0.020588235294117647 0.018300653594771243
3 0.46838235294117647 0.02091503267973856 0.02426470588235294 0.02091503267973856
3 0.4610294117647059 0.009150326797385621 0.025735294117647058 0.01699346405228758
4 0.4985294117647059 0.027450980392156862 0.003676470588235294 0.01437908496732026
1 0.4985294117647059 0.02091503267973856 0.003676470588235294 0.01437908496732026
3 0.5433823529411764 0.0196078431372549 0.020588235294117647 0.0196078431372549
3 0.5367647058823529 0.01437908496732026 0.022058823529411766 0.0196078431372549
3 0.5345588235294118 0.00522875816993464 0.023529411764705882 0.01699346405228758
3 0.538235294117647 0.0 0.01838235294117647 0.01568627450980392
1 0.5705882352941176 0.00261437908496732 0.003676470588235294 0.01568627450980392
