3 0.2171875 0.4388888888888889 0.09635416666666667 0.06944444444444445
1 0.12708333333333333 0.4222222222222222 0.0125 0.026851851851851852
1 0.09270833333333334 0.4101851851851852 0.016666666666666666 0.053703703703703705
1 0.07864583333333333 0.40185185185185185 0.0140625 0.05092592592592592
1 0.10885416666666667 0.40370370370370373 0.0140625 0.05277777777777778
1 0.11302083333333333 0.3990740740740741 0.0125 0.05185185185185185
3 0.5088541666666667 0.6685185185185185 0.17916666666666667 0.1675925925925926
3 0.4036458333333333 0.4064814814814815 0.07760416666666667 0.07685185185185185
3 0.8296875 0.4305555555555556 0.07083333333333333 0.06111111111111111
8 0.7885416666666667 0.3388888888888889 0.053125 0.05555555555555555
2 0.5546875 0.3814814814814815 0.0375 0.04259259259259259
1 0.596875 0.37777777777777777 0.0140625 0.032407407407407406
1 0.6078125 0.3787037037037037 0.0109375 0.027777777777777776
1 0.5979166666666667 0.37777777777777777 0.013020833333333334 0.030555555555555555
2 0.625 0.362962962962963 0.015104166666666667 0.025
2 0.65625 0.35833333333333334 0.022395833333333334 0.025925925925925925
3 0.6734375 0.3351851851851852 0.028125 0.04722222222222222
3 0.5807291666666666 0.1388888888888889 0.0546875 0.04259259259259259
