3 0.07634 0.3598133333333334 0.08696 0.06973333333333333
6 0.36438 0.29522666666666664 0.32436000000000004 0.16768
1 0.6782 0.40021333333333337 0.03056 0.11069333333333332
1 0.48662 0.4014933333333333 0.019100000000000002 0.07328
1 0.46988 0.38808 0.02172 0.08688
1 0.43045999999999995 0.38282666666666665 0.02632 0.07621333333333333
1 0.78624 0.40808 0.00902 0.036533333333333334
1 0.06298 0.3481066666666666 0.02432 0.06986666666666666
1 0.10998000000000001 0.3466666666666667 0.033659999999999995 0.08053333333333333
1 0.01052 0.32266666666666666 0.01912 0.09562666666666667
1 0.72296 0.4164 0.02106 0.08352
3 0.0 0.3298933333333333 0.07408 0.08442666666666666
1 0.74686 0.41842666666666667 0.02702 0.08461333333333333
1 0.8432200000000001 0.28048 0.06528 0.27813333333333334
1 0.59058 0.3197066666666667 0.07478 0.21237333333333333
11 0.21932 0.25906666666666667 0.1989 0.59832
1 0.456 0.392 0.406 0.088
