44 0.60871875 4.68384074941452e-05 0.117265625 0.26210772833723656
44 0.7260156249999999 0.0022950819672131148 0.139171875 0.24730679156908664
47 0.518421875 0.49725995316159255 0.09990625 0.1685714285714286
47 0.5145625 0.6528571428571428 0.088171875 0.13936768149882903
47 0.686796875 0.6224824355971897 0.113390625 0.17681498829039813
47 0.56015625 0.7620374707259953 0.16946875 0.15775175644028103
50 0.712703125 0.6760889929742389 0.13146875 0.17625292740046838
50 0.665265625 0.40566744730679155 0.11785937500000002 0.17662763466042156
50 0.536109375 0.485807962529274 0.09315625 0.13960187353629977
51 0.52025 0.4959484777517565 0.097453125 0.15955503512880562
51 0.641296875 0.46332552693208434 0.108328125 0.14573770491803278
81 0.0 0.1148711943793911 0.9602031249999999 0.873864168618267
47 0.645828125 0.45309133489461356 0.102859375 0.15503512880562062
51 0.690515625 0.6322014051522248 0.106671875 0.16177985948477752
