1 0.419109375 0.2810833333333333 0.131203125 0.42845833333333333
1 0.790453125 0.6808958333333333 0.20954687500000002 0.31910416666666663
61 0.3175625 0.4346875 0.199328125 0.3378333333333333
1 0.7129218749999999 0.33089583333333333 0.28707812499999996 0.496625
1 0.75296875 0.5687083333333334 0.059203125 0.112625
46 0.5646718749999999 0.711625 0.026484374999999998 0.12685416666666666
46 0.581921875 0.7009583333333332 0.030484375 0.1191875
51 0.5886250000000001 0.7401666666666666 0.085328125 0.06064583333333333
51 0.19139062499999998 0.8314583333333334 0.131171875 0.10456249999999999
61 0.639703125 0.6585833333333333 0.16023437499999998 0.1255
67 0.10325 0.3922083333333333 0.707140625 0.5948125
1 0.4948125 0.3584375 0.15778125 0.3922083333333333
1 0.65034375 0.5238125 0.097390625 0.16089583333333335
67 0.0 0.5673125 0.3655625 0.4326666666666667
