3 0.07426470588235294 0.6274509803921569 0.09044117647058823 0.07320261437908497
2 0.0375 0.6039215686274509 0.026470588235294117 0.04183006535947712
2 0.1161764705882353 0.538562091503268 0.01764705882352941 0.0392156862745098
3 0.13455882352941176 0.5045751633986928 0.025 0.03398692810457516
2 0.11176470588235295 0.5006535947712418 0.013235294117647059 0.03398692810457516
3 0.1426470588235294 0.45098039215686275 0.011029411764705883 0.03790849673202614
1 0.24779411764705883 0.4980392156862745 0.010294117647058823 0.0457516339869281
4 0.26544117647058824 0.49673202614379086 0.013235294117647059 0.03529411764705882
3 0.16176470588235295 0.44836601307189544 0.008823529411764706 0.023529411764705882
1 0.1713235294117647 0.41568627450980394 0.011029411764705883 0.026143790849673203
1 0.15955882352941175 0.4549019607843137 0.008088235294117648 0.02483660130718954
4 0.19117647058823528 0.3764705882352941 0.008088235294117648 0.027450980392156862
1 0.20588235294117646 0.4300653594771242 0.005147058823529412 0.02875816993464052
1 0.1875 0.4235294117647059 0.007352941176470588 0.026143790849673203
1 0.18235294117647058 0.4418300653594771 0.005147058823529412 0.01568627450980392
1 0.1875 0.4418300653594771 0.004411764705882353 0.01568627450980392
1 0.2161764705882353 0.3607843137254902 0.010294117647058823 0.03398692810457516
1 0.2213235294117647 0.3607843137254902 0.006617647058823529 0.02483660130718954
3 0.2286764705882353 0.36470588235294116 0.05955882352941176 0.0457516339869281
3 0.24338235294117647 0.33464052287581697 0.04779411764705882 0.03529411764705882
3 0.28088235294117647 0.29411764705882354 0.047058823529411764 0.032679738562091505
1 0.31838235294117645 0.38562091503267976 0.008088235294117648 0.02483660130718954
1 0.3235294117647059 0.3843137254901961 0.004411764705882353 0.0196078431372549
2 0.31838235294117645 0.40261437908496733 0.009558823529411765 0.022222222222222223
4 0.28602941176470587 0.25359477124183005 0.013970588235294118 0.018300653594771243
4 0.2757352941176471 0.24705882352941178 0.006617647058823529 0.018300653594771243
1 0.3095588235294118 0.22875816993464052 0.005147058823529412 0.026143790849673203
1 0.3014705882352941 0.22745098039215686 0.005147058823529412 0.02483660130718954
1 0.3720588235294118 0.2522875816993464 0.006617647058823529 0.02483660130718954
3 0.34705882352941175 0.23790849673202613 0.01764705882352941 0.03137254901960784
3 0.3536764705882353 0.2169934640522876 0.013970588235294118 0.030065359477124184
3 0.36911764705882355 0.18169934640522875 0.014705882352941176 0.02483660130718954
1 0.37941176470588234 0.15947712418300652 0.004411764705882353 0.023529411764705882
1 0.3985294117647059 0.4875816993464052 0.011029411764705883 0.027450980392156862
4 0.3985294117647059 0.5006535947712418 0.011029411764705883 0.03137254901960784
3 0.5139705882352941 0.3568627450980392 0.022794117647058822 0.043137254901960784
1 0.5617647058823529 0.34509803921568627 0.009558823529411765 0.032679738562091505
1 0.5683823529411764 0.3176470588235294 0.008823529411764706 0.023529411764705882
2 0.5683823529411764 0.32679738562091504 0.006617647058823529 0.023529411764705882
3 0.5360294117647059 0.20392156862745098 0.0125 0.022222222222222223
3 0.5316176470588235 0.1895424836601307 0.016176470588235296 0.018300653594771243
3 0.5294117647058824 0.16339869281045752 0.010294117647058823 0.018300653594771243
1 0.5191176470588236 0.16862745098039217 0.004411764705882353 0.01699346405228758
2 0.5191176470588236 0.17647058823529413 0.004411764705882353 0.011764705882352941
3 0.4661764705882353 0.13594771241830064 0.011029411764705883 0.018300653594771243
3 0.44926470588235295 0.134640522875817 0.011764705882352941 0.01699346405228758
3 0.4625 0.10718954248366012 0.010294117647058823 0.01699346405228758
3 0.4963235294117647 0.11633986928104575 0.009558823529411765 0.01568627450980392
3 0.47794117647058826 0.1084967320261438 0.010294117647058823 0.01699346405228758
3 0.4904411764705882 0.09542483660130718 0.009558823529411765 0.013071895424836602
3 0.46838235294117647 0.08496732026143791 0.008823529411764706 0.013071895424836602
3 0.4852941176470588 0.07581699346405228 0.007352941176470588 0.011764705882352941
3 0.46911764705882353 0.06013071895424837 0.006617647058823529 0.01045751633986928
3 0.4860294117647059 0.06274509803921569 0.007352941176470588 0.01045751633986928
3 0.3191176470588235 0.20392156862745098 0.03897058823529412 0.0196078431372549
3 0.5227941176470589 0.1437908496732026 0.011029411764705883 0.018300653594771243
3 0.5227941176470589 0.13856209150326798 0.011029411764705883 0.018300653594771243
3 0.5191176470588236 0.12941176470588237 0.010294117647058823 0.018300653594771243
3 0.5176470588235295 0.1111111111111111 0.008823529411764706 0.01437908496732026
3 0.5154411764705882 0.10326797385620914 0.009558823529411765 0.013071895424836602
3 0.513235294117647 0.09542483660130718 0.009558823529411765 0.013071895424836602
3 0.5095588235294117 0.08758169934640522 0.008088235294117648 0.013071895424836602
3 0.5117647058823529 0.08235294117647059 0.007352941176470588 0.01045751633986928
3 0.5125 0.0784313725490196 0.006617647058823529 0.009150326797385621
3 0.5970588235294118 0.2196078431372549 0.013970588235294118 0.02483660130718954
3 0.611764705882353 0.20261437908496732 0.033823529411764704 0.02091503267973856
3 0.6058823529411764 0.19607843137254902 0.033823529411764704 0.01699346405228758
3 0.575 0.15816993464052287 0.011029411764705883 0.01699346405228758
3 0.5617647058823529 0.13725490196078433 0.011029411764705883 0.01699346405228758
3 0.5654411764705882 0.13071895424836602 0.01838235294117647 0.013071895424836602
3 0.5617647058823529 0.12549019607843137 0.021323529411764706 0.013071895424836602
3 0.6022058823529411 0.17908496732026144 0.03161764705882353 0.022222222222222223
2 0.5845588235294118 0.15816993464052287 0.016911764705882352 0.01568627450980392
3 0.4441176470588235 0.1084967320261438 0.009558823529411765 0.013071895424836602
1 0.3985294117647059 0.13725490196078433 0.0029411764705882353 0.00784313725490196
4 0.3977941176470588 0.14248366013071895 0.004411764705882353 0.009150326797385621
3 0.3830882352941177 0.10457516339869281 0.01838235294117647 0.018300653594771243
3 0.3889705882352941 0.08888888888888889 0.020588235294117647 0.01568627450980392
1 0.6661764705882353 0.3411764705882353 0.004411764705882353 0.018300653594771243
1 0.6551470588235294 0.33986928104575165 0.007352941176470588 0.018300653594771243
1 0.6595588235294118 0.330718954248366 0.006617647058823529 0.03137254901960784
3 0.6551470588235294 0.29411764705882354 0.04779411764705882 0.023529411764705882
3 0.8779411764705882 0.9320261437908497 0.07426470588235294 0.06797385620915032
4 0.9573529411764706 0.8967320261437909 0.022058823529411766 0.05228758169934641
3 0.7897058823529411 0.7006535947712418 0.05588235294117647 0.10326797385620914
3 0.7558823529411764 0.615686274509804 0.05808823529411765 0.07712418300653595
3 0.7301470588235294 0.5320261437908497 0.03897058823529412 0.07450980392156863
3 0.6507352941176471 0.4745098039215686 0.05588235294117647 0.06013071895424837
3 0.9308823529411765 0.5045751633986928 0.06911764705882353 0.058823529411764705
3 0.8933823529411765 0.46013071895424834 0.06911764705882353 0.0457516339869281
3 0.8867647058823529 0.43790849673202614 0.06838235294117648 0.03790849673202614
3 0.8713235294117647 0.4235294117647059 0.058823529411764705 0.03398692810457516
3 0.8345588235294118 0.3803921568627451 0.07279411764705883 0.044444444444444446
3 0.5816176470588236 0.17516339869281045 0.008823529411764706 0.011764705882352941
1 0.5 0.07450980392156863 0.004411764705882353 0.00784313725490196
1 0.5036764705882353 0.06666666666666667 0.003676470588235294 0.006535947712418301
4 0.5036764705882353 0.07058823529411765 0.004411764705882353 0.006535947712418301
4 0.5 0.0784313725490196 0.003676470588235294 0.006535947712418301
4 0.4970588235294118 0.07581699346405228 0.005147058823529412 0.006535947712418301
1 0.4985294117647059 0.07058823529411765 0.004411764705882353 0.009150326797385621
3 0.4198529411764706 0.07320261437908497 0.008823529411764706 0.013071895424836602
3 0.4235294117647059 0.06143790849673202 0.008088235294117648 0.01437908496732026
