8 0.6130208333333333 0.6092592592592593 0.04114583333333333 0.03425925925925926
1 0.16770833333333332 0.7333333333333333 0.005208333333333333 0.016666666666666666
1 0.3265625 0.6351851851851852 0.0036458333333333334 0.019444444444444445
1 0.3359375 0.6277777777777778 0.004166666666666667 0.019444444444444445
3 0.34270833333333334 0.6342592592592593 0.025520833333333333 0.025925925925925925
8 0.35885416666666664 0.49907407407407406 0.016145833333333335 0.023148148148148147
3 0.5057291666666667 0.524074074074074 0.01875 0.017592592592592594
3 0.5473958333333333 0.5361111111111111 0.023958333333333335 0.023148148148148147
3 0.6302083333333334 0.5268518518518519 0.027604166666666666 0.014814814814814815
3 0.23854166666666668 0.5037037037037037 0.007291666666666667 0.007407407407407408
