8 0.25104166666666666 0.43333333333333335 0.19166666666666668 0.5666666666666667
3 0.42083333333333334 0.6092592592592593 0.046875 0.14629629629629629
3 0.49583333333333335 0.3851851851851852 0.0375 0.1037037037037037
2 0.45729166666666665 0.3962962962962963 0.030208333333333334 0.07592592592592592
8 0.45729166666666665 0.19814814814814816 0.042708333333333334 0.18333333333333332
3 0.37916666666666665 0.25 0.058333333333333334 0.05740740740740741
3 0.36354166666666665 0.16111111111111112 0.027083333333333334 0.05185185185185185
8 0.5 0.011111111111111112 0.025 0.05925925925925926
3 0.6083333333333333 0.06296296296296296 0.04583333333333333 0.04259259259259259
1 0.7 0.3537037037037037 0.0125 0.040740740740740744
8 0.5760416666666667 0.11296296296296296 0.057291666666666664 0.05740740740740741
8 0.5739583333333333 0.14074074074074075 0.06354166666666666 0.05555555555555555
2 0.31666666666666665 0.21481481481481482 0.021875 0.046296296296296294
3 0.3385416666666667 0.1685185185185185 0.023958333333333335 0.05185185185185185
2 0.45 0.13333333333333333 0.010416666666666666 0.03518518518518519
1 0.44479166666666664 0.5166666666666667 0.016666666666666666 0.04259259259259259
4 0.446875 0.5111111111111111 0.0125 0.06666666666666667
1 0.5010416666666667 0.19814814814814816 0.007291666666666667 0.03148148148148148
4 0.5 0.20555555555555555 0.008333333333333333 0.03148148148148148
2 0.534375 0.06296296296296296 0.0125 0.040740740740740744
