1 0.33584375 0.39775175644028105 0.29235937500000003 0.5887587822014052
1 0.0006406249999999999 0.40838407494145196 0.099265625 0.32297423887587823
1 0.9397500000000001 0.5732786885245902 0.060250000000000005 0.3092505854800937
52 0.474203125 0.2905152224824356 0.18757812499999998 0.13580796252927402
52 0.64325 0.3381264637002342 0.08078125 0.1950585480093677
52 0.364765625 0.012365339578454333 0.305546875 0.39953161592505854
52 0.14590625 0.7397658079625292 0.101703125 0.11798594847775176
52 0.19820312499999998 0.679672131147541 0.030203124999999997 0.054730679156908664
1 0.0 0.8131147540983606 0.28318750000000004 0.18688524590163932
1 0.0 0.5978688524590163 0.13125 0.29936768149882903
1 0.707875 0.5530444964871194 0.18128125 0.44695550351288055
1 0.806953125 0.5592037470725996 0.074671875 0.3344028103044496
1 0.730609375 0.520655737704918 0.04228125 0.09800936768149883
1 0.27696875 0.775807962529274 0.11168750000000001 0.22374707259953164
