72 0.29515406162464985 0.0051600000000000005 0.5208683473389355 0.27686
82 0.009439775910364146 0.0022400000000000002 0.24549019607843137 0.58878
84 0.9140056022408964 0.144 0.0853501400560224 0.09409999999999999
84 0.9509243697478992 0.25812 0.04907563025210084 0.10382
84 0.9675910364145659 0.36818 0.03240896358543417 0.09392
3 0.5231372549019607 0.13126 0.03529411764705882 0.02056
84 0.9644537815126051 0.00026000000000000003 0.0075350140056022405 0.03976
84 0.919859943977591 0.06459999999999999 0.008795518207282913 0.0645
84 0.9782913165266106 0.05074 0.02134453781512605 0.0728
84 0.9868067226890757 0.16848 0.012801120448179272 0.07006
84 0.9343137254901961 0.25827999999999995 0.025322128851540615 0.09356
84 0.9555742296918767 0.35963999999999996 0.04131652661064426 0.10056
84 0.9841736694677872 0.58054 0.015826330532212884 0.10304
84 0.9424929971988796 0.36557999999999996 0.019971988795518206 0.08965999999999999
17 0.33103641456582633 0.61298 0.24011204481792717 0.37404000000000004
84 0.9030252100840336 0.36486 0.03997198879551821 0.08916
