3 0.42083333333333334 0.08333333333333333 0.008333333333333333 0.014814814814814815
3 0.39166666666666666 0.09074074074074075 0.009375 0.014814814814814815
3 0.5052083333333334 0.14814814814814814 0.008333333333333333 0.025925925925925925
3 0.628125 0.6148148148148148 0.0375 0.07037037037037037
3 0.615625 0.37222222222222223 0.022916666666666665 0.037037037037037035
3 0.5989583333333334 0.34444444444444444 0.026041666666666668 0.027777777777777776
3 0.37395833333333334 0.2388888888888889 0.015625 0.024074074074074074
3 0.36666666666666664 0.3685185185185185 0.021875 0.037037037037037035
8 0.471875 0.6296296296296297 0.03854166666666667 0.17037037037037037
8 0.5479166666666667 0.3888888888888889 0.06354166666666666 0.18518518518518517
8 0.45625 0.2777777777777778 0.03229166666666667 0.11851851851851852
8 0.49895833333333334 0.17962962962962964 0.03125 0.06851851851851852
6 0.5052083333333334 0.25 0.028125 0.06296296296296296
3 0.5135416666666667 0.15555555555555556 0.009375 0.014814814814814815
3 0.53125 0.18703703703703703 0.010416666666666666 0.012962962962962963
3 0.5364583333333334 0.2 0.009375 0.022222222222222223
3 0.546875 0.22592592592592592 0.016666666666666666 0.016666666666666666
3 0.5541666666666667 0.2351851851851852 0.016666666666666666 0.022222222222222223
3 0.5645833333333333 0.25 0.015625 0.024074074074074074
8 0.5958333333333333 0.30185185185185187 0.021875 0.046296296296296294
1 0.79375 0.6074074074074074 0.005208333333333333 0.027777777777777776
1 0.8020833333333334 0.6037037037037037 0.009375 0.040740740740740744
1 0.78125 0.3277777777777778 0.003125 0.027777777777777776
1 0.7864583333333334 0.32592592592592595 0.005208333333333333 0.025925925925925925
1 0.38958333333333334 0.6648148148148149 0.007291666666666667 0.025925925925925925
4 0.38645833333333335 0.6611111111111111 0.011458333333333333 0.046296296296296294
3 0.5802083333333333 0.2833333333333333 0.017708333333333333 0.040740740740740744
3 0.48854166666666665 0.12777777777777777 0.0125 0.014814814814814815
3 0.4354166666666667 0.13333333333333333 0.011458333333333333 0.016666666666666666
3 0.4552083333333333 0.10925925925925926 0.011458333333333333 0.014814814814814815
3 0.48125 0.11296296296296296 0.010416666666666666 0.014814814814814815
3 0.4739583333333333 0.10555555555555556 0.0125 0.012962962962962963
3 0.46458333333333335 0.09814814814814815 0.013541666666666667 0.011111111111111112
3 0.46145833333333336 0.08888888888888889 0.011458333333333333 0.011111111111111112
3 0.45625 0.08148148148148149 0.0125 0.012962962962962963
6 0.43645833333333334 0.08333333333333333 0.017708333333333333 0.024074074074074074
1 0.42083333333333334 0.4185185185185185 0.00625 0.025925925925925925
4 0.4197916666666667 0.42777777777777776 0.009375 0.024074074074074074
1 0.35625 0.13518518518518519 0.005208333333333333 0.011111111111111112
4 0.3541666666666667 0.1425925925925926 0.009375 0.007407407407407408
