3 0.8239583333333333 0.45 0.04583333333333333 0.02962962962962963
3 0.8197916666666667 0.42777777777777776 0.05 0.03333333333333333
1 0.4822916666666667 0.9351851851851852 0.013541666666666667 0.06481481481481481
1 0.4979166666666667 0.8944444444444445 0.015625 0.05555555555555555
1 0.5489583333333333 0.7944444444444444 0.010416666666666666 0.05555555555555555
4 0.5916666666666667 0.34814814814814815 0.00625 0.022222222222222223
2 0.584375 0.362962962962963 0.008333333333333333 0.022222222222222223
2 0.6229166666666667 0.31666666666666665 0.011458333333333333 0.022222222222222223
3 0.7125 0.45740740740740743 0.027083333333333334 0.04814814814814815
3 0.7364583333333333 0.3425925925925926 0.020833333333333332 0.03518518518518519
3 0.809375 0.29444444444444445 0.041666666666666664 0.02962962962962963
3 0.8 0.2722222222222222 0.0375 0.024074074074074074
3 0.8 0.26296296296296295 0.03854166666666667 0.024074074074074074
8 0.8020833333333334 0.23703703703703705 0.040625 0.03888888888888889
3 0.790625 0.23148148148148148 0.019791666666666666 0.020370370370370372
3 0.7708333333333334 0.2388888888888889 0.013541666666666667 0.024074074074074074
3 0.8083333333333333 0.17777777777777778 0.025 0.014814814814814815
3 0.8041666666666667 0.1648148148148148 0.025 0.014814814814814815
3 0.7958333333333333 0.11666666666666667 0.010416666666666666 0.012962962962962963
3 0.8104166666666667 0.14444444444444443 0.020833333333333332 0.016666666666666666
1 0.6614583333333334 0.2740740740740741 0.005208333333333333 0.016666666666666666
1 0.6645833333333333 0.28888888888888886 0.005208333333333333 0.018518518518518517
4 0.6625 0.29074074074074074 0.008333333333333333 0.020370370370370372
1 0.7145833333333333 0.2074074074074074 0.003125 0.016666666666666666
1 0.7166666666666667 0.2 0.003125 0.016666666666666666
1 0.7333333333333333 0.15185185185185185 0.003125 0.012962962962962963
1 0.7791666666666667 0.17222222222222222 0.003125 0.011111111111111112
4 0.7791666666666667 0.17407407407407408 0.003125 0.011111111111111112
1 0.7604166666666666 0.19444444444444445 0.00625 0.018518518518518517
3 0.678125 0.2833333333333333 0.03854166666666667 0.025925925925925925
3 0.6822916666666666 0.2722222222222222 0.035416666666666666 0.025925925925925925
3 0.71875 0.26296296296296295 0.015625 0.027777777777777776
3 0.6979166666666666 0.24259259259259258 0.027083333333333334 0.027777777777777776
3 0.7041666666666667 0.23333333333333334 0.028125 0.027777777777777776
3 0.7104166666666667 0.2222222222222222 0.025 0.016666666666666666
3 0.7114583333333333 0.21666666666666667 0.027083333333333334 0.020370370370370372
3 0.7125 0.21296296296296297 0.028125 0.018518518518518517
3 0.7666666666666667 0.11851851851851852 0.010416666666666666 0.011111111111111112
3 0.753125 0.1259259259259259 0.017708333333333333 0.011111111111111112
3 0.7208333333333333 0.1962962962962963 0.027083333333333334 0.020370370370370372
