1 0.9492647058823529 0.8379084967320262 0.007352941176470588 0.036601307189542485
1 0.9345588235294118 0.8274509803921568 0.011764705882352941 0.048366013071895426
3 0.7845588235294118 0.7503267973856209 0.061764705882352944 0.06666666666666667
3 0.7625 0.6339869281045751 0.054411764705882354 0.03529411764705882
3 0.7661764705882353 0.596078431372549 0.04411764705882353 0.03137254901960784
3 0.7522058823529412 0.5790849673202615 0.04338235294117647 0.03137254901960784
1 0.7455882352941177 0.6143790849673203 0.005147058823529412 0.023529411764705882
1 0.7360294117647059 0.6130718954248366 0.007352941176470588 0.030065359477124184
1 0.7205882352941176 0.7137254901960784 0.008088235294117648 0.0392156862745098
1 0.7132352941176471 0.7163398692810458 0.007352941176470588 0.03790849673202614
1 0.7073529411764706 0.7058823529411765 0.0058823529411764705 0.03790849673202614
1 0.7088235294117647 0.6980392156862745 0.011029411764705883 0.02091503267973856
1 0.6257352941176471 0.8248366013071895 0.011764705882352941 0.032679738562091505
4 0.625 0.8379084967320262 0.011029411764705883 0.040522875816993466
1 0.32794117647058824 0.8235294117647058 0.013970588235294118 0.050980392156862744
3 0.35294117647058826 0.7555555555555555 0.03676470588235294 0.06797385620915032
3 0.12205882352941176 0.788235294117647 0.07647058823529412 0.054901960784313725
1 0.019852941176470587 0.673202614379085 0.013970588235294118 0.026143790849673203
1 0.004411764705882353 0.6836601307189543 0.011029411764705883 0.023529411764705882
1 0.0 0.6849673202614379 0.0058823529411764705 0.02483660130718954
2 0.026470588235294117 0.677124183006536 0.03529411764705882 0.05228758169934641
1 0.15808823529411764 0.5751633986928104 0.007352941176470588 0.03529411764705882
2 0.7205882352941176 0.5124183006535947 0.016176470588235296 0.02091503267973856
3 0.7 0.48366013071895425 0.013970588235294118 0.02483660130718954
3 0.6602941176470588 0.5241830065359477 0.020588235294117647 0.01699346405228758
3 0.6161764705882353 0.538562091503268 0.01911764705882353 0.027450980392156862
3 0.524264705882353 0.5228758169934641 0.016176470588235296 0.023529411764705882
1 0.5455882352941176 0.4928104575163399 0.004411764705882353 0.01045751633986928
4 0.5455882352941176 0.4993464052287582 0.005147058823529412 0.013071895424836602
1 0.5977941176470588 0.4954248366013072 0.005147058823529412 0.022222222222222223
3 0.6036764705882353 0.49019607843137253 0.013235294117647059 0.026143790849673203
3 0.6294117647058823 0.4444444444444444 0.014705882352941176 0.023529411764705882
8 0.5845588235294118 0.4339869281045752 0.025735294117647058 0.054901960784313725
8 0.5617647058823529 0.39738562091503266 0.016176470588235296 0.03398692810457516
8 0.5992647058823529 0.3738562091503268 0.008823529411764706 0.01568627450980392
3 0.5852941176470589 0.3790849673202614 0.008088235294117648 0.01437908496732026
3 0.5514705882352942 0.39738562091503266 0.008823529411764706 0.01699346405228758
3 0.5205882352941177 0.4130718954248366 0.008088235294117648 0.013071895424836602
3 0.5191176470588236 0.4013071895424837 0.007352941176470588 0.011764705882352941
3 0.5183823529411765 0.39215686274509803 0.005147058823529412 0.013071895424836602
3 0.5161764705882353 0.38562091503267976 0.006617647058823529 0.009150326797385621
3 0.513235294117647 0.37777777777777777 0.006617647058823529 0.01045751633986928
3 0.5095588235294117 0.3660130718954248 0.006617647058823529 0.01045751633986928
3 0.5073529411764706 0.3607843137254902 0.0058823529411764705 0.011764705882352941
3 0.5080882352941176 0.35294117647058826 0.0058823529411764705 0.009150326797385621
3 0.5051470588235294 0.33725490196078434 0.0058823529411764705 0.00784313725490196
3 0.4963235294117647 0.46143790849673205 0.011764705882352941 0.0196078431372549
3 0.5007352941176471 0.39477124183006534 0.008823529411764706 0.011764705882352941
3 0.4970588235294118 0.38562091503267976 0.006617647058823529 0.01437908496732026
1 0.5139705882352941 0.4222222222222222 0.003676470588235294 0.01045751633986928
4 0.5139705882352941 0.4300653594771242 0.003676470588235294 0.011764705882352941
1 0.5316176470588235 0.42483660130718953 0.0029411764705882353 0.01699346405228758
3 0.4948529411764706 0.3673202614379085 0.0058823529411764705 0.01045751633986928
2 0.5 0.3607843137254902 0.005147058823529412 0.011764705882352941
1 0.5022058823529412 0.3738562091503268 0.003676470588235294 0.00784313725490196
2 0.5014705882352941 0.3764705882352941 0.0058823529411764705 0.009150326797385621
3 0.49264705882352944 0.3503267973856209 0.005147058823529412 0.00784313725490196
3 0.4970588235294118 0.34509803921568627 0.004411764705882353 0.00784313725490196
3 0.49117647058823527 0.3411764705882353 0.005147058823529412 0.00784313725490196
3 0.49264705882352944 0.3359477124183007 0.005147058823529412 0.009150326797385621
3 0.48308823529411765 0.33202614379084966 0.004411764705882353 0.009150326797385621
3 0.48308823529411765 0.34248366013071896 0.004411764705882353 0.00784313725490196
3 0.4860294117647059 0.3542483660130719 0.006617647058823529 0.00784313725490196
3 0.4727941176470588 0.38300653594771245 0.008088235294117648 0.011764705882352941
3 0.46176470588235297 0.3660130718954248 0.0058823529411764705 0.009150326797385621
3 0.46176470588235297 0.3738562091503268 0.0058823529411764705 0.01045751633986928
3 0.4588235294117647 0.3803921568627451 0.007352941176470588 0.013071895424836602
3 0.46691176470588236 0.3934640522875817 0.008823529411764706 0.018300653594771243
3 0.4772058823529412 0.41045751633986927 0.009558823529411765 0.01437908496732026
3 0.46176470588235297 0.40522875816993464 0.008823529411764706 0.01699346405228758
2 0.4551470588235294 0.4287581699346405 0.006617647058823529 0.022222222222222223
1 0.4566176470588235 0.4339869281045752 0.003676470588235294 0.01045751633986928
1 0.3610294117647059 0.5450980392156862 0.005147058823529412 0.018300653594771243
4 0.35955882352941176 0.5555555555555556 0.007352941176470588 0.0196078431372549
1 0.2757352941176471 0.5673202614379085 0.009558823529411765 0.02091503267973856
4 0.2727941176470588 0.5738562091503268 0.013235294117647059 0.026143790849673203
1 0.16911764705882354 0.596078431372549 0.005147058823529412 0.013071895424836602
3 0.175 0.5542483660130719 0.04779411764705882 0.03790849673202614
3 0.19044117647058822 0.538562091503268 0.04411764705882353 0.02875816993464052
3 0.2051470588235294 0.5281045751633987 0.039705882352941174 0.030065359477124184
3 0.21764705882352942 0.5176470588235295 0.03602941176470588 0.026143790849673203
3 0.2286764705882353 0.5111111111111111 0.039705882352941174 0.027450980392156862
3 0.24632352941176472 0.5045751633986928 0.033823529411764704 0.0196078431372549
4 0.24411764705882352 0.4954248366013072 0.004411764705882353 0.01437908496732026
3 0.2514705882352941 0.48104575163398694 0.027205882352941177 0.023529411764705882
4 0.26838235294117646 0.47058823529411764 0.010294117647058823 0.013071895424836602
4 0.2757352941176471 0.46797385620915033 0.009558823529411765 0.009150326797385621
1 0.2772058823529412 0.4418300653594771 0.004411764705882353 0.02091503267973856
3 0.32794117647058824 0.46405228758169936 0.013970588235294118 0.022222222222222223
3 0.34558823529411764 0.4470588235294118 0.011764705882352941 0.01699346405228758
3 0.3573529411764706 0.42745098039215684 0.011029411764705883 0.0196078431372549
3 0.3625 0.4196078431372549 0.021323529411764706 0.01568627450980392
8 0.36470588235294116 0.4143790849673203 0.009558823529411765 0.01437908496732026
3 0.3779411764705882 0.403921568627451 0.008823529411764706 0.01568627450980392
3 0.3801470588235294 0.4 0.007352941176470588 0.01437908496732026
2 0.31691176470588234 0.42745098039215684 0.011029411764705883 0.013071895424836602
1 0.34411764705882353 0.42483660130718953 0.003676470588235294 0.009150326797385621
1 0.34044117647058825 0.4235294117647059 0.0029411764705882353 0.01045751633986928
1 0.33676470588235297 0.42483660130718953 0.0029411764705882353 0.009150326797385621
1 0.3588235294117647 0.39869281045751637 0.004411764705882353 0.013071895424836602
1 0.3551470588235294 0.39477124183006534 0.0029411764705882353 0.011764705882352941
3 0.3625 0.3790849673202614 0.008823529411764706 0.011764705882352941
1 0.4007352941176471 0.4287581699346405 0.004411764705882353 0.01568627450980392
3 0.4139705882352941 0.40522875816993464 0.011029411764705883 0.01437908496732026
3 0.4235294117647059 0.38823529411764707 0.007352941176470588 0.011764705882352941
3 0.4183823529411765 0.3503267973856209 0.013235294117647059 0.01045751633986928
3 0.38529411764705884 0.3542483660130719 0.006617647058823529 0.011764705882352941
3 0.3926470588235294 0.3503267973856209 0.011764705882352941 0.009150326797385621
3 0.3985294117647059 0.33986928104575165 0.0058823529411764705 0.009150326797385621
3 0.42058823529411765 0.33986928104575165 0.003676470588235294 0.00784313725490196
3 0.4227941176470588 0.330718954248366 0.005147058823529412 0.009150326797385621
1 0.4183823529411765 0.33464052287581697 0.0022058823529411764 0.01045751633986928
3 0.41323529411764703 0.3281045751633987 0.003676470588235294 0.006535947712418301
