44 0.5446718749999999 0.09029166666666667 0.035171875000000005 0.142
44 0.793390625 0.12239583333333333 0.055359375 0.13729166666666667
62 0.0016875000000000002 0.59775 0.15337499999999998 0.19235416666666666
67 0.0 0.4520416666666666 0.97325 0.5358750000000001
1 0.0 0.0 0.411890625 0.7567708333333333
1 0.27809375 0.0 0.2460625 0.5505625
51 0.8938437499999999 0.8322708333333334 0.10615625 0.16772916666666668
44 0.9075625 0.16560416666666666 0.030265625 0.11110416666666666
44 0.782015625 0.18425 0.014499999999999999 0.06866666666666667
59 0.603375 0.507875 0.21404687500000003 0.10560416666666667
59 0.503140625 0.5741875000000001 0.1984375 0.10583333333333332
44 0.8455937499999999 0.3952291666666667 0.0881875 0.20914583333333334
44 0.31460937499999997 0.09037500000000001 0.01509375 0.04058333333333333
