3 0.0 0.8248366013071895 0.15808823529411764 0.15555555555555556
3 0.13602941176470587 0.7477124183006536 0.16691176470588234 0.16209150326797386
1 0.033823529411764704 0.6967320261437908 0.030147058823529412 0.09542483660130718
1 0.04926470588235294 0.6915032679738562 0.030147058823529412 0.09673202614379085
4 0.09117647058823529 0.6875816993464052 0.03823529411764706 0.06274509803921569
2 0.15955882352941175 0.6915032679738562 0.08161764705882353 0.0718954248366013
2 0.2051470588235294 0.6248366013071895 0.09044117647058823 0.1111111111111111
2 0.2514705882352941 0.6078431372549019 0.0713235294117647 0.06928104575163399
1 0.28308823529411764 0.5633986928104575 0.019852941176470587 0.06928104575163399
1 0.2647058823529412 0.5058823529411764 0.021323529411764706 0.044444444444444446
1 0.2713235294117647 0.47320261437908495 0.014705882352941176 0.03790849673202614
1 0.27205882352941174 0.4169934640522876 0.013235294117647059 0.044444444444444446
4 0.2889705882352941 0.530718954248366 0.03529411764705882 0.04967320261437908
1 0.31470588235294117 0.5006535947712418 0.01764705882352941 0.0392156862745098
4 0.30808823529411766 0.5163398692810458 0.03235294117647059 0.030065359477124184
1 0.3941176470588235 0.4627450980392157 0.016176470588235296 0.0457516339869281
3 0.2963235294117647 0.5254901960784314 0.08602941176470588 0.10980392156862745
3 0.3110294117647059 0.45359477124183006 0.04926470588235294 0.08235294117647059
3 0.29044117647058826 0.3803921568627451 0.04485294117647059 0.07450980392156863
3 0.26544117647058824 0.3633986928104575 0.041176470588235294 0.054901960784313725
3 0.25882352941176473 0.33725490196078434 0.03308823529411765 0.047058823529411764
3 0.24485294117647058 0.3045751633986928 0.03308823529411765 0.0457516339869281
3 0.24044117647058824 0.2875816993464052 0.025735294117647058 0.04183006535947712
3 0.22720588235294117 0.26666666666666666 0.025735294117647058 0.04183006535947712
3 0.25 0.25359477124183005 0.01911764705882353 0.0392156862745098
1 0.26691176470588235 0.26405228758169935 0.009558823529411765 0.03529411764705882
1 0.3235294117647059 0.3503267973856209 0.009558823529411765 0.030065359477124184
2 0.3191176470588235 0.3568627450980392 0.016911764705882352 0.032679738562091505
3 0.4441176470588235 0.7111111111111111 0.09411764705882353 0.19869281045751633
4 0.3911764705882353 0.4875816993464052 0.020588235294117647 0.044444444444444446
3 0.4948529411764706 0.5398692810457516 0.0838235294117647 0.1084967320261438
1 0.5507352941176471 0.538562091503268 0.016176470588235296 0.05751633986928104
1 0.5801470588235295 0.5882352941176471 0.016176470588235296 0.0915032679738562
1 0.6095588235294118 0.7098039215686275 0.02426470588235294 0.10065359477124183
1 0.6058823529411764 0.6941176470588235 0.021323529411764706 0.09281045751633987
3 0.5801470588235295 0.4915032679738562 0.07352941176470588 0.12549019607843137
3 0.6433823529411765 0.5084967320261438 0.09264705882352942 0.10326797385620914
3 0.5720588235294117 0.4339869281045752 0.06323529411764706 0.08366013071895424
3 0.5198529411764706 0.39869281045751637 0.054411764705882354 0.06143790849673202
1 0.6161764705882353 0.3359477124183007 0.008088235294117648 0.040522875816993466
1 0.8522058823529411 0.6052287581699346 0.028676470588235293 0.08366013071895424
1 0.8816176470588235 0.6405228758169934 0.014705882352941176 0.03398692810457516
1 0.9654411764705882 0.6039215686274509 0.029411764705882353 0.08104575163398693
1 0.9492647058823529 0.5830065359477125 0.021323529411764706 0.07320261437908497
3 0.6566176470588235 0.3032679738562091 0.03455882352941177 0.0392156862745098
4 0.7213235294117647 0.3281045751633987 0.022058823529411766 0.02875816993464052
3 0.7 0.34248366013071896 0.05955882352941176 0.047058823529411764
3 0.7492647058823529 0.37254901960784315 0.06397058823529411 0.050980392156862744
2 0.8110294117647059 0.3411764705882353 0.03823529411764706 0.040522875816993466
1 0.8308823529411765 0.3843137254901961 0.013970588235294118 0.03137254901960784
3 0.8264705882352941 0.38823529411764707 0.05588235294117647 0.054901960784313725
1 0.9110294117647059 0.33202614379084966 0.013235294117647059 0.04183006535947712
1 0.9279411764705883 0.33986928104575165 0.011029411764705883 0.03529411764705882
1 0.9367647058823529 0.33202614379084966 0.009558823529411765 0.0392156862745098
3 0.8860294117647058 0.4013071895424837 0.05367647058823529 0.05751633986928104
3 0.9382352941176471 0.4287581699346405 0.058823529411764705 0.06535947712418301
