1 0.13529411764705881 0.0196078431372549 0.011764705882352941 0.0392156862745098
1 0.1610294117647059 0.054901960784313725 0.010294117647058823 0.03529411764705882
4 0.15220588235294116 0.06797385620915032 0.028676470588235293 0.027450980392156862
1 0.18161764705882352 0.10326797385620914 0.011029411764705883 0.04183006535947712
2 0.17426470588235293 0.12026143790849673 0.028676470588235293 0.02483660130718954
1 0.21691176470588236 0.044444444444444446 0.006617647058823529 0.02483660130718954
1 0.20955882352941177 0.03529411764705882 0.007352941176470588 0.032679738562091505
4 0.20147058823529412 0.04967320261437908 0.025 0.023529411764705882
1 0.18529411764705883 0.8457516339869281 0.025735294117647058 0.08888888888888889
1 0.21176470588235294 0.8601307189542484 0.019852941176470587 0.07320261437908497
1 0.3816176470588235 0.47320261437908495 0.013970588235294118 0.06535947712418301
1 0.3764705882352941 0.44313725490196076 0.013970588235294118 0.05228758169934641
1 0.2580882352941177 0.06797385620915032 0.007352941176470588 0.02875816993464052
1 0.2625 0.06405228758169934 0.008088235294117648 0.036601307189542485
4 0.25 0.0784313725490196 0.025735294117647058 0.027450980392156862
3 0.275 0.09542483660130718 0.07205882352941176 0.06143790849673202
1 0.38382352941176473 0.07320261437908497 0.008088235294117648 0.018300653594771243
1 0.3713235294117647 0.06013071895424837 0.009558823529411765 0.03137254901960784
1 0.3639705882352941 0.07058823529411765 0.008088235294117648 0.032679738562091505
2 0.3551470588235294 0.07973856209150326 0.039705882352941174 0.030065359477124184
3 0.40294117647058825 0.12418300653594772 0.07426470588235294 0.05359477124183006
3 0.513235294117647 0.10457516339869281 0.06838235294117648 0.05359477124183006
3 0.5235294117647059 0.16209150326797386 0.06102941176470588 0.06405228758169934
3 0.3911764705882353 0.17124183006535948 0.07794117647058824 0.06405228758169934
3 0.4727941176470588 0.22875816993464052 0.08088235294117647 0.06797385620915032
3 0.5558823529411765 0.3032679738562091 0.09191176470588236 0.07320261437908497
1 0.5529411764705883 0.4522875816993464 0.010294117647058823 0.06405228758169934
1 0.5985294117647059 0.41830065359477125 0.009558823529411765 0.05228758169934641
2 0.5676470588235294 0.42745098039215684 0.03235294117647059 0.05228758169934641
1 0.625 0.41830065359477125 0.008823529411764706 0.04967320261437908
2 0.5794117647058824 0.38300653594771245 0.07573529411764705 0.08235294117647059
1 0.45 0.42091503267973857 0.013970588235294118 0.06274509803921569
1 0.4485294117647059 0.46013071895424834 0.011029411764705883 0.047058823529411764
4 0.43161764705882355 0.4823529411764706 0.03529411764705882 0.03529411764705882
8 0.4610294117647059 0.38823529411764707 0.10220588235294117 0.10326797385620914
1 0.49264705882352944 0.49019607843137253 0.015441176470588236 0.054901960784313725
1 0.45441176470588235 0.5738562091503268 0.01764705882352941 0.048366013071895426
4 0.4470588235294118 0.5895424836601307 0.033823529411764704 0.044444444444444446
1 0.513235294117647 0.5973856209150327 0.011029411764705883 0.06274509803921569
2 0.4455882352941177 0.6039215686274509 0.07352941176470588 0.09542483660130718
1 0.5713235294117647 0.5660130718954248 0.010294117647058823 0.06797385620915032
2 0.5455882352941176 0.5490196078431373 0.07205882352941176 0.07712418300653595
4 0.48970588235294116 0.7986928104575164 0.04779411764705882 0.05359477124183006
3 0.6786764705882353 0.6339869281045751 0.13014705882352942 0.10980392156862745
1 0.7426470588235294 0.5712418300653594 0.016176470588235296 0.06274509803921569
1 0.7507352941176471 0.5555555555555556 0.016176470588235296 0.054901960784313725
1 0.8132352941176471 0.5790849673202615 0.01838235294117647 0.036601307189542485
2 0.799264705882353 0.6 0.047058823529411764 0.04967320261437908
4 0.6845588235294118 0.05751633986928104 0.021323529411764706 0.027450980392156862
3 0.6110294117647059 0.16862745098039217 0.07573529411764705 0.04967320261437908
3 0.7875 0.12156862745098039 0.06397058823529411 0.047058823529411764
1 0.6566176470588235 0.36993464052287583 0.011029411764705883 0.06274509803921569
2 0.6625 0.3843137254901961 0.06544117647058824 0.05751633986928104
1 0.7801470588235294 0.4065359477124183 0.015441176470588236 0.06143790849673202
1 0.7764705882352941 0.3738562091503268 0.011764705882352941 0.047058823529411764
1 0.8897058823529411 0.515032679738562 0.016911764705882352 0.032679738562091505
1 0.9286764705882353 0.5098039215686274 0.0125 0.06274509803921569
2 0.9147058823529411 0.5411764705882353 0.07647058823529412 0.06274509803921569
1 0.8007352941176471 0.4 0.011764705882352941 0.05359477124183006
1 0.8102941176470588 0.39215686274509803 0.011764705882352941 0.06013071895424837
1 0.8279411764705882 0.41830065359477125 0.014705882352941176 0.06274509803921569
1 0.8382352941176471 0.4222222222222222 0.0125 0.05751633986928104
3 0.8838235294117647 0.3607843137254902 0.09558823529411764 0.07973856209150326
3 0.8183823529411764 0.2169934640522876 0.08088235294117647 0.06274509803921569
3 0.9713235294117647 0.36209150326797385 0.028676470588235293 0.07581699346405228
3 0.7875 0.0 0.058823529411764705 0.018300653594771243
3 0.5419117647058823 0.0 0.051470588235294115 0.032679738562091505
