62 0.796875 0.12346938775510204 0.0755 0.10196428571428572
1 0.379890625 0.44650510204081634 0.31656249999999997 0.5258418367346939
1 0.64053125 0.4085204081632653 0.294046875 0.572015306122449
1 0.6193125 0.0 0.09353125 0.20308673469387756
1 0.3130625 0.0 0.10695312500000001 0.15811224489795916
1 0.1220625 0.005306122448979592 0.17581249999999998 0.13229591836734694
39 0.347125 0.14206632653061224 0.094671875 0.3442602040816326
40 0.3798125 0.5696938775510204 0.046828125 0.14471938775510204
62 0.868890625 0.13482142857142856 0.082421875 0.0992857142857143
1 0.274703125 0.002193877551020408 0.10187500000000001 0.11941326530612245
1 0.0 0.001096938775510204 0.0990625 0.12413265306122448
1 0.26568749999999997 0.005943877551020408 0.01575 0.04267857142857143
1 0.401046875 0.0 0.077359375 0.17140306122448978
15 0.693828125 0.09836734693877551 0.076796875 0.11163265306122448
1 0.193140625 0.0 0.0843125 0.08732142857142856
1 0.1431875 0.21479591836734693 0.372265625 0.6779081632653061
