1 0.16979166666666667 0.8425925925925926 0.0067708333333333336 0.012962962962962963
3 0.20364583333333333 0.95 0.0203125 0.05
3 0.20572916666666666 0.8666666666666667 0.017708333333333333 0.075
3 0.290625 0.8805555555555555 0.022395833333333334 0.08148148148148149
3 0.2916666666666667 0.8074074074074075 0.021354166666666667 0.07037037037037037
3 0.29791666666666666 0.7157407407407408 0.017708333333333333 0.06944444444444445
3 0.20364583333333333 0.7759259259259259 0.022395833333333334 0.07407407407407407
3 0.2125 0.7064814814814815 0.016666666666666666 0.06111111111111111
3 0.21354166666666666 0.6416666666666667 0.01875 0.06481481481481481
3 0.19010416666666666 0.6416666666666667 0.018229166666666668 0.06111111111111111
1 0.1875 0.6574074074074074 0.004166666666666667 0.010185185185185186
3 0.23072916666666668 0.5879629629629629 0.021354166666666667 0.06296296296296296
3 0.29739583333333336 0.6453703703703704 0.022395833333333334 0.06296296296296296
3 0.3015625 0.5611111111111111 0.016666666666666666 0.06944444444444445
8 0.2640625 0.7305555555555555 0.021354166666666667 0.09351851851851851
1 0.19635416666666666 0.5898148148148148 0.005729166666666666 0.011111111111111112
1 0.16770833333333332 0.5740740740740741 0.008333333333333333 0.011111111111111112
1 0.18802083333333333 0.5740740740740741 0.008854166666666666 0.012037037037037037
1 0.19322916666666667 0.562962962962963 0.005729166666666666 0.009259259259259259
1 0.18802083333333333 0.4398148148148148 0.004166666666666667 0.008333333333333333
1 0.18489583333333334 0.4388888888888889 0.0046875 0.010185185185185186
1 0.18229166666666666 0.4222222222222222 0.007291666666666667 0.012037037037037037
2 0.17552083333333332 0.37407407407407406 0.019791666666666666 0.021296296296296296
4 0.18489583333333334 0.34814814814814815 0.015104166666666667 0.014814814814814815
1 0.2234375 0.32222222222222224 0.005729166666666666 0.012037037037037037
1 0.20572916666666666 0.2953703703703704 0.0046875 0.012037037037037037
1 0.2 0.29259259259259257 0.00625 0.017592592592592594
3 0.225 0.5157407407407407 0.017708333333333333 0.05740740740740741
3 0.22395833333333334 0.4583333333333333 0.016145833333333335 0.05462962962962963
3 0.2265625 0.4027777777777778 0.016666666666666666 0.053703703703703705
3 0.28125 0.48518518518518516 0.018229166666666668 0.06111111111111111
3 0.303125 0.49722222222222223 0.016145833333333335 0.06481481481481481
3 0.30416666666666664 0.4148148148148148 0.017708333333333333 0.05925925925925926
3 0.3067708333333333 0.35462962962962963 0.015625 0.05555555555555555
3 0.30833333333333335 0.2898148148148148 0.016666666666666666 0.05462962962962963
4 0.23645833333333333 0.337037037037037 0.0125 0.013888888888888888
3 0.23072916666666668 0.2953703703703704 0.0296875 0.04537037037037037
3 0.26875 0.28425925925925927 0.013541666666666667 0.05185185185185185
3 0.2911458333333333 0.24537037037037038 0.015104166666666667 0.05185185185185185
3 0.3078125 0.22962962962962963 0.015104166666666667 0.053703703703703705
3 0.30885416666666665 0.16944444444444445 0.0171875 0.05
3 0.3515625 0.28888888888888886 0.014583333333333334 0.053703703703703705
3 0.3489583333333333 0.35 0.016145833333333335 0.05277777777777778
3 0.3765625 0.3277777777777778 0.014583333333333334 0.053703703703703705
3 0.35 0.22314814814814815 0.015625 0.04722222222222222
3 0.35520833333333335 0.1712962962962963 0.013541666666666667 0.049074074074074076
3 0.353125 0.1175925925925926 0.014583333333333334 0.04814814814814815
3 0.30885416666666665 0.10092592592592593 0.018229166666666668 0.05462962962962963
3 0.271875 0.08518518518518518 0.014583333333333334 0.049074074074074076
3 0.25833333333333336 0.046296296296296294 0.016666666666666666 0.05185185185185185
3 0.25 0.2074074074074074 0.017708333333333333 0.05648148148148148
3 0.23177083333333334 0.26296296296296295 0.03125 0.03981481481481482
3 0.2359375 0.22592592592592592 0.0140625 0.05
3 0.2046875 0.22592592592592592 0.0296875 0.028703703703703703
2 0.17604166666666668 0.23333333333333334 0.013020833333333334 0.012962962962962963
3 0.21666666666666667 0.20185185185185187 0.03229166666666667 0.026851851851851852
3 0.21822916666666667 0.175 0.029166666666666667 0.025925925925925925
1 0.21822916666666667 0.16666666666666666 0.005208333333333333 0.012962962962962963
1 0.24010416666666667 0.16944444444444445 0.00625 0.012962962962962963
1 0.25 0.1675925925925926 0.0046875 0.012962962962962963
1 0.2526041666666667 0.16111111111111112 0.0046875 0.012962962962962963
3 0.2203125 0.14537037037037037 0.03333333333333333 0.026851851851851852
3 0.22447916666666667 0.11666666666666667 0.030729166666666665 0.02962962962962963
1 0.22135416666666666 0.11944444444444445 0.007291666666666667 0.014814814814814815
3 0.19375 0.125 0.030729166666666665 0.025
4 0.18802083333333333 0.16944444444444445 0.009375 0.012037037037037037
4 0.1875 0.15833333333333333 0.0109375 0.012962962962962963
4 0.18958333333333333 0.15 0.009895833333333333 0.011111111111111112
4 0.19114583333333332 0.14537037037037037 0.0109375 0.009259259259259259
4 0.22239583333333332 0.06666666666666667 0.0067708333333333336 0.01574074074074074
4 0.19114583333333332 0.06759259259259259 0.0109375 0.014814814814814815
1 0.22760416666666666 0.03611111111111111 0.007291666666666667 0.014814814814814815
1 0.2328125 0.030555555555555555 0.0046875 0.014814814814814815
3 0.2125 0.046296296296296294 0.030729166666666665 0.028703703703703703
3 0.22291666666666668 0.0 0.0140625 0.03518518518518519
3 0.24479166666666666 0.0 0.014583333333333334 0.03796296296296296
6 0.3067708333333333 0.0 0.023958333333333335 0.09166666666666666
3 0.005729166666666666 0.062037037037037036 0.028645833333333332 0.026851851851851852
1 0.4083333333333333 0.9629629629629629 0.0067708333333333336 0.012962962962962963
1 0.421875 0.9740740740740741 0.005208333333333333 0.012962962962962963
1 0.3921875 0.8870370370370371 0.00625 0.01574074074074074
4 0.39166666666666666 0.8824074074074074 0.00625 0.025925925925925925
2 0.4083333333333333 0.9546296296296296 0.0078125 0.025
4 0.42135416666666664 0.9694444444444444 0.005208333333333333 0.022222222222222223
1 0.4432291666666667 0.9333333333333333 0.007291666666666667 0.014814814814814815
1 0.45729166666666665 0.9037037037037037 0.00625 0.012962962962962963
3 0.4359375 0.8657407407407407 0.018229166666666668 0.07314814814814814
3 0.43854166666666666 0.9648148148148148 0.015104166666666667 0.03518518518518519
3 0.434375 0.7796296296296297 0.018229166666666668 0.06759259259259259
3 0.3458333333333333 0.7379629629629629 0.017708333333333333 0.06851851851851852
3 0.43333333333333335 0.7027777777777777 0.015104166666666667 0.06388888888888888
1 0.41510416666666666 0.7444444444444445 0.0067708333333333336 0.012037037037037037
2 0.4161458333333333 0.7388888888888889 0.005208333333333333 0.023148148148148147
3 0.4328125 0.6287037037037037 0.017708333333333333 0.06111111111111111
3 0.43125 0.5592592592592592 0.0171875 0.058333333333333334
3 0.43020833333333336 0.4962962962962963 0.016666666666666666 0.05277777777777778
3 0.4270833333333333 0.4287037037037037 0.016666666666666666 0.058333333333333334
3 0.428125 0.36018518518518516 0.01875 0.06111111111111111
3 0.378125 0.46574074074074073 0.0140625 0.05925925925925926
3 0.34427083333333336 0.6555555555555556 0.0203125 0.07037037037037037
3 0.346875 0.5824074074074074 0.018229166666666668 0.05925925925925926
3 0.3484375 0.5101851851851852 0.017708333333333333 0.05555555555555555
3 0.35520833333333335 0.42407407407407405 0.013541666666666667 0.062037037037037036
3 0.4244791666666667 0.28888888888888886 0.018229166666666668 0.053703703703703705
3 0.42552083333333335 0.23333333333333334 0.0171875 0.046296296296296294
3 0.425 0.18055555555555555 0.014583333333333334 0.04722222222222222
3 0.42239583333333336 0.12685185185185185 0.0171875 0.046296296296296294
3 0.42239583333333336 0.07777777777777778 0.0171875 0.046296296296296294
3 0.4239583333333333 0.030555555555555555 0.0140625 0.041666666666666664
3 0.35052083333333334 0.049074074074074076 0.0171875 0.05092592592592592
3 0.3536458333333333 0.0 0.015104166666666667 0.03611111111111111
3 0.4234375 0.0 0.013541666666666667 0.028703703703703703
3 0.6333333333333333 0.0 0.011979166666666667 0.03796296296296296
3 0.634375 0.03518518518518519 0.011458333333333333 0.03611111111111111
3 0.5817708333333333 0.025 0.030208333333333334 0.03425925925925926
3 0.6411458333333333 0.07314814814814814 0.013541666666666667 0.05185185185185185
3 0.5869791666666667 0.1 0.030208333333333334 0.024074074074074074
3 0.5932291666666667 0.16944444444444445 0.028645833333333332 0.030555555555555555
3 0.5979166666666667 0.26944444444444443 0.035416666666666666 0.03148148148148148
2 0.4401041666666667 0.022222222222222223 0.0046875 0.013888888888888888
2 0.4395833333333333 0.05462962962962963 0.005208333333333333 0.019444444444444445
2 0.44895833333333335 0.3592592592592593 0.0109375 0.014814814814814815
1 0.7119791666666667 0.9833333333333333 0.00625 0.013888888888888888
3 0.6479166666666667 0.9675925925925926 0.0359375 0.032407407407407406
3 0.6458333333333334 0.9092592592592592 0.03697916666666667 0.03888888888888889
3 0.7104166666666667 0.8722222222222222 0.019270833333333334 0.06574074074074074
3 0.6359375 0.7805555555555556 0.040625 0.03425925925925926
3 0.696875 0.7064814814814815 0.019270833333333334 0.05740740740740741
3 0.7244791666666667 0.7722222222222223 0.03177083333333333 0.03518518518518519
3 0.6291666666666667 0.712037037037037 0.040625 0.02962962962962963
3 0.6296875 0.6777777777777778 0.03177083333333333 0.027777777777777776
3 0.690625 0.649074074074074 0.019791666666666666 0.049074074074074076
3 0.6828125 0.5740740740740741 0.021875 0.06481481481481481
3 0.6223958333333334 0.6148148148148148 0.03697916666666667 0.03148148148148148
3 0.61875 0.5518518518518518 0.0328125 0.02962962962962963
3 0.6130208333333333 0.4638888888888889 0.030729166666666665 0.028703703703703703
3 0.6135416666666667 0.4351851851851852 0.028125 0.025925925925925925
3 0.6098958333333333 0.40925925925925927 0.0296875 0.023148148148148147
3 0.6661458333333333 0.3787037037037037 0.017708333333333333 0.05185185185185185
3 0.6010416666666667 0.325 0.03229166666666667 0.028703703703703703
3 0.603125 0.35185185185185186 0.033854166666666664 0.026851851851851852
3 0.6630208333333333 0.33055555555555555 0.027604166666666666 0.03888888888888889
3 0.6567708333333333 0.2824074074074074 0.018229166666666668 0.053703703703703705
3 0.6526041666666667 0.22962962962962963 0.017708333333333333 0.049074074074074076
3 0.646875 0.18055555555555555 0.0171875 0.04814814814814815
3 0.6494791666666667 0.1537037037037037 0.027604166666666666 0.03148148148148148
1 0.61875 0.10092592592592593 0.004166666666666667 0.016666666666666666
3 0.6875 0.17222222222222222 0.015104166666666667 0.04537037037037037
3 0.7041666666666667 0.17685185185185184 0.015104166666666667 0.05
3 0.7203125 0.18425925925925926 0.014583333333333334 0.05
3 0.7369791666666666 0.18796296296296297 0.015104166666666667 0.053703703703703705
3 0.7755208333333333 0.29814814814814816 0.029166666666666667 0.03425925925925926
3 0.7703125 0.37037037037037035 0.03229166666666667 0.03981481481481482
1 0.8213541666666667 0.337037037037037 0.0078125 0.012962962962962963
3 0.7703125 0.4287037037037037 0.03125 0.03333333333333333
3 0.709375 0.39444444444444443 0.014583333333333334 0.058333333333333334
3 0.74375 0.4074074074074074 0.015104166666666667 0.06018518518518518
3 0.85 0.2824074074074074 0.0375 0.037037037037037035
3 0.853125 0.25925925925925924 0.03333333333333333 0.030555555555555555
3 0.85625 0.21203703703703702 0.029166666666666667 0.02962962962962963
3 0.8401041666666667 0.18333333333333332 0.030729166666666665 0.02962962962962963
3 0.80625 0.17037037037037037 0.03125 0.027777777777777776
3 0.9619791666666667 0.9638888888888889 0.0375 0.03518518518518519
3 0.9182291666666667 0.9777777777777777 0.042708333333333334 0.022222222222222223
3 0.9286458333333333 0.9064814814814814 0.024479166666666666 0.06851851851851852
3 0.8885416666666667 0.9018518518518519 0.0265625 0.07407407407407407
3 0.8322916666666667 0.9018518518518519 0.020833333333333332 0.06944444444444445
3 0.7911458333333333 0.9055555555555556 0.022916666666666665 0.07222222222222222
4 0.8838541666666667 0.8 0.008854166666666666 0.024074074074074074
1 0.9708333333333333 0.05092592592592592 0.009375 0.017592592592592594
1 0.9692708333333333 0.03981481481481482 0.0078125 0.014814814814814815
1 0.9666666666666667 0.03611111111111111 0.004166666666666667 0.01574074074074074
1 0.9666666666666667 0.028703703703703703 0.0067708333333333336 0.019444444444444445
1 0.9541666666666667 0.032407407407407406 0.0078125 0.014814814814814815
1 0.16979166666666667 0.8777777777777778 0.008854166666666666 0.012037037037037037
1 0.16927083333333334 0.8722222222222222 0.008854166666666666 0.008333333333333333
