3 0.05661764705882353 0.4444444444444444 0.0661764705882353 0.06928104575163399
3 0.14191176470588235 0.265359477124183 0.05220588235294118 0.05751633986928104
3 0.29926470588235293 0.16601307189542483 0.030147058823529412 0.036601307189542485
4 0.0875 0.1542483660130719 0.011764705882352941 0.02091503267973856
3 0.7433823529411765 0.30980392156862746 0.03235294117647059 0.06666666666666667
2 0.6661764705882353 0.1803921568627451 0.015441176470588236 0.036601307189542485
1 0.6794117647058824 0.1843137254901961 0.008823529411764706 0.032679738562091505
3 0.6882352941176471 0.0784313725490196 0.014705882352941176 0.026143790849673203
3 0.7286764705882353 0.047058823529411764 0.013235294117647059 0.018300653594771243
2 0.7669117647058824 0.05751633986928104 0.014705882352941176 0.027450980392156862
4 0.7625 0.08496732026143791 0.006617647058823529 0.01437908496732026
1 0.7625 0.0784313725490196 0.006617647058823529 0.02091503267973856
