3 0.0661764705882353 0.10065359477124183 0.06838235294117648 0.10718954248366012
3 0.21911764705882353 0.030065359477124184 0.04632352941176471 0.06013071895424837
3 0.5970588235294118 0.2718954248366013 0.04852941176470588 0.11372549019607843
3 0.5808823529411765 0.5111111111111111 0.17058823529411765 0.134640522875817
3 0.5889705882352941 0.6248366013071895 0.17647058823529413 0.1477124183006536
3 0.6051470588235294 0.7699346405228759 0.18308823529411763 0.16339869281045752
2 0.8852941176470588 0.9032679738562092 0.041176470588235294 0.09673202614379085
3 0.6463235294117647 0.9333333333333333 0.15441176470588236 0.06666666666666667
1 0.4661764705882353 0.4588235294117647 0.01764705882352941 0.06143790849673202
1 0.6455882352941177 0.2784313725490196 0.011029411764705883 0.06405228758169934
2 0.4713235294117647 0.5071895424836601 0.010294117647058823 0.032679738562091505
1 0.3963235294117647 0.2457516339869281 0.011764705882352941 0.06666666666666667
3 0.40808823529411764 0.054901960784313725 0.027941176470588237 0.06928104575163399
3 0.41102941176470587 0.00130718954248366 0.027205882352941177 0.04967320261437908
4 0.07205882352941176 0.050980392156862744 0.016911764705882352 0.022222222222222223
1 0.0713235294117647 0.03398692810457516 0.010294117647058823 0.03790849673202614
1 0.4235294117647059 0.46405228758169936 0.013235294117647059 0.030065359477124184
1 0.42058823529411765 0.49411764705882355 0.010294117647058823 0.026143790849673203
4 0.4235294117647059 0.47058823529411764 0.015441176470588236 0.06535947712418301
