2 0.37128125 0.4827916666666667 0.208296875 0.4598125
1 0.3919375 0.391125 0.0540625 0.1489791666666667
1 0.770140625 0.32175 0.063453125 0.3094375
1 0.22921874999999997 0.16854166666666667 0.185390625 0.7191041666666667
1 0.74990625 0.40352083333333333 0.03871875 0.13358333333333333
1 0.5759375 0.36414583333333334 0.047875 0.2552916666666667
2 0.480078125 0.6298125 0.064796875 0.0828125
1 0.320609375 0.2798333333333333 0.040984375 0.07760416666666667
1 0.338578125 0.41154166666666664 0.05278125 0.07627083333333333
72 0.41398437499999996 0.013604166666666667 0.308171875 0.564375
