72 0.8852343749999999 0.14845794392523365 0.11476562500000001 0.4783411214953271
62 0.41275000000000006 0.5313317757009346 0.076234375 0.27955607476635513
62 0.6816875 0.5507710280373832 0.113625 0.26453271028037384
63 0.0014375 0.6085981308411216 0.3969375 0.3806542056074766
67 0.48873437500000005 0.5930841121495327 0.19529687499999998 0.05441588785046729
86 0.29496875 0.5639953271028038 0.016921875 0.039532710280373834
84 0.791828125 0.6177336448598131 0.10815625 0.036962616822429906
47 0.638296875 0.6006074766355141 0.019640625000000002 0.0197196261682243
47 0.510421875 0.5921728971962616 0.016984375 0.01703271028037383
64 0.049796875000000004 0.1966355140186916 0.082796875 0.1872429906542056
86 0.073125 0.34532710280373835 0.037203125 0.03904205607476636
