28 0.269875 0.07796252927400468 0.31934375 0.4292271662763466
28 0.442890625 0.31220140515222483 0.13604687499999998 0.09744730679156909
2 0.6642812499999999 0.5869555035128805 0.057796875000000004 0.23796252927400469
2 0.69475 0.49096018735362995 0.172328125 0.3483372365339579
3 0.6268281250000001 0.5004683840749414 0.026609375 0.039882903981264636
3 0.911984375 0.48484777517564404 0.088015625 0.330632318501171
3 0.879984375 0.5126697892271662 0.04684375 0.05250585480093677
62 0.063703125 0.5223185011709602 0.11403125 0.3050351288056206
1 0.20031249999999998 0.3877049180327869 0.1084375 0.2957142857142857
1 0.043234375000000005 0.3712646370023419 0.11625 0.4124590163934426
1 0.43171875000000004 0.46784543325526934 0.02784375 0.042576112412177985
1 0.4006875 0.46011709601873535 0.02215625 0.08004683840749414
8 0.728375 0.4617798594847775 0.17053125 0.1813583138173302
28 0.063859375 0.0 0.19684375 0.08978922716627635
28 0.5199374999999999 0.38756440281030446 0.07975 0.12201405152224824
28 0.53803125 0.44004683840749415 0.062 0.033559718969555036
62 0.316265625 0.5134426229508197 0.055937499999999994 0.12955503512880562
62 0.36840625 0.48555035128805624 0.0260625 0.01861826697892272
62 0.450859375 0.5208899297423887 0.026640625 0.07901639344262296
62 0.00103125 0.564192037470726 0.020953125 0.042810304449648715
62 0.2055625 0.5457142857142857 0.0733125 0.13721311475409836
1 0.448734375 0.4648711943793911 0.046578125 0.0689695550351288
3 0.9143125 0.5007259953161592 0.04146875 0.04730679156908665
67 0.26554687499999996 0.5117564402810305 0.066640625 0.10611241217798595
67 0.43442187499999996 0.5038407494145198 0.062046875 0.02018735362997658
31 0.736140625 0.5220843091334895 0.040703125 0.11681498829039813
62 0.40065625000000005 0.5134894613583137 0.016765625 0.05882903981264637
