65 0.005109375 0.5524844720496895 0.6269218750000001 0.4311594202898551
64 0.28650000000000003 0.2827329192546584 0.09496875 0.19128364389233954
84 0.71246875 0.39855072463768115 0.013390625 0.07368530020703934
84 0.708296875 0.5237474120082816 0.012531249999999999 0.07024844720496895
84 0.6949375 0.6162111801242236 0.0083125 0.08215320910973085
84 0.790546875 0.3954865424430642 0.018984375 0.07614906832298136
84 0.761734375 0.4126915113871636 0.0116875 0.058074534161490686
62 0.38253125 0.4771221532091097 0.163625 0.1815527950310559
64 0.542734375 0.4396894409937888 0.12892187500000002 0.29606625258799174
84 0.720171875 0.39683229813664594 0.045828125 0.07461697722567287
84 0.82346875 0.5146376811594203 0.038125 0.08370600414078674
84 0.811546875 0.4004761904761905 0.0063750000000000005 0.07078674948240166
84 0.777171875 0.11476190476190476 0.0063750000000000005 0.056645962732919254
84 0.81925 0.20161490683229813 0.0043749999999999995 0.07819875776397517
84 0.770875 0.3224016563146998 0.050921875000000005 0.013167701863354038
84 0.71040625 0.5078053830227743 0.07585937499999999 0.025134575569358178
84 0.721515625 0.5252173913043479 0.012875000000000001 0.0689648033126294
84 0.65 0.08902691511387163 0.2390625 0.6273291925465838
