1 0.37753125 0.42472916666666666 0.182015625 0.5595416666666666
1 0.369484375 0.45060416666666664 0.030359375 0.13683333333333333
1 0.6092500000000001 0.46789583333333334 0.066765625 0.14183333333333334
1 0.20921875 0.48212499999999997 0.0395625 0.091625
1 0.559984375 0.470125 0.030546875 0.1184375
1 0.34653125 0.4856875 0.027390625000000002 0.09131249999999999
1 0.39464062499999997 0.457 0.026140625 0.10970833333333332
1 0.58275 0.48410416666666667 0.0301875 0.09716666666666667
1 0.14009375 0.49618749999999995 0.03525 0.09441666666666666
1 0.0008437500000000001 0.4643541666666666 0.008328125 0.10283333333333333
35 0.6193593749999999 0.6035833333333334 0.067265625 0.0079375
35 0.13996875 0.5851041666666668 0.031140624999999998 0.004083333333333333
35 0.570125 0.5779375000000001 0.017234375 0.0105
35 0.0 0.5900833333333334 0.08787500000000001 0.00875
1 0.039734375 0.454125 0.031328125 0.14022916666666668
36 0.008968750000000001 0.5881666666666666 0.08156250000000001 0.012791666666666666
1 0.104203125 0.46275 0.04403125 0.11835416666666668
1 0.00571875 0.4444166666666666 0.046046875 0.17816666666666667
35 0.6088281249999999 0.5932708333333333 0.020109375 0.010020833333333333
