3 0.4823529411764706 0.6758169934640523 0.025735294117647058 0.07581699346405228
3 0.43161764705882355 0.722875816993464 0.025735294117647058 0.08235294117647059
3 0.3558823529411765 0.5254901960784314 0.016911764705882352 0.054901960784313725
3 0.4 0.4 0.016911764705882352 0.048366013071895426
3 0.44485294117647056 0.2196078431372549 0.013235294117647059 0.02875816993464052
3 0.4117647058823529 0.17908496732026144 0.015441176470588236 0.03398692810457516
3 0.4183823529411765 0.12418300653594772 0.013235294117647059 0.030065359477124184
3 0.5632352941176471 0.3660130718954248 0.01838235294117647 0.044444444444444446
3 0.5897058823529412 0.5751633986928104 0.026470588235294117 0.06143790849673202
3 0.5786764705882353 0.4745098039215686 0.022058823529411766 0.058823529411764705
3 0.6205882352941177 0.5529411764705883 0.047058823529411764 0.03137254901960784
3 0.5875 0.3333333333333333 0.03897058823529412 0.02875816993464052
3 0.2051470588235294 0.6797385620915033 0.029411764705882353 0.0784313725490196
3 0.2551470588235294 0.46013071895424834 0.027941176470588237 0.05228758169934641
3 0.26838235294117646 0.4013071895424837 0.022058823529411766 0.050980392156862744
3 0.30073529411764705 0.2718954248366013 0.01911764705882353 0.036601307189542485
3 0.44779411764705884 0.05228758169934641 0.010294117647058823 0.023529411764705882
3 0.42573529411764705 0.0392156862745098 0.0125 0.030065359477124184
3 0.43014705882352944 0.00392156862745098 0.011029411764705883 0.018300653594771243
3 0.35808823529411765 0.00261437908496732 0.010294117647058823 0.022222222222222223
3 0.34338235294117647 0.07973856209150326 0.009558823529411765 0.02483660130718954
3 0.34411764705882353 0.06143790849673202 0.0125 0.023529411764705882
3 0.35441176470588237 0.02091503267973856 0.011764705882352941 0.023529411764705882
3 0.25882352941176473 0.21176470588235294 0.03161764705882353 0.02091503267973856
3 0.2529411764705882 0.22483660130718955 0.03529411764705882 0.03137254901960784
3 0.2485294117647059 0.24705882352941178 0.04044117647058824 0.027450980392156862
3 0.23897058823529413 0.26143790849673204 0.03676470588235294 0.03137254901960784
3 0.23161764705882354 0.2797385620915033 0.03676470588235294 0.027450980392156862
3 0.21838235294117647 0.34509803921568627 0.04191176470588235 0.03398692810457516
3 0.20808823529411766 0.3712418300653595 0.041176470588235294 0.032679738562091505
4 0.2286764705882353 0.39738562091503266 0.020588235294117647 0.018300653594771243
3 0.19044117647058822 0.47581699346405226 0.04926470588235294 0.04183006535947712
3 0.17573529411764705 0.5189542483660131 0.05220588235294118 0.0457516339869281
3 0.1889705882352941 0.6065359477124183 0.03602941176470588 0.06797385620915032
3 0.12794117647058822 0.6457516339869281 0.05073529411764706 0.058823529411764705
3 0.10808823529411765 0.6915032679738562 0.052941176470588235 0.06013071895424837
3 0.09485294117647058 0.742483660130719 0.058823529411764705 0.054901960784313725
3 0.09485294117647058 0.7973856209150327 0.06323529411764706 0.06274509803921569
1 0.060294117647058824 0.8470588235294118 0.0125 0.03790849673202614
3 0.0 0.5372549019607843 0.047058823529411764 0.044444444444444446
3 0.006617647058823529 0.5084967320261438 0.05808823529411765 0.03790849673202614
3 0.026470588235294117 0.47581699346405226 0.04779411764705882 0.03790849673202614
3 0.028676470588235293 0.44836601307189544 0.05367647058823529 0.032679738562091505
3 0.03676470588235294 0.4196078431372549 0.052941176470588235 0.040522875816993466
3 0.04926470588235294 0.40261437908496733 0.047058823529411764 0.030065359477124184
3 0.058823529411764705 0.3738562091503268 0.04632352941176471 0.03398692810457516
3 0.07279411764705883 0.3581699346405229 0.047058823529411764 0.03137254901960784
3 0.07205882352941176 0.3359477124183007 0.04779411764705882 0.032679738562091505
3 0.08602941176470588 0.3111111111111111 0.04338235294117647 0.03137254901960784
3 0.09926470588235294 0.28888888888888886 0.030882352941176472 0.02875816993464052
1 0.29191176470588237 0.13986928104575164 0.0058823529411764705 0.022222222222222223
1 0.2889705882352941 0.14640522875816994 0.003676470588235294 0.01699346405228758
1 0.3338235294117647 0.09673202614379085 0.005147058823529412 0.0196078431372549
1 0.3948529411764706 0.08496732026143791 0.0029411764705882353 0.0196078431372549
1 0.3713235294117647 0.2169934640522876 0.0058823529411764705 0.02091503267973856
4 0.37279411764705883 0.22745098039215686 0.004411764705882353 0.01699346405228758
4 0.39338235294117646 0.0915032679738562 0.005147058823529412 0.01568627450980392
1 0.14191176470588235 0.40261437908496733 0.008823529411764706 0.030065359477124184
1 0.12794117647058822 0.3803921568627451 0.008088235294117648 0.02483660130718954
2 0.12867647058823528 0.3895424836601307 0.007352941176470588 0.0196078431372549
4 0.14705882352941177 0.2679738562091503 0.007352941176470588 0.018300653594771243
1 0.4838235294117647 0.17647058823529413 0.003676470588235294 0.01568627450980392
1 0.49117647058823527 0.17647058823529413 0.003676470588235294 0.01568627450980392
4 0.4823529411764706 0.18562091503267975 0.006617647058823529 0.011764705882352941
4 0.4904411764705882 0.18562091503267975 0.0058823529411764705 0.011764705882352941
1 0.5154411764705882 0.16862745098039217 0.0029411764705882353 0.018300653594771243
1 0.5294117647058824 0.28104575163398693 0.0058823529411764705 0.018300653594771243
4 0.5286764705882353 0.2875816993464052 0.006617647058823529 0.01699346405228758
1 0.1889705882352941 0.4065359477124183 0.006617647058823529 0.022222222222222223
1 0.3014705882352941 0.4588235294117647 0.007352941176470588 0.0196078431372549
4 0.3014705882352941 0.465359477124183 0.007352941176470588 0.022222222222222223
1 0.25073529411764706 0.530718954248366 0.006617647058823529 0.027450980392156862
1 0.25 0.5163398692810458 0.0058823529411764705 0.02483660130718954
1 0.24044117647058824 0.681045751633987 0.008088235294117648 0.03137254901960784
1 0.23308823529411765 0.7751633986928105 0.009558823529411765 0.03398692810457516
1 0.21911764705882353 0.7973856209150327 0.009558823529411765 0.030065359477124184
1 0.2036764705882353 0.8013071895424837 0.009558823529411765 0.03137254901960784
1 0.20147058823529412 0.8235294117647058 0.009558823529411765 0.02875816993464052
1 0.2161764705882353 0.8156862745098039 0.009558823529411765 0.04183006535947712
1 0.19705882352941176 0.9045751633986928 0.0125 0.030065359477124184
2 0.19779411764705881 0.918954248366013 0.011029411764705883 0.0392156862745098
1 0.21691176470588236 0.9437908496732026 0.013235294117647059 0.047058823529411764
2 0.09264705882352942 0.8941176470588236 0.03897058823529412 0.04183006535947712
6 0.46911764705882353 0.40784313725490196 0.033823529411764704 0.12810457516339868
