1 0.3240749414519906 0.074328125 0.5536065573770491 0.8626093750000001
1 0.7828337236533958 0.21335937500000002 0.21470725995316162 0.5320625
1 0.07451990632318502 0.06546874999999999 0.16953161592505855 0.14153125
41 0.2811007025761124 0.885546875 0.591943793911007 0.11284374999999999
1 0.3974473067915691 0.013484375000000002 0.13807962529274004 0.17078125
1 0.8076346604215457 0.110625 0.05323185011709602 0.12240625000000001
1 0.3026229508196721 0.39709374999999997 0.4533255269320843 0.5900624999999999
1 0.8171896955503513 0.09964062500000001 0.05199063231850117 0.041890625
1 0.5454332552693208 0.10137499999999999 0.07484777517564403 0.073265625
42 0.34747072599531614 0.161625 0.22756440281030446 0.08784375
1 0.5856674473067915 0.13515625 0.035784543325526934 0.0335625
1 0.29611241217798595 0.053703125 0.12262295081967213 0.15134375
1 0.8572365339578455 0.0996875 0.08175644028103043 0.138953125
