5 0.0016875000000000002 0.20852083333333335 0.642375 0.47533333333333333
5 0.6504531250000001 0.3384375 0.34945312500000003 0.16068749999999998
1 0.91584375 0.43537499999999996 0.016593749999999997 0.05054166666666667
1 0.890375 0.4358541666666667 0.015 0.059041666666666666
1 0.8435 0.45056250000000003 0.01159375 0.03539583333333333
1 0.796390625 0.46643749999999995 0.014046875 0.025458333333333336
1 0.7779375 0.4648125 0.015796875 0.029
1 0.738796875 0.4643541666666666 0.011671875 0.031875
1 0.8614062499999999 0.4467291666666667 0.015453125000000002 0.029645833333333333
1 0.6544218749999999 0.4465833333333334 0.008749999999999999 0.033791666666666664
