3 0.7654411764705882 0.5738562091503268 0.051470588235294115 0.08235294117647059
4 0.7764705882352941 0.5333333333333333 0.019852941176470587 0.027450980392156862
3 0.7235294117647059 0.4718954248366013 0.06102941176470588 0.044444444444444446
2 0.7477941176470588 0.4418300653594771 0.01911764705882353 0.02091503267973856
1 0.725 0.5320261437908497 0.008088235294117648 0.040522875816993466
1 0.7132352941176471 0.5359477124183006 0.009558823529411765 0.032679738562091505
3 0.6830882352941177 0.5163398692810458 0.027941176470588237 0.08235294117647059
3 0.6610294117647059 0.3934640522875817 0.02426470588235294 0.048366013071895426
4 0.7330882352941176 0.3607843137254902 0.006617647058823529 0.027450980392156862
1 0.7485294117647059 0.4117647058823529 0.003676470588235294 0.01699346405228758
1 0.7426470588235294 0.4117647058823529 0.0058823529411764705 0.02483660130718954
2 0.7272058823529411 0.4143790849673203 0.027941176470588237 0.02483660130718954
3 0.6389705882352941 0.29150326797385623 0.019852941176470587 0.048366013071895426
3 0.65 0.2496732026143791 0.02426470588235294 0.058823529411764705
3 0.6477941176470589 0.2326797385620915 0.016911764705882352 0.02875816993464052
3 0.6272058823529412 0.23398692810457516 0.016911764705882352 0.03137254901960784
3 0.6220588235294118 0.20261437908496732 0.016176470588235296 0.02875816993464052
3 0.6411764705882353 0.19869281045751633 0.016176470588235296 0.03529411764705882
2 0.6720588235294118 0.1869281045751634 0.011764705882352941 0.022222222222222223
4 0.6852941176470588 0.19215686274509805 0.0058823529411764705 0.018300653594771243
3 0.6125 0.1542483660130719 0.01764705882352941 0.032679738562091505
3 0.6316176470588235 0.15947712418300652 0.01764705882352941 0.02483660130718954
3 0.6529411764705882 0.15816993464052287 0.014705882352941176 0.02875816993464052
3 0.6286764705882353 0.13202614379084968 0.013235294117647059 0.02483660130718954
3 0.6308823529411764 0.08235294117647059 0.016911764705882352 0.026143790849673203
3 0.6463235294117647 0.13333333333333333 0.029411764705882353 0.032679738562091505
3 0.6477941176470589 0.11633986928104575 0.01764705882352941 0.022222222222222223
8 0.5470588235294118 0.0 0.015441176470588236 0.036601307189542485
8 0.5514705882352942 0.04183006535947712 0.014705882352941176 0.04183006535947712
3 0.48161764705882354 0.0 0.009558823529411765 0.01699346405228758
3 0.48308823529411765 0.036601307189542485 0.010294117647058823 0.02091503267973856
8 0.5014705882352941 0.05359477124183006 0.01838235294117647 0.08496732026143791
3 0.47058823529411764 0.06535947712418301 0.0125 0.022222222222222223
8 0.5529411764705883 0.10588235294117647 0.01911764705882353 0.0457516339869281
3 0.5588235294117647 0.14901960784313725 0.013970588235294118 0.026143790849673203
8 0.45441176470588235 0.1477124183006536 0.01838235294117647 0.058823529411764705
3 0.5588235294117647 0.1934640522875817 0.016176470588235296 0.030065359477124184
1 0.46544117647058825 0.23660130718954248 0.005147058823529412 0.02483660130718954
3 0.44926470588235295 0.2261437908496732 0.01838235294117647 0.032679738562091505
3 0.44338235294117645 0.2601307189542484 0.01764705882352941 0.040522875816993466
3 0.42573529411764705 0.29673202614379085 0.030882352941176472 0.054901960784313725
1 0.4536764705882353 0.330718954248366 0.004411764705882353 0.01437908496732026
2 0.44779411764705884 0.33464052287581697 0.013235294117647059 0.02875816993464052
3 0.5647058823529412 0.24705882352941178 0.01764705882352941 0.03137254901960784
3 0.5661764705882353 0.28104575163398693 0.016911764705882352 0.032679738562091505
8 0.5676470588235294 0.3111111111111111 0.02426470588235294 0.07320261437908497
3 0.5448529411764705 0.3281045751633987 0.01838235294117647 0.03790849673202614
3 0.5742647058823529 0.39477124183006534 0.023529411764705882 0.047058823529411764
3 0.5161764705882353 0.36993464052287583 0.021323529411764706 0.0457516339869281
3 0.48676470588235293 0.4522875816993464 0.023529411764705882 0.06143790849673202
3 0.524264705882353 0.5032679738562091 0.023529411764705882 0.054901960784313725
3 0.5727941176470588 0.5215686274509804 0.03235294117647059 0.06405228758169934
1 0.46176470588235297 0.4993464052287582 0.008823529411764706 0.022222222222222223
4 0.4632352941176471 0.5124183006535947 0.0058823529411764705 0.026143790849673203
1 0.45294117647058824 0.5215686274509804 0.008088235294117648 0.027450980392156862
4 0.4522058823529412 0.5333333333333333 0.008088235294117648 0.026143790849673203
8 0.37720588235294117 0.47320261437908495 0.0713235294117647 0.10980392156862745
3 0.47573529411764703 0.5908496732026144 0.026470588235294117 0.08104575163398693
3 0.5375 0.6522875816993464 0.027941176470588237 0.07581699346405228
3 0.5919117647058824 0.6143790849673203 0.029411764705882353 0.07450980392156863
3 0.5992647058823529 0.734640522875817 0.03529411764705882 0.09673202614379085
3 0.4661764705882353 0.7816993464052288 0.03455882352941177 0.11503267973856209
3 0.39338235294117646 0.6928104575163399 0.03455882352941177 0.1111111111111111
3 0.4183823529411765 0.7712418300653595 0.011764705882352941 0.0457516339869281
3 0.36911764705882355 0.8143790849673203 0.03602941176470588 0.11503267973856209
3 0.5066176470588235 0.8718954248366013 0.0375 0.12287581699346405
3 0.5602941176470588 0.9294117647058824 0.03823529411764706 0.07058823529411765
3 0.29926470588235293 0.8888888888888888 0.04411764705882353 0.1111111111111111
2 0.24779411764705883 0.9477124183006536 0.04852941176470588 0.05228758169934641
1 0.2514705882352941 0.8274509803921568 0.010294117647058823 0.048366013071895426
1 0.25073529411764706 0.803921568627451 0.0125 0.04967320261437908
3 0.35955882352941176 0.661437908496732 0.03235294117647059 0.08235294117647059
3 0.28823529411764703 0.5202614379084968 0.033823529411764704 0.0915032679738562
3 0.0 0.39869281045751637 0.03823529411764706 0.036601307189542485
8 0.04485294117647059 0.3843137254901961 0.07941176470588235 0.05620915032679739
3 0.14926470588235294 0.39215686274509803 0.051470588235294115 0.043137254901960784
3 0.3316176470588235 0.03398692810457516 0.016911764705882352 0.022222222222222223
3 0.41911764705882354 0.02875816993464052 0.019852941176470587 0.02091503267973856
3 0.37941176470588234 0.16993464052287582 0.01764705882352941 0.03137254901960784
3 0.3720588235294118 0.19869281045751633 0.01838235294117647 0.03137254901960784
3 0.39338235294117646 0.28104575163398693 0.019852941176470587 0.040522875816993466
3 0.3573529411764706 0.2601307189542484 0.016176470588235296 0.044444444444444446
8 0.3191176470588235 0.37516339869281046 0.07647058823529412 0.05228758169934641
8 0.3220588235294118 0.3464052287581699 0.06838235294117648 0.044444444444444446
8 0.23897058823529413 0.3790849673202614 0.07867647058823529 0.05228758169934641
3 0.2426470588235294 0.5228758169934641 0.03897058823529412 0.0784313725490196
1 0.2823529411764706 0.526797385620915 0.007352941176470588 0.032679738562091505
3 0.11911764705882352 0.4875816993464052 0.061764705882352944 0.03398692810457516
1 0.7125 0.4718954248366013 0.007352941176470588 0.036601307189542485
