3 0.884375 0.6287037037037037 0.06041666666666667 0.03425925925925926
3 0.3067708333333333 0.7351851851851852 0.046875 0.06759259259259259
3 0.3671875 0.7333333333333333 0.04479166666666667 0.075
3 0.42291666666666666 0.7444444444444445 0.043229166666666666 0.07592592592592592
3 0.3140625 0.8861111111111111 0.075 0.11203703703703703
3 0.49583333333333335 0.899074074074074 0.07083333333333333 0.1
3 0.48541666666666666 0.7194444444444444 0.03854166666666667 0.06759259259259259
2 0.33177083333333335 0.662962962962963 0.011458333333333333 0.03148148148148148
2 0.340625 0.6537037037037037 0.019270833333333334 0.022222222222222223
3 0.3453125 0.6814814814814815 0.04010416666666667 0.046296296296296294
3 0.4171875 0.6759259259259259 0.0328125 0.049074074074074076
3 0.3625 0.6583333333333333 0.03177083333333333 0.04351851851851852
2 0.46770833333333334 0.7222222222222222 0.0109375 0.044444444444444446
1 0.4661458333333333 0.7064814814814815 0.014583333333333334 0.053703703703703705
2 0.47552083333333334 0.6944444444444444 0.0109375 0.037037037037037035
1 0.47552083333333334 0.6851851851851852 0.010416666666666666 0.03611111111111111
3 0.43854166666666666 0.6407407407407407 0.025 0.03796296296296296
3 0.41875 0.6194444444444445 0.022916666666666665 0.03611111111111111
3 0.42916666666666664 0.6018518518518519 0.019791666666666666 0.027777777777777776
2 0.3645833333333333 0.6212962962962963 0.015625 0.019444444444444445
2 0.375 0.6092592592592593 0.009375 0.023148148148148147
1 0.38958333333333334 0.6259259259259259 0.008854166666666666 0.03518518518518519
3 0.44479166666666664 0.5777777777777777 0.016145833333333335 0.020370370370370372
3 0.43802083333333336 0.5666666666666667 0.013020833333333334 0.016666666666666666
3 0.4432291666666667 0.5592592592592592 0.0109375 0.01574074074074074
3 0.41041666666666665 0.5824074074074074 0.0171875 0.021296296296296296
2 0.39739583333333334 0.6703703703703704 0.0078125 0.030555555555555555
1 0.39791666666666664 0.6574074074074074 0.008333333333333333 0.037037037037037035
4 0.3984375 0.637962962962963 0.008333333333333333 0.025
1 0.39947916666666666 0.6277777777777778 0.007291666666666667 0.027777777777777776
1 0.47708333333333336 0.6675925925925926 0.008333333333333333 0.032407407407407406
2 0.471875 0.6611111111111111 0.010416666666666666 0.021296296296296296
1 0.4734375 0.6462962962962963 0.008333333333333333 0.03518518518518519
1 0.48385416666666664 0.6518518518518519 0.00625 0.027777777777777776
1 0.4864583333333333 0.6416666666666667 0.007291666666666667 0.03148148148148148
1 0.4036458333333333 0.6148148148148148 0.0067708333333333336 0.028703703703703703
3 0.39427083333333335 0.6046296296296296 0.023958333333333335 0.03333333333333333
3 0.39895833333333336 0.600925925925926 0.0203125 0.024074074074074074
3 0.010416666666666666 0.9268518518518518 0.165625 0.07314814814814814
