3 0.0 0.39477124183006534 0.05588235294117647 0.09411764705882353
3 0.08014705882352942 0.3045751633986928 0.10661764705882353 0.0784313725490196
3 0.061764705882352944 0.5320261437908497 0.1036764705882353 0.14248366013071895
2 0.1661764705882353 0.24705882352941178 0.015441176470588236 0.054901960784313725
2 0.18161764705882352 0.23137254901960785 0.051470588235294115 0.058823529411764705
4 0.18088235294117647 0.17647058823529413 0.022794117647058822 0.048366013071895426
3 0.29926470588235293 0.12418300653594772 0.06397058823529411 0.07450980392156863
3 0.34705882352941175 0.06405228758169934 0.06544117647058824 0.06013071895424837
3 0.45955882352941174 0.13594771241830064 0.06691176470588235 0.0784313725490196
3 0.5360294117647059 0.0718954248366013 0.05367647058823529 0.06666666666666667
4 0.5117647058823529 0.06274509803921569 0.016911764705882352 0.032679738562091505
1 0.5147058823529411 0.050980392156862744 0.009558823529411765 0.0392156862745098
1 0.5205882352941177 0.048366013071895426 0.006617647058823529 0.0392156862745098
1 0.3963235294117647 0.036601307189542485 0.021323529411764706 0.03529411764705882
3 0.7183823529411765 0.36993464052287583 0.08161764705882353 0.15294117647058825
3 0.7102941176470589 0.0784313725490196 0.05220588235294118 0.09542483660130718
3 0.7161764705882353 0.24705882352941178 0.06102941176470588 0.08627450980392157
3 0.8301470588235295 0.10980392156862745 0.051470588235294115 0.07450980392156863
3 0.8411764705882353 0.02091503267973856 0.03897058823529412 0.058823529411764705
3 0.9058823529411765 0.026143790849673203 0.04191176470588235 0.05751633986928104
3 0.9191176470588235 0.12156862745098039 0.04191176470588235 0.08104575163398693
3 0.8345588235294118 0.30718954248366015 0.06985294117647059 0.12941176470588237
3 0.8786764705882353 0.23529411764705882 0.04485294117647059 0.0784313725490196
2 0.008823529411764706 0.26405228758169935 0.03676470588235294 0.0457516339869281
3 0.7088235294117647 0.0 0.03529411764705882 0.03529411764705882
3 0.7705882352941177 0.4875816993464052 0.07352941176470588 0.13986928104575164
