62 0.34640624999999997 0.5205896226415094 0.12445312500000001 0.29952830188679247
62 0.45414062499999996 0.476438679245283 0.08371875 0.2956132075471698
62 0.0400625 0.6690094339622642 0.3105 0.3175
63 0.8220625 0.44731132075471697 0.1779375 0.5397877358490566
1 0.38415625000000003 0.38530660377358494 0.070453125 0.15846698113207547
1 0.52434375 0.4353537735849057 0.0814375 0.19752358490566038
67 0.085671875 0.525 0.397375 0.2865801886792453
82 0.605703125 0.28787735849056606 0.071984375 0.34903301886792454
85 0.054671875 0.355188679245283 0.030234375 0.0639622641509434
78 0.201078125 0.42370283018867927 0.054265625 0.07922169811320756
55 0.242921875 0.5400471698113207 0.010562499999999999 0.015471698113207547
55 0.25410937499999997 0.5462735849056604 0.00703125 0.006650943396226415
86 0.128625 0.37212264150943397 0.020390625000000002 0.042193396226415096
86 0.143921875 0.4758490566037736 0.018687500000000003 0.04132075471698113
86 0.13859375000000002 0.43518867924528304 0.012875000000000001 0.03106132075471698
27 0.73184375 0.8332783018867924 0.145765625 0.1617688679245283
31 0.694234375 0.5458254716981132 0.08309375 0.10561320754716981
62 0.826796875 0.4391509433962264 0.17320312499999999 0.5608490566037736
63 0.034203125 0.6701415094339622 0.3163125 0.3298584905660378
67 0.0 0.8647641509433963 0.112203125 0.13436320754716982
79 0.51915625 0.4850235849056604 0.044671875 0.13077830188679246
79 0.20378124999999997 0.4263207547169811 0.0464375 0.07905660377358491
44 0.44871875 0.48568396226415095 0.021843750000000002 0.0564622641509434
52 0.17184375000000002 0.5838679245283019 0.0200625 0.033066037735849055
