1 0.32083333333333336 0.8148148148148148 0.010416666666666666 0.05925925925925926
1 0.3229166666666667 0.8185185185185185 0.008333333333333333 0.025925925925925925
1 0.28854166666666664 0.8240740740740741 0.017708333333333333 0.04814814814814815
1 0.29270833333333335 0.8185185185185185 0.019791666666666666 0.05925925925925926
1 0.28854166666666664 0.8425925925925926 0.025 0.046296296296296294
8 0.228125 0.6777777777777778 0.0375 0.07592592592592592
1 0.19583333333333333 0.7444444444444445 0.010416666666666666 0.03518518518518519
2 0.26458333333333334 0.7166666666666667 0.030208333333333334 0.07222222222222222
1 0.30104166666666665 0.7240740740740741 0.011458333333333333 0.027777777777777776
1 0.3125 0.7092592592592593 0.011458333333333333 0.03518518518518519
1 0.296875 0.6962962962962963 0.011458333333333333 0.04259259259259259
1 0.26666666666666666 0.6814814814814815 0.013541666666666667 0.03148148148148148
4 0.28854166666666664 0.6666666666666666 0.022916666666666665 0.027777777777777776
2 0.3260416666666667 0.6481481481481481 0.027083333333333334 0.05555555555555555
3 0.34791666666666665 0.5925925925925926 0.04895833333333333 0.05925925925925926
4 0.35 0.5796296296296296 0.021875 0.03333333333333333
1 0.39166666666666666 0.6722222222222223 0.0125 0.03333333333333333
1 0.42916666666666664 0.6203703703703703 0.008333333333333333 0.02962962962962963
1 0.41354166666666664 0.6166666666666667 0.010416666666666666 0.024074074074074074
1 0.4197916666666667 0.5777777777777777 0.009375 0.024074074074074074
1 0.4979166666666667 0.6518518518518519 0.014583333333333334 0.027777777777777776
1 0.5020833333333333 0.6444444444444445 0.010416666666666666 0.025925925925925925
1 0.5208333333333334 0.6462962962962963 0.013541666666666667 0.03333333333333333
1 0.521875 0.6240740740740741 0.009375 0.018518518518518517
1 0.5239583333333333 0.4962962962962963 0.008333333333333333 0.016666666666666666
1 0.5260416666666666 0.4925925925925926 0.005208333333333333 0.020370370370370372
1 0.509375 0.9092592592592592 0.021875 0.06481481481481481
1 0.515625 0.9259259259259259 0.014583333333333334 0.044444444444444446
1 0.0625 0.8 0.01875 0.05555555555555555
1 0.071875 0.7592592592592593 0.011458333333333333 0.03888888888888889
3 0.12291666666666666 0.6944444444444444 0.057291666666666664 0.07407407407407407
4 0.12604166666666666 0.762962962962963 0.0125 0.04259259259259259
1 0.12083333333333333 0.8740740740740741 0.017708333333333333 0.05185185185185185
4 0.11979166666666667 0.8925925925925926 0.023958333333333335 0.046296296296296294
1 0.7677083333333333 0.9611111111111111 0.015625 0.03888888888888889
1 0.803125 0.9592592592592593 0.017708333333333333 0.03888888888888889
1 0.6979166666666666 0.9055555555555556 0.019791666666666666 0.05
1 0.6708333333333333 0.9037037037037037 0.015625 0.03518518518518519
1 0.6260416666666667 0.8333333333333334 0.015625 0.024074074074074074
1 0.621875 0.8592592592592593 0.015625 0.05555555555555555
1 0.6041666666666666 0.8444444444444444 0.01875 0.05925925925925926
1 0.5875 0.8388888888888889 0.013541666666666667 0.05925925925925926
1 0.5791666666666667 0.8203703703703704 0.014583333333333334 0.05925925925925926
1 0.546875 0.7981481481481482 0.011458333333333333 0.05
1 0.5677083333333334 0.774074074074074 0.011458333333333333 0.05
1 0.571875 0.7870370370370371 0.010416666666666666 0.03148148148148148
1 0.5802083333333333 0.7796296296296297 0.011458333333333333 0.04814814814814815
4 0.559375 0.7888888888888889 0.025 0.03518518518518519
1 0.6 0.8166666666666667 0.013541666666666667 0.025925925925925925
1 0.6 0.7981481481481482 0.013541666666666667 0.044444444444444446
1 0.628125 0.7907407407407407 0.007291666666666667 0.03518518518518519
1 0.6177083333333333 0.762962962962963 0.013541666666666667 0.04259259259259259
3 0.6677083333333333 0.7648148148148148 0.04375 0.08333333333333333
2 0.6489583333333333 0.8703703703703703 0.034375 0.07777777777777778
1 0.5510416666666667 0.7018518518518518 0.011458333333333333 0.04259259259259259
1 0.5447916666666667 0.6962962962962963 0.010416666666666666 0.04259259259259259
1 0.5552083333333333 0.6777777777777778 0.010416666666666666 0.04259259259259259
1 0.546875 0.6722222222222223 0.009375 0.04259259259259259
1 0.5885416666666666 0.7 0.010416666666666666 0.03148148148148148
2 0.6322916666666667 0.8666666666666667 0.035416666666666666 0.06481481481481481
2 0.615625 0.8518518518518519 0.042708333333333334 0.05185185185185185
8 0.5916666666666667 0.812962962962963 0.065625 0.05740740740740741
2 0.5875 0.7759259259259259 0.051041666666666666 0.046296296296296294
2 0.5614583333333333 0.7074074074074074 0.053125 0.03888888888888889
2 0.6208333333333333 0.6648148148148149 0.019791666666666666 0.02962962962962963
2 0.5833333333333334 0.6259259259259259 0.021875 0.053703703703703705
2 0.5520833333333334 0.6333333333333333 0.0375 0.04814814814814815
2 0.5479166666666667 0.6259259259259259 0.03229166666666667 0.02962962962962963
1 0.5364583333333334 0.6222222222222222 0.009375 0.03888888888888889
1 0.5541666666666667 0.6148148148148148 0.00625 0.02962962962962963
4 0.9052083333333333 0.8537037037037037 0.027083333333333334 0.06481481481481481
3 0.9395833333333333 0.8296296296296296 0.06041666666666667 0.09814814814814815
4 0.39375 0.5777777777777777 0.017708333333333333 0.018518518518518517
3 0.4875 0.4685185185185185 0.015625 0.025925925925925925
4 0.5239583333333333 0.5018518518518519 0.008333333333333333 0.020370370370370372
1 0.46770833333333334 0.5111111111111111 0.007291666666666667 0.020370370370370372
2 0.4635416666666667 0.5 0.014583333333333334 0.037037037037037035
1 0.453125 0.49444444444444446 0.00625 0.016666666666666666
4 0.4510416666666667 0.49074074074074076 0.010416666666666666 0.02962962962962963
1 0.5 0.45185185185185184 0.00625 0.014814814814814815
4 0.5010416666666667 0.46111111111111114 0.005208333333333333 0.012962962962962963
2 0.5114583333333333 0.4462962962962963 0.009375 0.027777777777777776
1 0.4708333333333333 0.48148148148148145 0.004166666666666667 0.009259259259259259
1 0.4666666666666667 0.45555555555555555 0.005208333333333333 0.012962962962962963
1 0.465625 0.43333333333333335 0.005208333333333333 0.012962962962962963
1 0.48125 0.4222222222222222 0.00625 0.012962962962962963
1 0.465625 0.4759259259259259 0.007291666666666667 0.012962962962962963
4 0.46979166666666666 0.48333333333333334 0.007291666666666667 0.014814814814814815
4 0.4666666666666667 0.48148148148148145 0.00625 0.014814814814814815
4 0.4666666666666667 0.46296296296296297 0.00625 0.012962962962962963
4 0.4666666666666667 0.44074074074074077 0.004166666666666667 0.012962962962962963
4 0.4791666666666667 0.42592592592592593 0.008333333333333333 0.016666666666666666
3 0.48541666666666666 0.5833333333333334 0.023958333333333335 0.046296296296296294
4 0.521875 0.6648148148148149 0.009375 0.020370370370370372
4 0.5020833333333333 0.6648148148148149 0.009375 0.020370370370370372
4 0.5229166666666667 0.6314814814814815 0.009375 0.024074074074074074
4 0.39166666666666666 0.687037037037037 0.013541666666666667 0.03148148148148148
4 0.4270833333333333 0.6370370370370371 0.011458333333333333 0.027777777777777776
4 0.4197916666666667 0.587037037037037 0.009375 0.024074074074074074
2 0.4114583333333333 0.6185185185185185 0.015625 0.037037037037037035
4 0.5020833333333333 0.9259259259259259 0.040625 0.06111111111111111
