1 0.4713235294117647 0.6209150326797386 0.03602941176470588 0.11503267973856209
1 0.525 0.5215686274509804 0.028676470588235293 0.09542483660130718
1 0.2375 0.6039215686274509 0.030882352941176472 0.12810457516339868
1 0.17426470588235293 0.5660130718954248 0.026470588235294117 0.07581699346405228
1 0.2051470588235294 0.5751633986928104 0.030147058823529412 0.06928104575163399
1 0.2691176470588235 0.38562091503267976 0.030147058823529412 0.10718954248366012
1 0.175 0.8222222222222222 0.03455882352941177 0.12941176470588237
1 0.44338235294117645 0.5098039215686274 0.027205882352941177 0.09542483660130718
1 0.3860294117647059 0.5633986928104575 0.025735294117647058 0.1111111111111111
1 0.42867647058823527 0.738562091503268 0.029411764705882353 0.12418300653594772
1 0.29926470588235293 0.8104575163398693 0.041176470588235294 0.13986928104575164
1 0.538235294117647 0.7241830065359477 0.022058823529411766 0.10980392156862745
1 0.39558823529411763 0.7816993464052288 0.027205882352941177 0.07973856209150326
1 0.6566176470588235 0.7516339869281046 0.025 0.134640522875817
1 0.38529411764705884 0.8823529411764706 0.028676470588235293 0.11764705882352941
1 0.5610294117647059 0.7908496732026143 0.04411764705882353 0.11633986928104575
1 0.5720588235294117 0.7254901960784313 0.03676470588235294 0.08366013071895424
1 0.6272058823529412 0.7176470588235294 0.014705882352941176 0.07581699346405228
1 0.6404411764705882 0.6888888888888889 0.019852941176470587 0.12156862745098039
1 0.5573529411764706 0.45098039215686275 0.022058823529411766 0.09542483660130718
1 0.4375 0.47581699346405226 0.022058823529411766 0.09803921568627451
1 0.4308823529411765 0.42483660130718953 0.023529411764705882 0.09803921568627451
1 0.4213235294117647 0.3934640522875817 0.021323529411764706 0.09019607843137255
1 0.49926470588235294 0.47320261437908495 0.028676470588235293 0.10196078431372549
1 0.48676470588235293 0.42745098039215684 0.030882352941176472 0.09542483660130718
1 0.4698529411764706 0.38562091503267976 0.026470588235294117 0.08888888888888889
1 0.46691176470588236 0.35294117647058826 0.022058823529411766 0.08235294117647059
1 0.4117647058823529 0.35555555555555557 0.019852941176470587 0.08627450980392157
1 0.39558823529411763 0.32287581699346407 0.020588235294117647 0.09019607843137255
1 0.45073529411764707 0.3202614379084967 0.020588235294117647 0.08758169934640522
1 0.39191176470588235 0.28627450980392155 0.016176470588235296 0.08104575163398693
1 0.43970588235294117 0.29150326797385623 0.015441176470588236 0.08104575163398693
1 0.5455882352941176 0.4091503267973856 0.019852941176470587 0.09542483660130718
1 0.525 0.3843137254901961 0.01911764705882353 0.09019607843137255
1 0.5044117647058823 0.3516339869281046 0.01838235294117647 0.0784313725490196
1 0.5794117647058824 0.3803921568627451 0.019852941176470587 0.08888888888888889
1 0.4875 0.3202614379084967 0.01764705882352941 0.0784313725490196
1 0.48161764705882354 0.3006535947712418 0.013970588235294118 0.07581699346405228
1 0.55 0.34901960784313724 0.014705882352941176 0.07712418300653595
1 0.6051470588235294 0.3437908496732026 0.01911764705882353 0.08366013071895424
1 0.5345588235294118 0.30980392156862746 0.013970588235294118 0.0784313725490196
1 0.5257352941176471 0.3032679738562091 0.013235294117647059 0.07058823529411765
1 0.5786764705882353 0.34509803921568627 0.014705882352941176 0.06666666666666667
1 0.5801470588235295 0.3045751633986928 0.015441176470588236 0.06666666666666667
1 0.5720588235294117 0.2901960784313726 0.015441176470588236 0.08104575163398693
1 0.5852941176470589 0.27450980392156865 0.016911764705882352 0.0784313725490196
1 0.5455882352941176 0.24705882352941178 0.013235294117647059 0.07450980392156863
1 0.5580882352941177 0.2261437908496732 0.014705882352941176 0.06928104575163399
1 0.4661764705882353 0.07973856209150326 0.008823529411764706 0.03529411764705882
1 0.44632352941176473 0.06666666666666667 0.0125 0.048366013071895426
3 0.575735294117647 0.1869281045751634 0.10073529411764706 0.07581699346405228
1 0.8301470588235295 0.3686274509803922 0.01911764705882353 0.07712418300653595
1 0.8073529411764706 0.3542483660130719 0.022794117647058822 0.09803921568627451
1 0.7764705882352941 0.43529411764705883 0.022794117647058822 0.08366013071895424
1 0.7316176470588235 0.32941176470588235 0.013970588235294118 0.07581699346405228
1 0.6404411764705882 0.33725490196078434 0.013970588235294118 0.08104575163398693
1 0.6661764705882353 0.3568627450980392 0.015441176470588236 0.054901960784313725
1 0.6977941176470588 0.3568627450980392 0.013970588235294118 0.07058823529411765
1 0.7110294117647059 0.3581699346405229 0.013235294117647059 0.06928104575163399
1 0.7375 0.38562091503267976 0.014705882352941176 0.08627450980392157
1 0.7205882352941176 0.37777777777777777 0.014705882352941176 0.09019607843137255
1 0.7661764705882353 0.3359477124183007 0.020588235294117647 0.0915032679738562
1 0.7139705882352941 0.28366013071895424 0.014705882352941176 0.0784313725490196
1 0.7147058823529412 0.25882352941176473 0.01838235294117647 0.0718954248366013
1 0.7 0.23660130718954248 0.013970588235294118 0.08888888888888889
1 0.6286764705882353 0.5045751633986928 0.022794117647058822 0.10326797385620914
1 0.6316176470588235 0.45359477124183006 0.01838235294117647 0.09019607843137255
1 0.7125 0.5032679738562091 0.022058823529411766 0.10065359477124183
1 0.7176470588235294 0.47843137254901963 0.023529411764705882 0.07712418300653595
1 0.7441176470588236 0.4888888888888889 0.029411764705882353 0.10065359477124183
1 0.736764705882353 0.4718954248366013 0.027941176470588237 0.08496732026143791
1 0.7544117647058823 0.44575163398692813 0.020588235294117647 0.10065359477124183
1 0.6602941176470588 0.5398692810457516 0.023529411764705882 0.09542483660130718
1 0.6558823529411765 0.5934640522875817 0.030147058823529412 0.11241830065359477
1 0.6419117647058824 0.5764705882352941 0.028676470588235293 0.1111111111111111
4 0.7889705882352941 0.534640522875817 0.04852941176470588 0.07320261437908497
1 0.7470588235294118 0.6535947712418301 0.021323529411764706 0.1111111111111111
1 0.7610294117647058 0.6483660130718955 0.01911764705882353 0.11503267973856209
2 0.7529411764705882 0.6313725490196078 0.08602941176470588 0.16601307189542483
1 0.12426470588235294 0.8888888888888888 0.03161764705882353 0.10588235294117647
1 0.8830882352941176 0.37777777777777777 0.025 0.0915032679738562
2 0.8698529411764706 0.4117647058823529 0.05808823529411765 0.07712418300653595
3 0.8338235294117647 0.16601307189542483 0.07941176470588235 0.08496732026143791
3 0.8801470588235294 0.13202614379084968 0.07573529411764705 0.07058823529411765
3 0.9602941176470589 0.21568627450980393 0.039705882352941174 0.06405228758169934
1 0.16470588235294117 0.9450980392156862 0.03676470588235294 0.054901960784313725
2 0.32426470588235295 0.24444444444444444 0.04264705882352941 0.06797385620915032
1 0.3301470588235294 0.12156862745098039 0.0125 0.05359477124183006
1 0.3125 0.12026143790849673 0.014705882352941176 0.05620915032679739
1 0.3191176470588235 0.15163398692810456 0.019852941176470587 0.03398692810457516
2 0.3492647058823529 0.7294117647058823 0.04044117647058824 0.1437908496732026
