72 0.11915625 0.06259009009009009 0.295609375 0.44711711711711716
84 0.31528125 0.7664414414414414 0.052359375 0.041463963963963964
84 0.305359375 0.8122747747747747 0.068203125 0.0568018018018018
75 0.19637500000000002 0.7257657657657658 0.076296875 0.05220720720720721
75 0.30539062499999997 0.593536036036036 0.068421875 0.037454954954954954
84 0.127546875 0.6326576576576576 0.051171875 0.035518018018018016
84 0.313140625 0.794436936936937 0.044046875 0.04182432432432433
84 0.17706249999999998 0.6013063063063063 0.10325 0.05777027027027027
84 0.127640625 0.6636486486486487 0.055625 0.03504504504504505
84 0.12890625 0.6514414414414414 0.051609375 0.031058558558558557
86 0.060625 0.3222072072072072 0.07470312500000001 0.21452702702702703
86 0.002703125 0.31673423423423425 0.057671875 0.2337612612612613
