1 0.038843749999999996 0.021395833333333333 0.353046875 0.7725208333333333
51 0.800921875 0.38043750000000004 0.108359375 0.08695833333333333
1 0.9157500000000001 0.7086666666666667 0.083890625 0.13097916666666667
44 0.4639375 0.2459375 0.094125 0.6315624999999999
44 0.5617656249999999 0.3030208333333333 0.05659375 0.36604166666666665
44 0.605328125 0.3048541666666667 0.05525 0.34327083333333336
44 0.64528125 0.24608333333333335 0.04021875 0.32837500000000003
44 0.682359375 0.24972916666666667 0.03534375 0.3308125
44 0.372625 0.27220833333333333 0.017468749999999998 0.09641666666666666
44 0.35528125 0.26489583333333333 0.0185 0.10691666666666667
44 0.331515625 0.26429166666666665 0.01815625 0.10585416666666667
44 0.31260937499999997 0.28097916666666667 0.017984375 0.06433333333333333
44 0.906390625 0.29564583333333333 0.025984374999999997 0.1200625
44 0.70703125 0.35354166666666664 0.022171875 0.22764583333333333
72 0.0 0.000625 0.09459375 0.06335416666666667
72 0.77996875 0.18964583333333335 0.09925 0.1345208333333333
82 0.705578125 0.2493125 0.12198437499999999 0.22854166666666667
44 0.529765625 0.30591666666666667 0.040734375 0.38547916666666665
46 0.210390625 0.7376666666666666 0.12857812500000002 0.24675
46 0.6443749999999999 0.5761041666666666 0.077765625 0.217
67 0.009734375 0.2415625 0.9902656249999999 0.7454583333333333
