1 0.355125 0.15491666666666667 0.005265625 0.017125
28 0.22367187500000002 0.4960833333333333 0.14534375 0.13245833333333332
85 0.790421875 0.41637500000000005 0.022625 0.029229166666666664
85 0.832046875 0.4086875 0.012296875 0.033166666666666664
1 0.8835625 0.0340625 0.0083125 0.025104166666666667
1 0.8962187500000001 0.036270833333333335 0.00625 0.022166666666666668
1 0.611984375 0.21429166666666666 0.0080625 0.024479166666666666
1 0.5108125 0.00014583333333333335 0.00446875 0.0138125
1 0.8183125 0.23010416666666667 0.0052499999999999995 0.018333333333333333
28 0.8946875000000001 0.12410416666666667 0.022296875 0.0161875
28 0.9563124999999999 0.13783333333333334 0.02515625 0.01627083333333333
1 0.9057031249999999 0.035875 0.0056875 0.023604166666666666
1 0.618765625 0.205375 0.006734374999999999 0.026875
1 0.9345156250000001 0.2812708333333333 0.0076875 0.030500000000000003
1 0.15765625 0.08464583333333334 0.005109375 0.017895833333333333
