2 0.07096875 0.283875 0.566125 0.6860208333333334
3 0.09865625 0.23485416666666667 0.5247499999999999 0.3016875
3 0.21084375 0.20514583333333333 0.197953125 0.060083333333333336
1 0.6334531250000001 0.043916666666666666 0.28378125 0.9054166666666668
4 0.356453125 0.22722916666666665 0.33453125 0.7375208333333333
1 0.19284375 0.20327083333333332 0.028421875000000003 0.06302083333333333
1 0.23996875 0.18658333333333335 0.032296875 0.040937499999999995
2 0.030203124999999997 0.29552083333333334 0.08053125 0.06710416666666667
3 0.9005625 0.18341666666666667 0.011046875000000001 0.0069791666666666665
8 0.043421875 0.18445833333333334 0.258203125 0.16041666666666668
1 0.26209375 0.19816666666666669 0.00853125 0.016916666666666667
