6 0.3359375 0.21203703703703702 0.023958333333333335 0.04259259259259259
8 0.3484375 0.24722222222222223 0.015625 0.03333333333333333
8 0.4869791666666667 0.3472222222222222 0.0625 0.05555555555555555
8 0.1859375 0.2953703703703704 0.040625 0.02962962962962963
6 0.4953125 0.42314814814814816 0.052083333333333336 0.14444444444444443
3 0.3567708333333333 0.225 0.010416666666666666 0.012962962962962963
3 0.36302083333333335 0.23425925925925925 0.011458333333333333 0.022222222222222223
3 0.3703125 0.25833333333333336 0.016666666666666666 0.014814814814814815
3 0.37447916666666664 0.24537037037037038 0.011458333333333333 0.020370370370370372
3 0.4588541666666667 0.287962962962963 0.019791666666666666 0.027777777777777776
3 0.0546875 0.27685185185185185 0.027083333333333334 0.022222222222222223
3 0.06510416666666667 0.2638888888888889 0.019791666666666666 0.018518518518518517
3 0.1453125 0.27870370370370373 0.025 0.020370370370370372
3 0.2703125 0.33055555555555555 0.0375 0.025925925925925925
3 0.14322916666666666 0.30277777777777776 0.027083333333333334 0.022222222222222223
3 0.5411458333333333 0.3509259259259259 0.029166666666666667 0.025925925925925925
3 0.8796875 0.41759259259259257 0.058333333333333334 0.03148148148148148
3 0.6734375 0.36944444444444446 0.051041666666666666 0.037037037037037035
3 0.5765625 0.3824074074074074 0.04791666666666667 0.03333333333333333
3 0.7046875 0.3972222222222222 0.05416666666666667 0.03518518518518519
3 0.5223958333333333 0.39351851851851855 0.05 0.03518518518518519
3 0.4078125 0.3398148148148148 0.03854166666666667 0.03148148148148148
3 0.3703125 0.3138888888888889 0.028645833333333332 0.026851851851851852
3 0.30364583333333334 0.31203703703703706 0.03333333333333333 0.027777777777777776
3 0.09322916666666667 0.2861111111111111 0.03229166666666667 0.025925925925925925
3 0.2078125 0.3175925925925926 0.027083333333333334 0.022222222222222223
3 0.0953125 0.24722222222222223 0.017708333333333333 0.027777777777777776
3 0.3380208333333333 0.3712962962962963 0.023958333333333335 0.037037037037037035
3 0.32135416666666666 0.4212962962962963 0.025 0.046296296296296294
3 0.3234375 0.525 0.030208333333333334 0.05555555555555555
3 0.27760416666666665 0.6638888888888889 0.059375 0.12407407407407407
3 0.3859375 0.4564814814814815 0.034375 0.05185185185185185
3 0.43697916666666664 0.4064814814814815 0.051041666666666666 0.046296296296296294
3 0.44114583333333335 0.45092592592592595 0.022916666666666665 0.053703703703703705
3 0.4421875 0.5083333333333333 0.030208333333333334 0.05555555555555555
3 0.4401041666666667 0.5638888888888889 0.03125 0.07037037037037037
3 0.5067708333333333 0.5712962962962963 0.030208333333333334 0.06851851851851852
3 0.5203125 0.687962962962963 0.042708333333333334 0.09444444444444444
3 0.5296875 0.8046296296296296 0.04375 0.12962962962962962
1 0.2557291666666667 0.5287037037037037 0.007291666666666667 0.03888888888888889
1 0.1546875 0.7722222222222223 0.014583333333333334 0.06111111111111111
2 0.39479166666666665 0.2953703703703704 0.0140625 0.028703703703703703
1 0.8536458333333333 0.3824074074074074 0.007291666666666667 0.03888888888888889
1 0.8234375 0.375 0.005208333333333333 0.02962962962962963
1 0.8088541666666667 0.3861111111111111 0.00625 0.027777777777777776
4 0.8036458333333333 0.3972222222222222 0.0125 0.018518518518518517
4 0.2546875 0.549074074074074 0.007291666666666667 0.024074074074074074
4 0.15260416666666668 0.8046296296296296 0.0125 0.05185185185185185
1 0.5859375 0.4935185185185185 0.007291666666666667 0.037037037037037035
1 0.5921875 0.5027777777777778 0.00625 0.027777777777777776
1 0.5046875 0.325 0.005208333333333333 0.018518518518518517
4 0.5005208333333333 0.33611111111111114 0.017708333333333333 0.011111111111111112
3 0.3494791666666667 0.18055555555555555 0.013020833333333334 0.016666666666666666
2 0.5927083333333333 0.5148148148148148 0.0067708333333333336 0.021296296296296296
8 0.31927083333333334 0.17962962962962964 0.014583333333333334 0.021296296296296296
1 0.32395833333333335 0.27314814814814814 0.0046875 0.01574074074074074
1 0.31666666666666665 0.27314814814814814 0.005208333333333333 0.018518518518518517
2 0.31666666666666665 0.2814814814814815 0.005729166666666666 0.012962962962962963
2 0.3234375 0.28055555555555556 0.005208333333333333 0.014814814814814815
1 0.3104166666666667 0.21666666666666667 0.004166666666666667 0.012962962962962963
4 0.3109375 0.225 0.0046875 0.009259259259259259
3 0.146875 0.20833333333333334 0.009895833333333333 0.01574074074074074
3 0.12552083333333333 0.2074074074074074 0.0109375 0.018518518518518517
3 0.15104166666666666 0.20092592592592592 0.011458333333333333 0.01574074074074074
3 0.16302083333333334 0.19537037037037036 0.017708333333333333 0.017592592592592594
3 0.23020833333333332 0.19814814814814816 0.013020833333333334 0.020370370370370372
1 0.6744791666666666 0.35833333333333334 0.005729166666666666 0.017592592592592594
1 0.6786458333333333 0.362962962962963 0.00625 0.012037037037037037
4 0.6682291666666667 0.3675925925925926 0.020833333333333332 0.01574074074074074
3 0.25416666666666665 0.1398148148148148 0.011458333333333333 0.017592592592592594
3 0.3140625 0.19814814814814816 0.011458333333333333 0.012962962962962963
3 0.3302083333333333 0.2074074074074074 0.010416666666666666 0.01574074074074074
