3 0.6072222222222222 0.18228758169934642 0.13769607843137255 0.13316993464052287
3 0.9028267973856209 0.1923202614379085 0.09717320261437909 0.1097875816993464
3 0.7145098039215686 0.2102941176470588 0.11800653594771242 0.0903921568627451
1 0.30800653594771243 0.17073529411764704 0.040098039215686276 0.140359477124183
6 0.737892156862745 0.15836601307189543 0.16919934640522874 0.12323529411764707
1 0.2869607843137255 0.23968954248366012 0.017042483660130718 0.04063725490196079
1 0.7792320261437908 0.2161437908496732 0.017254901960784316 0.021405228758169935
10 0.3666666666666667 0.015980392156862745 0.03638888888888889 0.048513071895424836
10 0.4152941176470588 0.019738562091503268 0.02562091503267974 0.04259803921568627
6 0.907859477124183 0.15256535947712418 0.09066993464052288 0.06509803921568628
11 0.2 0.07643790849673203 0.6727287581699346 0.9079738562091503
