3 0.7994687500000001 0.43641686182669787 0.20053125 0.3211241217798595
4 0.526234375 0.5133021077283373 0.02628125 0.09140515222482436
6 0.5768125000000001 0.14646370023419203 0.2688125 0.5403981264637002
6 0.30803125 0.2594145199063232 0.18828125 0.38131147540983606
1 0.23732812499999997 0.4319906323185012 0.089546875 0.2952927400468384
1 0.203234375 0.4328571428571429 0.092359375 0.29918032786885246
1 0.468375 0.40946135831381736 0.046578125 0.23714285714285716
1 0.128734375 0.4915222482435597 0.0351875 0.10318501170960188
1 0.5601406250000001 0.34374707259953163 0.0193125 0.060210772833723655
1 0.060953125 0.4224121779859485 0.065734375 0.283559718969555
1 0.5159687500000001 0.4424824355971897 0.047671875 0.13107728337236535
1 0.611328125 0.26210772833723656 0.042609375 0.07358313817330212
3 0.5566875 0.4720608899297424 0.023109374999999998 0.11140515222482436
3 0.49725 0.44142857142857145 0.034999999999999996 0.03496487119437939
27 0.251421875 0.5466042154566745 0.0244375 0.07662763466042154
1 0.903359375 0.4730913348946136 0.0489375 0.05526932084309134
1 0.869703125 0.40117096018735365 0.048046875 0.11740046838407495
1 0.1998125 0.48934426229508193 0.02065625 0.10262295081967213
1 0.95521875 0.4045901639344262 0.031796875 0.1194145199063232
1 0.766546875 0.23163934426229507 0.054796875 0.10562060889929743
4 0.128171875 0.5384777517564403 0.02609375 0.05981264637002342
1 0.0015625 0.2716627634660422 0.940625 0.35362997658079626
