37 0.416609375 0.7270960187353631 0.06 0.08918032786885245
1 0.356140625 0.21960187353629976 0.35162499999999997 0.6171194379391101
1 0.8875781249999999 0.14381733021077284 0.112421875 0.6516861826697892
1 0.7536875000000001 0.3692974238875878 0.0465 0.2439344262295082
1 0.038796874999999995 0.44498829039812643 0.039515625 0.1203512880562061
1 0.127078125 0.4530679156908665 0.078453125 0.21201405152224825
1 0.19128125 0.4541451990632318 0.070109375 0.20583138173302107
1 0.29496875 0.4414519906323185 0.09509375 0.2020608899297424
1 0.12565625 0.44552693208430916 0.0550625 0.22496487119437938
1 0.21912500000000001 0.4500468384074941 0.114203125 0.19466042154566746
1 0.179390625 0.4584777517564403 0.019171874999999998 0.048641686182669785
1 0.3140625 0.4070257611241218 0.029406250000000002 0.06772833723653396
1 0.06946875 0.43278688524590164 0.030515625 0.0750351288056206
1 0.1688125 0.4596252927400468 0.018625 0.04728337236533958
15 0.545671875 0.541943793911007 0.144359375 0.021756440281030444
15 0.627953125 0.49864168618266974 0.081265625 0.04557377049180328
1 0.0015625 0.1288056206088993 0.8890625 0.5597189695550351
