3 0.030147058823529412 0.2549019607843137 0.039705882352941174 0.05359477124183006
3 0.030882352941176472 0.615686274509804 0.04485294117647059 0.044444444444444446
3 0.18455882352941178 0.5620915032679739 0.04485294117647059 0.043137254901960784
3 0.4102941176470588 0.5006535947712418 0.04044117647058824 0.044444444444444446
1 0.3139705882352941 0.8614379084967321 0.008088235294117648 0.018300653594771243
1 0.3073529411764706 0.865359477124183 0.007352941176470588 0.018300653594771243
1 0.31029411764705883 0.7202614379084967 0.007352941176470588 0.01568627450980392
4 0.3029411764705882 0.7163398692810458 0.020588235294117647 0.01699346405228758
4 0.3911764705882353 0.7790849673202614 0.01838235294117647 0.018300653594771243
1 0.39558823529411763 0.7816993464052288 0.007352941176470588 0.01437908496732026
1 0.5272058823529412 0.8679738562091504 0.007352941176470588 0.011764705882352941
1 0.5352941176470588 0.8640522875816994 0.007352941176470588 0.013071895424836602
1 0.7330882352941176 0.7856209150326797 0.006617647058823529 0.00784313725490196
1 0.7801470588235294 0.7503267973856209 0.007352941176470588 0.011764705882352941
1 0.7808823529411765 0.7660130718954249 0.007352941176470588 0.011764705882352941
1 0.9536764705882353 0.665359477124183 0.010294117647058823 0.013071895424836602
3 0.7080882352941177 0.6784313725490196 0.04191176470588235 0.054901960784313725
3 0.9544117647058824 0.39869281045751637 0.045588235294117645 0.044444444444444446
3 0.8713235294117647 0.47581699346405226 0.045588235294117645 0.044444444444444446
3 0.8544117647058823 0.3137254901960784 0.04191176470588235 0.03529411764705882
3 0.8867647058823529 0.6496732026143791 0.04044117647058824 0.0392156862745098
3 0.9433823529411764 0.6222222222222222 0.03897058823529412 0.027450980392156862
1 0.7375 0.7712418300653595 0.0058823529411764705 0.013071895424836602
1 0.7308823529411764 0.7738562091503268 0.0058823529411764705 0.011764705882352941
4 0.8911764705882353 0.74640522875817 0.010294117647058823 0.02483660130718954
4 0.8816176470588235 0.7607843137254902 0.009558823529411765 0.026143790849673203
4 0.8698529411764706 0.7594771241830065 0.011764705882352941 0.02483660130718954
1 0.9110294117647059 0.7712418300653595 0.008088235294117648 0.013071895424836602
2 0.8529411764705882 0.6784313725490196 0.020588235294117647 0.0196078431372549
1 0.8169117647058823 0.7542483660130719 0.008088235294117648 0.013071895424836602
1 0.2948529411764706 0.39869281045751637 0.014705882352941176 0.01699346405228758
3 0.3897058823529412 0.0 0.022058823529411766 0.08366013071895424
1 0.4213235294117647 0.0 0.021323529411764706 0.07320261437908497
1 0.31691176470588234 0.21568627450980393 0.009558823529411765 0.01437908496732026
1 0.325 0.13594771241830064 0.009558823529411765 0.013071895424836602
1 0.46838235294117647 0.2849673202614379 0.008088235294117648 0.01437908496732026
4 0.4661764705882353 0.28104575163398693 0.014705882352941176 0.02091503267973856
1 0.649264705882353 0.16209150326797386 0.0058823529411764705 0.01699346405228758
1 0.6610294117647059 0.16993464052287582 0.006617647058823529 0.011764705882352941
4 0.5573529411764706 0.09673202614379085 0.011764705882352941 0.030065359477124184
1 0.5580882352941177 0.1111111111111111 0.008823529411764706 0.011764705882352941
1 0.5602941176470588 0.10065359477124183 0.008088235294117648 0.011764705882352941
1 0.47573529411764703 0.2849673202614379 0.005147058823529412 0.011764705882352941
1 0.7786764705882353 0.1607843137254902 0.008088235294117648 0.011764705882352941
4 0.7727941176470589 0.15816993464052287 0.015441176470588236 0.01568627450980392
1 0.9558823529411765 0.4993464052287582 0.009558823529411765 0.01568627450980392
4 0.95 0.5006535947712418 0.01838235294117647 0.01568627450980392
1 0.8169117647058823 0.7437908496732026 0.007352941176470588 0.009150326797385621
1 0.7433823529411765 0.8928104575163399 0.007352941176470588 0.013071895424836602
1 0.7426470588235294 0.9058823529411765 0.007352941176470588 0.013071895424836602
1 0.7352941176470589 0.9359477124183007 0.003676470588235294 0.009150326797385621
1 0.736764705882353 0.9437908496732026 0.005147058823529412 0.009150326797385621
1 0.9360294117647059 0.7581699346405228 0.007352941176470588 0.013071895424836602
1 0.9227941176470589 0.7686274509803922 0.007352941176470588 0.013071895424836602
1 0.95 0.7542483660130719 0.008088235294117648 0.013071895424836602
1 0.9727941176470588 0.7725490196078432 0.007352941176470588 0.013071895424836602
1 0.961764705882353 0.6849673202614379 0.008088235294117648 0.013071895424836602
1 0.8595588235294118 0.6993464052287581 0.007352941176470588 0.013071895424836602
1 0.9036764705882353 0.6901960784313725 0.007352941176470588 0.013071895424836602
1 0.9742647058823529 0.6797385620915033 0.008088235294117648 0.013071895424836602
1 0.9816176470588235 0.6758169934640523 0.007352941176470588 0.013071895424836602
1 0.9897058823529412 0.6758169934640523 0.007352941176470588 0.013071895424836602
2 0.8963235294117647 0.7973856209150327 0.045588235294117645 0.0392156862745098
1 0.9308823529411765 0.7202614379084967 0.007352941176470588 0.013071895424836602
1 0.924264705882353 0.7163398692810458 0.007352941176470588 0.011764705882352941
3 0.5338235294117647 0.9738562091503268 0.027941176470588237 0.02483660130718954
