56 0.587751756440281 0.650828125 0.17941451990632318 0.145390625
56 0.7758548009367682 0.635296875 0.22414519906323183 0.26353125
56 0.09522248243559718 0.8086874999999999 0.16927400468384074 0.094125
56 0.10161592505854801 0.536515625 0.10620608899297425 0.09109375
57 0.6450585480093677 0.526828125 0.1214519906323185 0.08345312499999999
57 0.484519906323185 0.45209374999999996 0.1628805620608899 0.125734375
56 0.4895081967213115 0.316859375 0.07700234192037471 0.087515625
56 0.7699765807962529 0.132359375 0.19407494145199064 0.19328125000000002
56 0.4246135831381733 0.397703125 0.16433255269320843 0.117109375
56 0.0881967213114754 0.41420312499999995 0.24252927400468385 0.126421875
56 0.14470725995316158 0.588125 0.17187353629976582 0.13389062499999999
56 0.32311475409836066 0.677921875 0.15962529274004683 0.10909374999999999
56 0.6392974238875878 0.42165625 0.1450351288056206 0.09059375
56 0.21627634660421544 0.142171875 0.1911943793911007 0.061578125
57 0.7880327868852459 0.48503125 0.13056206088992975 0.08021875
57 0.4665339578454333 0.63153125 0.1903512880562061 0.100484375
56 0.5246370023419203 0.07615625000000001 0.13339578454332554 0.08103125
56 0.00234192037470726 0.04375 0.9953161592505855 0.8734375
