2 0.13721875 0.7457291666666667 0.066140625 0.21564583333333334
3 0.5 0.6086041666666666 0.198390625 0.22795833333333335
3 0.806625 0.6283541666666667 0.046718749999999996 0.03879166666666667
3 0.7199375 0.6307708333333333 0.076046875 0.09408333333333332
3 0.573734375 0.5846666666666667 0.134984375 0.162375
3 0.24715625000000002 0.5506666666666666 0.25778124999999996 0.318875
1 0.1199375 0.47072916666666664 0.1233125 0.43241666666666667
1 0.78978125 0.6359583333333333 0.022203125 0.07877083333333333
10 0.6094062499999999 0.5249166666666667 0.017671875 0.03827083333333334
10 0.52896875 0.4000625 0.010859375000000001 0.036041666666666666
10 0.5073125 0.5119374999999999 0.015171875000000001 0.04210416666666667
1 0.8866093749999999 0.6211458333333333 0.024546875000000003 0.04783333333333333
10 0.819296875 0.5597916666666667 0.0072343749999999995 0.009270833333333334
1 0.253265625 0.5331458333333333 0.04215625 0.14295833333333335
10 0.47964062500000004 0.4946875 0.01971875 0.06175
10 0.8011874999999999 0.5541874999999999 0.009015625 0.017041666666666667
10 0.9081250000000001 0.5758541666666667 0.007718750000000001 0.022979166666666665
1 0.92359375 0.6253541666666667 0.010171875 0.041875
1 0.00865625 0.5977083333333333 0.047531250000000004 0.15758333333333333
2 0.8539375 0.6343541666666667 0.009046875 0.02225
3 0.9386875 0.6187291666666667 0.050671875 0.03985416666666666
4 0.054796875 0.6287083333333333 0.078 0.2153125
10 0.769765625 0.5989791666666666 0.00709375 0.018895833333333334
27 0.131765625 0.6180416666666667 0.071921875 0.1301875
3 0.8623125 0.5691666666666666 0.023921875000000002 0.023770833333333335
3 0.8366250000000001 0.581875 0.0213125 0.03283333333333333
3 0.8517187500000001 0.5933958333333333 0.019390625 0.031375
8 0.24695312500000002 0.5498125 0.258828125 0.31147916666666664
8 0.7201562499999999 0.6307083333333333 0.07714062499999999 0.09202083333333334
