3 0.4078125 0.7638888888888888 0.050520833333333334 0.12962962962962962
4 0.6151041666666667 0.5722222222222222 0.009895833333333333 0.03611111111111111
1 0.49114583333333334 0.6722222222222223 0.0078125 0.03796296296296296
4 0.4901041666666667 0.6842592592592592 0.009375 0.03981481481481482
1 0.5078125 0.6314814814814815 0.009895833333333333 0.03796296296296296
4 0.50625 0.6407407407407407 0.0125 0.03888888888888889
1 0.5140625 0.5638888888888889 0.008333333333333333 0.03425925925925926
2 0.5140625 0.575 0.008333333333333333 0.02962962962962963
1 0.5796875 0.47685185185185186 0.008333333333333333 0.032407407407407406
3 0.5307291666666667 0.35185185185185186 0.013541666666666667 0.025925925925925925
3 0.5223958333333333 0.33055555555555555 0.009895833333333333 0.01574074074074074
3 0.51875 0.31851851851851853 0.0109375 0.018518518518518517
3 0.4161458333333333 0.3287037037037037 0.011979166666666667 0.021296296296296296
1 0.5625 0.43425925925925923 0.005208333333333333 0.025
1 0.5119791666666667 0.44722222222222224 0.0036458333333333334 0.024074074074074074
1 0.49947916666666664 0.44074074074074077 0.005729166666666666 0.030555555555555555
1 0.5052083333333334 0.4537037037037037 0.0036458333333333334 0.017592592592592594
3 0.4484375 0.4 0.0171875 0.026851851851851852
1 0.4734375 0.4425925925925926 0.0046875 0.018518518518518517
1 0.47291666666666665 0.4462962962962963 0.004166666666666667 0.017592592592592594
4 0.47239583333333335 0.44907407407407407 0.005729166666666666 0.021296296296296296
1 0.4875 0.45092592592592595 0.005729166666666666 0.019444444444444445
1 0.48854166666666665 0.4564814814814815 0.0046875 0.017592592592592594
4 0.48802083333333335 0.4546296296296296 0.005729166666666666 0.022222222222222223
1 0.49375 0.3962962962962963 0.0046875 0.020370370370370372
4 0.4942708333333333 0.4027777777777778 0.0046875 0.017592592592592594
1 0.490625 0.3907407407407407 0.0036458333333333334 0.016666666666666666
4 0.490625 0.39444444444444443 0.0036458333333333334 0.01574074074074074
1 0.4765625 0.3925925925925926 0.004166666666666667 0.018518518518518517
4 0.4765625 0.39814814814814814 0.0046875 0.017592592592592594
4 0.4708333333333333 0.3907407407407407 0.003125 0.016666666666666666
4 0.48072916666666665 0.3824074074074074 0.004166666666666667 0.014814814814814815
4 0.48854166666666665 0.375 0.003125 0.013888888888888888
4 0.4671875 0.3787037037037037 0.005208333333333333 0.01574074074074074
1 0.4703125 0.38796296296296295 0.0036458333333333334 0.01574074074074074
1 0.4671875 0.37407407407407406 0.0046875 0.016666666666666666
1 0.48125 0.3787037037037037 0.0036458333333333334 0.01574074074074074
1 0.48802083333333335 0.36944444444444446 0.0036458333333333334 0.014814814814814815
1 0.48385416666666664 0.35648148148148145 0.0026041666666666665 0.011111111111111112
4 0.48333333333333334 0.3592592592592593 0.0036458333333333334 0.012962962962962963
1 0.47552083333333334 0.2824074074074074 0.0020833333333333333 0.011111111111111112
1 0.484375 0.30462962962962964 0.0026041666666666665 0.012962962962962963
1 0.4791666666666667 0.31574074074074077 0.0026041666666666665 0.010185185185185186
4 0.4786458333333333 0.3194444444444444 0.0036458333333333334 0.011111111111111112
3 0.008333333333333333 0.6981481481481482 0.10729166666666666 0.09074074074074075
3 0.11875 0.6 0.06979166666666667 0.06018518518518518
1 0.3494791666666667 0.8 0.0125 0.062037037037037036
4 0.3453125 0.8083333333333333 0.017708333333333333 0.0712962962962963
1 0.35260416666666666 0.6111111111111112 0.010416666666666666 0.03425925925925926
4 0.35 0.6166666666666667 0.014583333333333334 0.03611111111111111
1 0.3411458333333333 0.6731481481481482 0.011979166666666667 0.041666666666666664
4 0.3416666666666667 0.6722222222222223 0.0125 0.058333333333333334
1 0.325 0.6657407407407407 0.013020833333333334 0.05648148148148148
1 0.296875 0.4842592592592593 0.00625 0.032407407407407406
4 0.28177083333333336 0.48333333333333334 0.016145833333333335 0.021296296296296296
