3 0.16979166666666667 0.5148148148148148 0.065625 0.10740740740740741
3 0.33958333333333335 0.5203703703703704 0.09166666666666666 0.12407407407407407
3 0.253125 0.6407407407407407 0.078125 0.1425925925925926
2 0.50625 0.16296296296296298 0.040625 0.07037037037037037
2 0.540625 0.27037037037037037 0.051041666666666666 0.07407407407407407
4 0.390625 0.42777777777777776 0.025 0.046296296296296294
1 0.09479166666666666 0.3814814814814815 0.016666666666666666 0.027777777777777776
4 0.09583333333333334 0.387037037037037 0.019791666666666666 0.03148148148148148
3 0.03854166666666667 0.2574074074074074 0.046875 0.08148148148148149
2 0.215625 0.0 0.027083333333333334 0.024074074074074074
1 0.828125 0.5648148148148148 0.016666666666666666 0.037037037037037035
3 0.9114583333333334 0.27037037037037037 0.042708333333333334 0.08703703703703704
3 0.79375 0.06666666666666667 0.04583333333333333 0.07592592592592592
2 0.878125 0.046296296296296294 0.029166666666666667 0.05
3 0.684375 0.07037037037037037 0.04479166666666667 0.05740740740740741
3 0.7229166666666667 0.018518518518518517 0.05416666666666667 0.05
3 0.7479166666666667 0.08703703703703704 0.041666666666666664 0.06111111111111111
3 0.14270833333333333 0.8814814814814815 0.11354166666666667 0.11851851851851852
3 0.40520833333333334 0.9462962962962963 0.059375 0.053703703703703705
3 0.8916666666666667 0.9203703703703704 0.06666666666666667 0.07962962962962963
