1 0.01911764705882353 0.2496732026143791 0.011029411764705883 0.04183006535947712
1 0.027941176470588237 0.269281045751634 0.010294117647058823 0.044444444444444446
1 0.033823529411764704 0.27450980392156865 0.011764705882352941 0.04183006535947712
1 0.09632352941176471 0.2679738562091503 0.0125 0.044444444444444446
1 0.10735294117647058 0.2627450980392157 0.011029411764705883 0.043137254901960784
4 0.06985294117647059 0.3137254901960784 0.027941176470588237 0.027450980392156862
4 0.09117647058823529 0.24183006535947713 0.020588235294117647 0.02483660130718954
4 0.1264705882352941 0.23137254901960785 0.02426470588235294 0.022222222222222223
4 0.12205882352941176 0.2065359477124183 0.027205882352941177 0.023529411764705882
1 0.10588235294117647 0.16470588235294117 0.007352941176470588 0.03529411764705882
1 0.09779411764705882 0.1568627450980392 0.008823529411764706 0.03529411764705882
1 0.0058823529411764705 0.4222222222222222 0.015441176470588236 0.050980392156862744
1 0.20588235294117646 0.6300653594771242 0.013235294117647059 0.05359477124183006
4 0.2051470588235294 0.6549019607843137 0.014705882352941176 0.047058823529411764
1 0.3669117647058823 0.9294117647058824 0.0125 0.06274509803921569
1 0.35955882352941176 0.9124183006535947 0.0125 0.05751633986928104
1 0.35955882352941176 0.8888888888888888 0.011764705882352941 0.058823529411764705
3 0.24632352941176472 0.5686274509803921 0.07573529411764705 0.1084967320261438
3 0.1713235294117647 0.08104575163398693 0.023529411764705882 0.03398692810457516
3 0.17941176470588235 0.030065359477124184 0.021323529411764706 0.03790849673202614
1 0.20955882352941177 0.05228758169934641 0.006617647058823529 0.026143790849673203
2 0.2125 0.06143790849673202 0.003676470588235294 0.02483660130718954
3 0.18382352941176472 0.00392156862745098 0.01838235294117647 0.030065359477124184
3 0.26323529411764707 0.043137254901960784 0.019852941176470587 0.03398692810457516
3 0.2676470588235294 0.10588235294117647 0.028676470588235293 0.047058823529411764
3 0.27058823529411763 0.20261437908496732 0.03161764705882353 0.04967320261437908
1 0.27647058823529413 0.27712418300653596 0.0125 0.044444444444444446
1 0.3154411764705882 0.18562091503267975 0.008088235294117648 0.032679738562091505
4 0.3176470588235294 0.19869281045751633 0.006617647058823529 0.027450980392156862
1 0.18382352941176472 0.19738562091503267 0.011029411764705883 0.02875816993464052
4 0.18308823529411763 0.21045751633986928 0.010294117647058823 0.032679738562091505
3 0.30367647058823527 0.00522875816993464 0.029411764705882353 0.022222222222222223
3 0.3125 0.01437908496732026 0.04411764705882353 0.027450980392156862
1 0.3669117647058823 0.0457516339869281 0.008088235294117648 0.03398692810457516
1 0.3779411764705882 0.0392156862745098 0.006617647058823529 0.03790849673202614
1 0.3897058823529412 0.027450980392156862 0.0058823529411764705 0.03398692810457516
1 0.39558823529411763 0.030065359477124184 0.006617647058823529 0.030065359477124184
1 0.39705882352941174 0.044444444444444446 0.005147058823529412 0.032679738562091505
1 0.4139705882352941 0.08496732026143791 0.006617647058823529 0.036601307189542485
3 0.3220588235294118 0.08366013071895424 0.023529411764705882 0.0392156862745098
3 0.32279411764705884 0.12026143790849673 0.025735294117647058 0.0392156862745098
1 0.3323529411764706 0.14901960784313725 0.007352941176470588 0.03790849673202614
1 0.32279411764705884 0.13202614379084968 0.008823529411764706 0.036601307189542485
1 0.33455882352941174 0.1437908496732026 0.0058823529411764705 0.032679738562091505
4 0.37058823529411766 0.16470588235294117 0.019852941176470587 0.023529411764705882
3 0.38235294117647056 0.13071895424836602 0.05514705882352941 0.0392156862745098
1 0.41691176470588237 0.1607843137254902 0.006617647058823529 0.03398692810457516
1 0.44632352941176473 0.16862745098039217 0.008823529411764706 0.03790849673202614
1 0.5161764705882353 0.1830065359477124 0.008088235294117648 0.036601307189542485
2 0.4088235294117647 0.1830065359477124 0.03308823529411765 0.03398692810457516
3 0.3375 0.1934640522875817 0.030147058823529412 0.04967320261437908
1 0.37573529411764706 0.24705882352941178 0.009558823529411765 0.03398692810457516
2 0.3683823529411765 0.2601307189542484 0.01838235294117647 0.04183006535947712
4 0.4308823529411765 0.24444444444444444 0.022794117647058822 0.03137254901960784
2 0.44926470588235295 0.27450980392156865 0.009558823529411765 0.032679738562091505
1 0.39705882352941174 0.27450980392156865 0.0058823529411764705 0.03529411764705882
1 0.40294117647058825 0.2797385620915033 0.005147058823529412 0.032679738562091505
1 0.39926470588235297 0.3006535947712418 0.008823529411764706 0.03398692810457516
4 0.3897058823529412 0.31241830065359477 0.01838235294117647 0.02875816993464052
3 0.38235294117647056 0.32287581699346407 0.07279411764705883 0.054901960784313725
1 0.4801470588235294 0.3137254901960784 0.0058823529411764705 0.036601307189542485
4 0.4852941176470588 0.27712418300653596 0.008823529411764706 0.0392156862745098
1 0.5036764705882353 0.26405228758169935 0.008088235294117648 0.043137254901960784
2 0.5154411764705882 0.27320261437908494 0.009558823529411765 0.03398692810457516
2 0.5095588235294117 0.24836601307189543 0.0125 0.02483660130718954
1 0.4536764705882353 0.3895424836601307 0.011764705882352941 0.03790849673202614
1 0.5830882352941177 0.4666666666666667 0.008823529411764706 0.048366013071895426
1 0.5558823529411765 0.9058823529411765 0.0125 0.06013071895424837
1 0.5529411764705883 0.8771241830065359 0.015441176470588236 0.06274509803921569
2 0.5463235294117647 0.8888888888888888 0.025 0.07450980392156863
1 0.5742647058823529 0.5163398692810458 0.0125 0.054901960784313725
2 0.5625 0.5254901960784314 0.033823529411764704 0.040522875816993466
1 0.47058823529411764 0.36993464052287583 0.008823529411764706 0.050980392156862744
2 0.4625 0.38823529411764707 0.022058823529411766 0.027450980392156862
4 0.5602941176470588 0.19738562091503267 0.0058823529411764705 0.03137254901960784
4 0.5691176470588235 0.20261437908496732 0.008823529411764706 0.026143790849673203
4 0.5485294117647059 0.25098039215686274 0.0058823529411764705 0.032679738562091505
4 0.5617647058823529 0.24705882352941178 0.009558823529411765 0.030065359477124184
1 0.6088235294117647 0.22745098039215686 0.0058823529411764705 0.04183006535947712
1 0.6477941176470589 0.2261437908496732 0.0058823529411764705 0.036601307189542485
4 0.6132352941176471 0.2522875816993464 0.008088235294117648 0.03398692810457516
2 0.6257352941176471 0.19215686274509805 0.016176470588235296 0.02483660130718954
1 0.6705882352941176 0.23137254901960785 0.005147058823529412 0.0392156862745098
3 0.6404411764705882 0.2679738562091503 0.06470588235294118 0.047058823529411764
1 0.5852941176470589 0.29411764705882354 0.0058823529411764705 0.03790849673202614
1 0.5772058823529411 0.29673202614379085 0.007352941176470588 0.03529411764705882
4 0.5647058823529412 0.3111111111111111 0.028676470588235293 0.026143790849673203
1 0.5735294117647058 0.31895424836601305 0.008088235294117648 0.03137254901960784
4 0.5625 0.32941176470588235 0.022794117647058822 0.032679738562091505
1 0.5345588235294118 0.338562091503268 0.007352941176470588 0.044444444444444446
4 0.5227941176470589 0.3503267973856209 0.023529411764705882 0.032679738562091505
1 0.5404411764705882 0.34901960784313724 0.007352941176470588 0.02483660130718954
3 0.5948529411764706 0.338562091503268 0.07279411764705883 0.054901960784313725
3 0.575 0.39477124183006534 0.07573529411764705 0.054901960784313725
4 0.6867647058823529 0.23790849673202613 0.01911764705882353 0.036601307189542485
4 0.7455882352941177 0.23660130718954248 0.010294117647058823 0.027450980392156862
4 0.7610294117647058 0.23398692810457516 0.008823529411764706 0.02875816993464052
3 0.7411764705882353 0.3503267973856209 0.07426470588235294 0.06013071895424837
1 0.7889705882352941 0.18169934640522875 0.0058823529411764705 0.036601307189542485
1 0.8022058823529412 0.18823529411764706 0.0058823529411764705 0.036601307189542485
3 0.8654411764705883 0.2196078431372549 0.0625 0.0457516339869281
1 0.9448529411764706 0.23529411764705882 0.008823529411764706 0.036601307189542485
3 0.8433823529411765 0.3333333333333333 0.07426470588235294 0.05359477124183006
3 0.6610294117647059 0.6601307189542484 0.1338235294117647 0.13856209150326798
4 0.44485294117647056 0.4065359477124183 0.026470588235294117 0.030065359477124184
1 0.48308823529411765 0.31895424836601305 0.004411764705882353 0.018300653594771243
