19 0.5674133333333333 0.42160000000000003 0.18066666666666667 0.29963999999999996
31 0.16266666666666665 0.5239 0.060186666666666666 0.10446
1 0.18575999999999998 0.46966 0.14082666666666668 0.31012
1 0.42157333333333336 0.17474 0.08162666666666667 0.15975999999999999
1 0.29064 0.47348 0.07192 0.18875999999999998
1 0.36296000000000006 0.50936 0.040293333333333334 0.086
1 0.9034933333333334 0.57662 0.02888 0.04838
1 0.41642666666666667 0.1834 0.04328 0.06666
1 0.6132266666666667 0.22269999999999998 0.15437333333333333 0.13344
1 0.6893333333333334 0.22804 0.03866666666666667 0.05994
1 0.9030933333333334 0.55974 0.02477333333333333 0.06408
1 0.5725333333333333 0.21588 0.046 0.059359999999999996
1 0.49792 0.21694 0.08672 0.12264
1 0.3985333333333333 0.50632 0.04306666666666666 0.05674
15 0.5462666666666667 0.26344 0.12997333333333333 0.07002
1 0.3670133333333333 0.48296 0.03373333333333334 0.02878
8 0.4184 0.23556 0.3642666666666666 0.38858
1 0.336 0.218 0.43733333333333335 0.31
