6 0.3890625 0.2537037037037037 0.0125 0.022222222222222223
3 0.3651041666666667 0.2824074074074074 0.008854166666666666 0.014814814814814815
3 0.4479166666666667 0.2611111111111111 0.0078125 0.010185185185185186
6 0.459375 0.25277777777777777 0.008854166666666666 0.022222222222222223
3 0.4546875 0.26666666666666666 0.005729166666666666 0.010185185185185186
3 0.4427083333333333 0.26296296296296295 0.00625 0.009259259259259259
3 0.4421875 0.26944444444444443 0.005729166666666666 0.009259259259259259
3 0.44947916666666665 0.26944444444444443 0.0067708333333333336 0.010185185185185186
3 0.45 0.275 0.0067708333333333336 0.011111111111111112
3 0.44947916666666665 0.2814814814814815 0.0067708333333333336 0.011111111111111112
3 0.4401041666666667 0.28055555555555556 0.0067708333333333336 0.010185185185185186
3 0.43072916666666666 0.27870370370370373 0.007291666666666667 0.010185185185185186
3 0.43802083333333336 0.29074074074074074 0.0078125 0.012962962962962963
3 0.4479166666666667 0.28888888888888886 0.007291666666666667 0.012037037037037037
3 0.4479166666666667 0.2972222222222222 0.007291666666666667 0.012037037037037037
3 0.43802083333333336 0.3 0.007291666666666667 0.012037037037037037
3 0.43697916666666664 0.3074074074074074 0.008333333333333333 0.012037037037037037
3 0.44427083333333334 0.31851851851851853 0.009375 0.01574074074074074
3 0.43385416666666665 0.3277777777777778 0.009895833333333333 0.01574074074074074
3 0.46197916666666666 0.34444444444444444 0.011458333333333333 0.017592592592592594
3 0.4473958333333333 0.3425925925925926 0.009895833333333333 0.017592592592592594
3 0.44895833333333335 0.3648148148148148 0.0125 0.020370370370370372
3 0.46822916666666664 0.36944444444444446 0.0109375 0.019444444444444445
3 0.4671875 0.3925925925925926 0.013541666666666667 0.022222222222222223
3 0.4359375 0.3925925925925926 0.013541666666666667 0.020370370370370372
3 0.43645833333333334 0.42962962962962964 0.015625 0.025
3 0.45416666666666666 0.43425925925925923 0.017708333333333333 0.030555555555555555
3 0.434375 0.4601851851851852 0.016666666666666666 0.027777777777777776
3 0.4713541666666667 0.41759259259259257 0.015625 0.025
6 0.4901041666666667 0.3972222222222222 0.028645833333333332 0.06574074074074074
3 0.47708333333333336 0.4546296296296296 0.0171875 0.025925925925925925
3 0.48541666666666666 0.4861111111111111 0.019270833333333334 0.032407407407407406
3 0.42916666666666664 0.5027777777777778 0.0203125 0.032407407407407406
3 0.4588541666666667 0.5175925925925926 0.022395833333333334 0.040740740740740744
3 0.43333333333333335 0.5574074074074075 0.0234375 0.03981481481481482
3 0.4666666666666667 0.6425925925925926 0.027604166666666666 0.05
3 0.50625 0.6712962962962963 0.0296875 0.05092592592592592
3 0.45 0.7407407407407407 0.033854166666666664 0.0712962962962963
3 0.4817708333333333 0.8398148148148148 0.04114583333333333 0.08981481481481482
3 0.5322916666666667 0.8296296296296296 0.042708333333333334 0.08796296296296297
3 0.42916666666666664 0.925 0.0421875 0.075
3 0.43072916666666666 0.6416666666666667 0.027604166666666666 0.05185185185185185
3 0.40729166666666666 0.2611111111111111 0.00625 0.009259259259259259
3 0.41458333333333336 0.2638888888888889 0.00625 0.008333333333333333
3 0.42239583333333336 0.26296296296296295 0.0067708333333333336 0.010185185185185186
3 0.41302083333333334 0.26851851851851855 0.005208333333333333 0.009259259259259259
3 0.4083333333333333 0.275 0.007291666666666667 0.010185185185185186
3 0.4166666666666667 0.2759259259259259 0.00625 0.011111111111111112
3 0.3963541666666667 0.28055555555555556 0.0067708333333333336 0.012037037037037037
3 0.3932291666666667 0.287962962962963 0.0078125 0.010185185185185186
3 0.4046875 0.28888888888888886 0.007291666666666667 0.012037037037037037
3 0.40520833333333334 0.3101851851851852 0.008854166666666666 0.013888888888888888
3 0.39114583333333336 0.3194444444444444 0.008854166666666666 0.014814814814814815
6 0.41875 0.33240740740740743 0.020833333333333332 0.04537037037037037
3 0.3619791666666667 0.3712962962962963 0.0125 0.021296296296296296
3 0.36822916666666666 0.3888888888888889 0.013541666666666667 0.023148148148148147
3 0.3848958333333333 0.39351851851851855 0.013020833333333334 0.025
3 0.3489583333333333 0.4703703703703704 0.019270833333333334 0.03425925925925926
3 0.31197916666666664 0.5731481481481482 0.028645833333333332 0.05185185185185185
3 0.0 0.29444444444444445 0.0125 0.014814814814814815
3 0.008854166666666666 0.3388888888888889 0.026041666666666668 0.018518518518518517
3 0.0 0.3388888888888889 0.0203125 0.01574074074074074
3 0.027083333333333334 0.3435185185185185 0.0203125 0.024074074074074074
3 0.05572916666666667 0.3490740740740741 0.0265625 0.018518518518518517
3 0.04895833333333333 0.34444444444444444 0.021875 0.020370370370370372
3 0.03958333333333333 0.34444444444444444 0.022395833333333334 0.018518518518518517
3 0.06614583333333333 0.33425925925925926 0.027604166666666666 0.020370370370370372
3 0.05677083333333333 0.33240740740740743 0.027083333333333334 0.018518518518518517
3 0.04010416666666667 0.30462962962962964 0.015104166666666667 0.012962962962962963
3 0.9145833333333333 0.5 0.029166666666666667 0.03888888888888889
3 0.8911458333333333 0.512962962962963 0.04479166666666667 0.03981481481481482
3 0.8994791666666667 0.5296296296296297 0.049479166666666664 0.03425925925925926
