2 0.7218133333333333 0.91118 0.06888 0.0841
3 0.45786666666666664 0.87372 0.14578666666666668 0.0631
1 0.07589333333333334 0.87 0.02096 0.05106
1 0.09173333333333333 0.8769 0.0196 0.04574
15 0.14112 0.91576 0.04586666666666667 0.038380000000000004
1 0.12402666666666666 0.92444 0.09634666666666668 0.07556
1 0.20178666666666667 0.88352 0.025226666666666668 0.07906
1 0.578 0.8515 0.023146666666666666 0.03448
1 0.5087733333333333 0.8571 0.010719999999999999 0.01598
2 0.70232 0.9165399999999999 0.059199999999999996 0.07794
15 0.30272 0.94616 0.12109333333333333 0.053840000000000006
2 0.9064800000000001 0.9234600000000001 0.07610666666666667 0.07654000000000001
