28 0.13995312499999998 0.15829787234042555 0.29803125 0.27802127659574466
28 0.410921875 0.12995744680851062 0.2739375 0.1685531914893617
1 0.16790624999999998 0.21972340425531914 0.29898437499999997 0.6001702127659574
1 0.29757812499999997 0.22534042553191488 0.148703125 0.27585106382978725
1 0.43703125 0.18236170212765956 0.36878125 0.6104680851063831
1 0.0 0.0 0.124953125 0.4959574468085106
1 0.606125 0.0 0.05703125 0.11427659574468085
1 0.5330468749999999 0.17753191489361703 0.209578125 0.47863829787234047
1 0.779296875 0.0005957446808510638 0.214265625 0.49880851063829784
1 0.107265625 0.0 0.171625 0.3415744680851064
15 0.69971875 0.4157234042553191 0.30028125 0.10787234042553193
15 0.69578125 0.34802127659574467 0.144015625 0.05953191489361702
15 0.639546875 0.2722340425531915 0.360453125 0.09029787234042552
15 0.64871875 0.29797872340425535 0.177046875 0.04193617021276596
15 0.643609375 0.20242553191489362 0.136671875 0.05825531914893617
15 0.624375 0.16 0.1705625 0.052212765957446804
15 0.722828125 0.5213404255319148 0.2739375 0.13708510638297874
15 0.003296875 0.5191063829787234 0.19143749999999998 0.1617872340425532
15 0.28054687500000003 0.13708510638297874 0.178234375 0.05168085106382979
15 0.515265625 0.10614893617021277 0.30371875 0.037021276595744675
32 0.25584375000000004 0.3393829787234042 0.027437499999999997 0.06493617021276596
1 0.25934375 0.0 0.12889062499999998 0.14487234042553193
1 0.076171875 0.0002553191489361702 0.05728124999999999 0.13046808510638297
15 0.49784375000000003 0.06234042553191489 0.49976562500000005 0.04674468085106383
15 0.9371875 0.16987234042553193 0.06281250000000001 0.023999999999999997
