8 0.014705882352941176 0.08627450980392157 0.039705882352941174 0.032679738562091505
8 0.06838235294117648 0.09673202614379085 0.0375 0.026143790849673203
3 0.11764705882352941 0.10588235294117647 0.030147058823529412 0.018300653594771243
3 0.16691176470588234 0.10718954248366012 0.026470588235294117 0.018300653594771243
1 0.03676470588235294 0.05620915032679739 0.003676470588235294 0.01437908496732026
8 0.027941176470588237 0.05620915032679739 0.033823529411764704 0.022222222222222223
3 0.14044117647058824 0.1934640522875817 0.01764705882352941 0.022222222222222223
1 0.17205882352941176 0.19738562091503267 0.0058823529411764705 0.022222222222222223
2 0.16470588235294117 0.1895424836601307 0.0125 0.018300653594771243
8 0.6713235294117647 0.3895424836601307 0.05220588235294118 0.0784313725490196
3 0.5323529411764706 0.33464052287581697 0.023529411764705882 0.043137254901960784
3 0.6816176470588236 0.30718954248366015 0.027205882352941177 0.03790849673202614
2 0.6139705882352942 0.15816993464052287 0.019852941176470587 0.01568627450980392
1 0.6183823529411765 0.15294117647058825 0.004411764705882353 0.013071895424836602
1 0.6242647058823529 0.1542483660130719 0.004411764705882353 0.013071895424836602
1 0.6977941176470588 0.15294117647058825 0.0058823529411764705 0.023529411764705882
8 0.5742647058823529 0.12287581699346405 0.022058823529411766 0.0392156862745098
3 0.5448529411764705 0.08104575163398693 0.011764705882352941 0.01568627450980392
3 0.5514705882352942 0.047058823529411764 0.008823529411764706 0.01568627450980392
3 0.5360294117647059 0.0457516339869281 0.010294117647058823 0.01568627450980392
3 0.5235294117647059 0.02875816993464052 0.008823529411764706 0.018300653594771243
3 0.5352941176470588 0.036601307189542485 0.008823529411764706 0.011764705882352941
3 0.48308823529411765 0.06666666666666667 0.008823529411764706 0.01568627450980392
1 0.46691176470588236 0.08235294117647059 0.003676470588235294 0.01568627450980392
2 0.46691176470588236 0.08758169934640522 0.003676470588235294 0.01568627450980392
3 0.39926470588235297 0.11895424836601307 0.029411764705882353 0.018300653594771243
3 0.5110294117647058 0.02483660130718954 0.007352941176470588 0.011764705882352941
3 0.48970588235294116 0.01568627450980392 0.008088235294117648 0.01045751633986928
3 0.47352941176470587 0.011764705882352941 0.007352941176470588 0.013071895424836602
3 0.4698529411764706 0.0 0.006617647058823529 0.009150326797385621
3 0.5176470588235295 0.02091503267973856 0.007352941176470588 0.011764705882352941
3 0.5176470588235295 0.01437908496732026 0.006617647058823529 0.01045751633986928
3 0.5080882352941176 0.0 0.006617647058823529 0.00784313725490196
8 0.7617647058823529 0.10326797385620914 0.06544117647058824 0.048366013071895426
3 0.8308823529411765 0.13202614379084968 0.03235294117647059 0.023529411764705882
3 0.9073529411764706 0.1450980392156863 0.03235294117647059 0.018300653594771243
3 0.8985294117647059 0.13986928104575164 0.028676470588235293 0.01699346405228758
3 0.8911764705882353 0.134640522875817 0.027205882352941177 0.01699346405228758
3 0.8801470588235294 0.12679738562091503 0.025 0.01437908496732026
8 0.8654411764705883 0.1111111111111111 0.030882352941176472 0.022222222222222223
3 0.8602941176470589 0.1111111111111111 0.030147058823529412 0.018300653594771243
3 0.8514705882352941 0.10718954248366012 0.025735294117647058 0.01568627450980392
3 0.8375 0.09542483660130718 0.022794117647058822 0.02091503267973856
3 0.825735294117647 0.09411764705882353 0.023529411764705882 0.013071895424836602
3 0.8198529411764706 0.0915032679738562 0.019852941176470587 0.011764705882352941
3 0.8147058823529412 0.08758169934640522 0.021323529411764706 0.011764705882352941
3 0.8066176470588236 0.08235294117647059 0.022058823529411766 0.01437908496732026
3 0.799264705882353 0.07320261437908497 0.019852941176470587 0.01568627450980392
3 0.7948529411764705 0.0718954248366013 0.019852941176470587 0.01437908496732026
3 0.7897058823529411 0.07058823529411765 0.020588235294117647 0.01437908496732026
3 0.7830882352941176 0.06666666666666667 0.021323529411764706 0.01437908496732026
3 0.9580882352941177 0.15163398692810456 0.027941176470588237 0.01699346405228758
3 0.9411764705882353 0.1437908496732026 0.033823529411764704 0.01568627450980392
3 0.9286764705882353 0.134640522875817 0.030882352941176472 0.01568627450980392
3 0.9227941176470589 0.13071895424836602 0.026470588235294117 0.01699346405228758
3 0.9125 0.12679738562091503 0.023529411764705882 0.01437908496732026
3 0.9014705882352941 0.11633986928104575 0.027941176470588237 0.018300653594771243
3 0.8963235294117647 0.11372549019607843 0.022794117647058822 0.01568627450980392
3 0.8808823529411764 0.10588235294117647 0.02426470588235294 0.011764705882352941
3 0.8727941176470588 0.10196078431372549 0.02426470588235294 0.01045751633986928
3 0.8632352941176471 0.09673202614379085 0.023529411764705882 0.013071895424836602
3 0.8389705882352941 0.08627450980392157 0.03235294117647059 0.013071895424836602
3 0.8301470588235295 0.08104575163398693 0.023529411764705882 0.013071895424836602
3 0.8191176470588235 0.07581699346405228 0.02426470588235294 0.01699346405228758
3 0.8139705882352941 0.06535947712418301 0.019852941176470587 0.01437908496732026
3 0.8066176470588236 0.06405228758169934 0.022058823529411766 0.01437908496732026
3 0.7904411764705882 0.05620915032679739 0.01838235294117647 0.013071895424836602
3 0.7808823529411765 0.050980392156862744 0.01911764705882353 0.011764705882352941
3 0.774264705882353 0.0457516339869281 0.01764705882352941 0.01568627450980392
3 0.7786764705882353 0.022222222222222223 0.016911764705882352 0.01045751633986928
3 0.9838235294117647 0.12026143790849673 0.016176470588235296 0.01437908496732026
3 0.9742647058823529 0.11503267973856209 0.022794117647058822 0.01437908496732026
3 0.9669117647058824 0.1111111111111111 0.016176470588235296 0.01568627450980392
3 0.9544117647058824 0.10588235294117647 0.019852941176470587 0.01568627450980392
3 0.9426470588235294 0.10065359477124183 0.020588235294117647 0.01568627450980392
3 0.9279411764705883 0.09542483660130718 0.025735294117647058 0.01437908496732026
3 0.9198529411764705 0.08758169934640522 0.02426470588235294 0.01568627450980392
3 0.913235294117647 0.08758169934640522 0.023529411764705882 0.011764705882352941
3 0.9036764705882353 0.07973856209150326 0.022794117647058822 0.01699346405228758
3 0.8919117647058824 0.07581699346405228 0.022058823529411766 0.01437908496732026
3 0.8566176470588235 0.06013071895424837 0.020588235294117647 0.01437908496732026
3 0.8485294117647059 0.05620915032679739 0.016176470588235296 0.011764705882352941
3 0.8397058823529412 0.05359477124183006 0.022058823529411766 0.011764705882352941
3 0.8308823529411765 0.047058823529411764 0.013970588235294118 0.011764705882352941
3 0.8382352941176471 0.048366013071895426 0.016176470588235296 0.013071895424836602
3 0.825 0.04183006535947712 0.01838235294117647 0.01568627450980392
3 0.8095588235294118 0.03790849673202614 0.019852941176470587 0.01045751633986928
3 0.8058823529411765 0.03398692810457516 0.016911764705882352 0.01437908496732026
3 0.7926470588235294 0.027450980392156862 0.01764705882352941 0.01437908496732026
8 0.3338235294117647 0.1111111111111111 0.05367647058823529 0.04183006535947712
3 0.8213235294117647 0.6104575163398693 0.060294117647058824 0.07973856209150326
2 0.8404411764705882 0.5189542483660131 0.011764705882352941 0.030065359477124184
2 0.8492647058823529 0.5189542483660131 0.011764705882352941 0.030065359477124184
1 0.8426470588235294 0.5058823529411764 0.008823529411764706 0.02875816993464052
1 0.8514705882352941 0.5019607843137255 0.009558823529411765 0.03398692810457516
