67 0.0015 0.0011294117647058823 0.9984999999999999 0.9864941176470589
48 0.173109375 0.3056235294117647 0.385 0.6831294117647059
57 0.49184374999999997 0.13722352941176472 0.265234375 0.08910588235294117
57 0.522859375 0.21781176470588234 0.102734375 0.10574117647058823
57 0.596703125 0.21317647058823527 0.0891875 0.2208
57 0.29125 0.23983529411764706 0.140328125 0.025317647058823528
57 0.370265625 0.17051764705882352 0.0400625 0.0695764705882353
57 0.5976250000000001 0.15564705882352942 0.07275000000000001 0.03912941176470588
57 0.58409375 0.05484705882352941 0.079828125 0.030611764705882352
57 0.41479687500000006 0.0739764705882353 0.018375 0.031082352941176474
57 0.41476562499999997 0.10232941176470589 0.043453124999999995 0.06054117647058824
57 0.674828125 0.14221176470588234 0.01278125 0.051952941176470584
