3 0.0 0.10588235294117647 0.030147058823529412 0.06535947712418301
3 0.1125 0.07581699346405228 0.08161764705882353 0.06013071895424837
1 0.30367647058823527 0.09019607843137255 0.016176470588235296 0.040522875816993466
2 0.275 0.09803921568627451 0.05661764705882353 0.04183006535947712
3 0.49779411764705883 0.07712418300653595 0.0713235294117647 0.054901960784313725
3 0.5397058823529411 0.00130718954248366 0.0661764705882353 0.044444444444444446
3 0.7080882352941177 0.0 0.06470588235294118 0.043137254901960784
3 0.8397058823529412 0.0196078431372549 0.0661764705882353 0.047058823529411764
3 0.8154411764705882 0.07712418300653595 0.06838235294117648 0.05228758169934641
3 0.9448529411764706 0.4875816993464052 0.05514705882352941 0.134640522875817
1 0.711764705882353 0.39738562091503266 0.01838235294117647 0.05751633986928104
2 0.6992647058823529 0.42483660130718953 0.03455882352941177 0.03529411764705882
3 0.7713235294117647 0.7058823529411765 0.10735294117647058 0.21176470588235294
1 0.6897058823529412 0.9267973856209151 0.026470588235294117 0.054901960784313725
1 0.6426470588235295 0.8013071895424837 0.020588235294117647 0.08104575163398693
2 0.6404411764705882 0.7751633986928105 0.0838235294117647 0.1738562091503268
1 0.6044117647058823 0.7647058823529411 0.021323529411764706 0.0784313725490196
2 0.5904411764705882 0.5542483660130719 0.0838235294117647 0.20784313725490197
1 0.5955882352941176 0.5006535947712418 0.013970588235294118 0.07712418300653595
1 0.575 0.5058823529411764 0.015441176470588236 0.06013071895424837
4 0.5727941176470588 0.5124183006535947 0.015441176470588236 0.06535947712418301
4 0.5602941176470588 0.550326797385621 0.01911764705882353 0.07450980392156863
1 0.5551470588235294 0.5660130718954248 0.015441176470588236 0.06013071895424837
1 0.5477941176470589 0.6352941176470588 0.015441176470588236 0.0784313725490196
1 0.5595588235294118 0.6509803921568628 0.011764705882352941 0.06013071895424837
1 0.5213235294117647 0.7908496732026143 0.009558823529411765 0.043137254901960784
1 0.5073529411764706 0.7620915032679738 0.014705882352941176 0.08104575163398693
2 0.44191176470588234 0.6745098039215687 0.051470588235294115 0.13986928104575164
1 0.44191176470588234 0.6836601307189543 0.016176470588235296 0.0718954248366013
1 0.43676470588235294 0.6457516339869281 0.01764705882352941 0.0784313725490196
1 0.4441176470588235 0.4849673202614379 0.008823529411764706 0.032679738562091505
1 0.43529411764705883 0.46405228758169936 0.013970588235294118 0.0718954248366013
1 0.41323529411764703 0.4797385620915033 0.013235294117647059 0.06666666666666667
4 0.4073529411764706 0.49019607843137253 0.033823529411764704 0.05751633986928104
1 0.4117647058823529 0.5764705882352941 0.011764705882352941 0.06797385620915032
2 0.4036764705882353 0.538562091503268 0.05 0.09934640522875816
1 0.29926470588235293 0.534640522875817 0.010294117647058823 0.043137254901960784
1 0.2801470588235294 0.5542483660130719 0.01764705882352941 0.06928104575163399
2 0.26691176470588235 0.5712418300653594 0.027205882352941177 0.0718954248366013
1 0.33676470588235297 0.7856209150326797 0.023529411764705882 0.08235294117647059
1 0.3551470588235294 0.873202614379085 0.021323529411764706 0.08366013071895424
3 0.2867647058823529 0.8143790849673203 0.07794117647058824 0.1843137254901961
