3 0.4479166666666667 0.8722222222222222 0.040625 0.12777777777777777
3 0.50625 0.7888888888888889 0.03958333333333333 0.13518518518518519
3 0.3614583333333333 0.7592592592592593 0.036458333333333336 0.13148148148148148
3 0.40729166666666666 0.6703703703703704 0.04479166666666667 0.1037037037037037
3 0.328125 0.55 0.03229166666666667 0.07592592592592592
3 0.4875 0.48518518518518516 0.027083333333333334 0.06111111111111111
3 0.057291666666666664 0.4925925925925926 0.06041666666666667 0.06296296296296296
1 0.01875 0.3925925925925926 0.010416666666666666 0.03333333333333333
3 0.271875 0.40370370370370373 0.04791666666666667 0.05555555555555555
3 0.490625 0.3925925925925926 0.020833333333333332 0.046296296296296294
3 0.4625 0.32222222222222224 0.019791666666666666 0.044444444444444446
3 0.49270833333333336 0.2777777777777778 0.01875 0.03888888888888889
3 0.7104166666666667 0.37777777777777777 0.03333333333333333 0.05
3 0.784375 0.3648148148148148 0.04375 0.03888888888888889
3 0.859375 0.337037037037037 0.036458333333333336 0.053703703703703705
3 0.8854166666666666 0.2814814814814815 0.041666666666666664 0.03518518518518519
3 0.9604166666666667 0.29259259259259257 0.0375 0.03333333333333333
3 0.6552083333333333 0.29814814814814816 0.035416666666666666 0.02962962962962963
4 0.8739583333333333 0.5666666666666667 0.023958333333333335 0.027777777777777776
4 0.8427083333333333 0.5314814814814814 0.021875 0.024074074074074074
3 0.840625 0.4388888888888889 0.036458333333333336 0.06296296296296296
3 0.78125 0.4351851851851852 0.04895833333333333 0.06296296296296296
3 0.37083333333333335 0.2037037037037037 0.016666666666666666 0.03888888888888889
2 0.35833333333333334 0.20185185185185187 0.0125 0.025925925925925925
3 0.39791666666666664 0.11296296296296296 0.013541666666666667 0.03148148148148148
1 0.49375 0.16666666666666666 0.005208333333333333 0.014814814814814815
4 0.49270833333333336 0.17037037037037037 0.007291666666666667 0.018518518518518517
1 0.559375 0.19074074074074074 0.004166666666666667 0.022222222222222223
1 0.5552083333333333 0.1925925925925926 0.003125 0.020370370370370372
2 0.55 0.21481481481481482 0.017708333333333333 0.04259259259259259
