44 0.37642000000000003 0.8270933333333333 0.02572 0.12178666666666667
85 0.63426 0.56352 0.0145 0.020640000000000002
63 0.04184 0.7228 0.6651 0.2772
1 0.03548 0.21754666666666667 0.41558 0.7700533333333333
1 0.50056 0.04509333333333333 0.49944 0.9393333333333334
1 0.6587799999999999 0.33109333333333335 0.174 0.6531466666666667
75 0.7359600000000001 0.49213333333333337 0.02526 0.03645333333333333
75 0.33338 0.4574666666666667 0.03186 0.11264
75 0.52266 0.70624 0.0583 0.2080533333333333
84 0.6333200000000001 0.4282133333333334 0.05064 0.06298666666666666
84 0.55786 0.47192 0.06573999999999999 0.13032
1 0.36676 0.6902133333333333 0.20044 0.30978666666666665
75 0.16604 0.5391466666666667 0.0521 0.04533333333333334
84 0.62502 0.68016 0.01726 0.048613333333333335
84 0.58674 0.41189333333333333 0.022420000000000002 0.05810666666666667
84 0.62658 0.49194666666666664 0.05042 0.056453333333333335
84 0.5924400000000001 0.35994666666666664 0.01102 0.043146666666666667
84 0.62098 0.3646133333333333 0.0181 0.05229333333333333
84 0.61414 0.6135466666666667 0.0182 0.05024
84 0.5624199999999999 0.6000266666666666 0.01692 0.051653333333333336
84 0.60564 0.6755733333333334 0.02014 0.05021333333333333
85 0.81698 0.5303733333333333 0.03202 0.03429333333333333
84 0.67932 0.3835466666666667 0.016399999999999998 0.045360000000000004
84 0.6647000000000001 0.38194666666666666 0.01324 0.043013333333333334
84 0.65254 0.3748533333333333 0.013800000000000002 0.04717333333333334
84 0.53 0.352 0.216 0.4266666666666667
