6 0.58928125 0.3467915690866511 0.3655625 0.4602576112412178
1 0.50690625 0.555175644028103 0.04475 0.2469320843091335
1 0.111234375 0.5342622950819672 0.0411875 0.24744730679156907
1 0.139625 0.5514754098360656 0.041421875000000004 0.2410538641686183
1 0.20656249999999998 0.5411943793911007 0.048734375 0.2820608899297424
1 0.288875 0.5492974238875878 0.057046875 0.2475175644028103
1 0.3449375 0.5507962529274004 0.03325 0.2379391100702576
1 0.374265625 0.5398126463700235 0.04740625 0.25449648711943795
1 0.7635625 0.5392271662763466 0.04715625 0.059367681498829046
1 0.459703125 0.5507025761124122 0.05689062499999999 0.2529742388758782
1 0.49204687500000005 0.53 0.021875 0.07533957845433256
27 0.0983125 0.5790866510538641 0.018078125 0.06269320843091335
31 0.510421875 0.6279391100702576 0.037171875 0.04831381733021077
31 0.5592343750000001 0.6618969555035129 0.0244375 0.03833723653395785
31 0.43378125 0.6891100702576113 0.038203125 0.07819672131147541
31 0.36178125 0.6777751756440281 0.01540625 0.05515222482435597
1 0.41900000000000004 0.5495784543325527 0.039390625 0.24353629976580796
1 0.54640625 0.5347072599531616 0.04090625 0.2594145199063232
31 0.3304375 0.6461358313817329 0.016718749999999998 0.0522248243559719
1 0.369765625 0.518360655737705 0.029390624999999997 0.07063231850117097
1 0.3359375 0.5269320843091335 0.21875 0.08899297423887588
