3 0.1125 0.6549019607843137 0.14191176470588235 0.25620915032679736
3 0.46691176470588236 0.5032679738562091 0.11102941176470588 0.12941176470588237
3 0.3316176470588235 0.4444444444444444 0.11764705882352941 0.12156862745098039
3 0.22647058823529412 0.2980392156862745 0.10661764705882353 0.09542483660130718
3 0.3411764705882353 0.25359477124183005 0.08676470588235294 0.07320261437908497
3 0.4904411764705882 0.1869281045751634 0.07205882352941176 0.07058823529411765
3 0.6176470588235294 0.12287581699346405 0.06911764705882353 0.04967320261437908
3 0.7566176470588235 0.16209150326797386 0.05073529411764706 0.06143790849673202
3 0.7536764705882353 0.12156862745098039 0.05367647058823529 0.05228758169934641
3 0.6595588235294118 0.10065359477124183 0.05661764705882353 0.05751633986928104
3 0.8132352941176471 0.40261437908496733 0.15588235294117647 0.11503267973856209
3 0.9036764705882353 0.34509803921568627 0.09632352941176471 0.08496732026143791
3 0.6654411764705882 0.33986928104575165 0.07794117647058824 0.10065359477124183
4 0.5566176470588236 0.15294117647058825 0.019852941176470587 0.036601307189542485
4 0.6683823529411764 0.16862745098039217 0.01838235294117647 0.030065359477124184
1 0.04264705882352941 0.3359477124183007 0.023529411764705882 0.07450980392156863
1 0.5911764705882353 0.9084967320261438 0.021323529411764706 0.0915032679738562
1 0.29191176470588237 0.2601307189542484 0.013235294117647059 0.054901960784313725
3 0.7419117647058824 0.050980392156862744 0.05220588235294118 0.0457516339869281
3 0.7933823529411764 0.02875816993464052 0.03235294117647059 0.036601307189542485
3 0.8220588235294117 0.023529411764705882 0.03161764705882353 0.04183006535947712
3 0.9330882352941177 0.29934640522875816 0.06691176470588235 0.05620915032679739
