22 0.75362 0.5698498498498499 0.19340000000000002 0.17102102102102104
22 0.89112 0.6160960960960961 0.10887999999999999 0.21486486486486486
22 0.8051799999999999 0.49438438438438437 0.18109999999999998 0.13930930930930932
22 0.96172 0.3600900900900901 0.038060000000000004 0.14402402402402403
22 0.87838 0.30078078078078074 0.10378 0.14423423423423423
22 0.5416 0.5726426426426426 0.1856 0.22597597597597596
22 0.44458 0.44861861861861857 0.2 0.14183183183183182
22 0.49018 0.376006006006006 0.13452 0.10138138138138138
22 0.59884 0.34675675675675677 0.12736 0.15714714714714714
22 0.14518 0.36630630630630634 0.19606 0.17078078078078077
22 0.7789400000000001 0.3553753753753754 0.19390000000000002 0.1465165165165165
22 0.35962 0.4293393393393393 0.18144 0.14135135135135135
22 0.07754000000000001 0.3045945945945946 0.09092 0.14663663663663662
22 0.158 0.3813813813813814 0.28 0.17117117117117117
