3 0.59375 0.8462962962962963 0.0625 0.15185185185185185
3 0.58125 0.7037037037037037 0.04375 0.08888888888888889
3 0.5708333333333333 0.6203703703703703 0.036458333333333336 0.06296296296296296
3 0.5625 0.562962962962963 0.029166666666666667 0.053703703703703705
3 0.5572916666666666 0.5111111111111111 0.026041666666666668 0.05185185185185185
3 0.5552083333333333 0.48333333333333334 0.020833333333333332 0.03888888888888889
3 0.5416666666666666 0.45 0.019791666666666666 0.037037037037037035
3 0.5489583333333333 0.42962962962962964 0.016666666666666666 0.027777777777777776
3 0.5489583333333333 0.412962962962963 0.014583333333333334 0.025925925925925925
3 0.546875 0.3925925925925926 0.014583333333333334 0.024074074074074074
3 0.5458333333333333 0.37777777777777777 0.0125 0.022222222222222223
3 0.5322916666666667 0.3611111111111111 0.013541666666666667 0.022222222222222223
3 0.5395833333333333 0.34629629629629627 0.011458333333333333 0.016666666666666666
3 0.5375 0.3333333333333333 0.009375 0.014814814814814815
3 0.496875 0.47962962962962963 0.01875 0.03888888888888889
3 0.18020833333333333 0.825925925925926 0.09375 0.1648148148148148
3 0.25625 0.6888888888888889 0.06979166666666667 0.12777777777777777
3 0.31875 0.6055555555555555 0.04583333333333333 0.07592592592592592
2 0.3489583333333333 0.5388888888888889 0.036458333333333336 0.06296296296296296
3 0.3958333333333333 0.46296296296296297 0.019791666666666666 0.04259259259259259
3 0.4114583333333333 0.42407407407407405 0.019791666666666666 0.03333333333333333
3 0.42291666666666666 0.40555555555555556 0.017708333333333333 0.03333333333333333
3 0.43854166666666666 0.37777777777777777 0.013541666666666667 0.027777777777777776
3 0.4479166666666667 0.3537037037037037 0.0125 0.022222222222222223
3 0.45208333333333334 0.34629629629629627 0.011458333333333333 0.018518518518518517
3 0.45625 0.337037037037037 0.01875 0.020370370370370372
3 0.46145833333333336 0.3277777777777778 0.010416666666666666 0.014814814814814815
3 0.4635416666666667 0.31666666666666665 0.011458333333333333 0.018518518518518517
3 0.4510416666666667 0.30925925925925923 0.013541666666666667 0.016666666666666666
3 0.5135416666666667 0.3037037037037037 0.007291666666666667 0.014814814814814815
3 0.515625 0.2851851851851852 0.007291666666666667 0.012962962962962963
3 0.471875 0.28703703703703703 0.011458333333333333 0.012962962962962963
3 0.48541666666666666 0.2851851851851852 0.007291666666666667 0.009259259259259259
3 0.5083333333333333 0.25555555555555554 0.004166666666666667 0.007407407407407408
3 0.5229166666666667 0.2611111111111111 0.005208333333333333 0.005555555555555556
3 0.490625 0.2740740740740741 0.003125 0.009259259259259259
3 0.5333333333333333 0.28703703703703703 0.007291666666666667 0.011111111111111112
2 0.5052083333333334 0.26481481481481484 0.004166666666666667 0.007407407407407408
1 0.434375 0.44074074074074077 0.008333333333333333 0.025925925925925925
2 0.434375 0.45 0.007291666666666667 0.020370370370370372
3 0.7104166666666667 0.337037037037037 0.016666666666666666 0.016666666666666666
3 0.8822916666666667 0.44814814814814813 0.0375 0.03333333333333333
3 0.8520833333333333 0.4222222222222222 0.03125 0.02962962962962963
3 0.9197916666666667 0.45185185185185184 0.040625 0.03333333333333333
3 0.9458333333333333 0.45 0.040625 0.03333333333333333
3 0.8916666666666667 0.42407407407407405 0.03958333333333333 0.027777777777777776
3 0.9197916666666667 0.42407407407407405 0.036458333333333336 0.027777777777777776
3 0.94375 0.42407407407407405 0.03958333333333333 0.027777777777777776
3 0.975 0.4222222222222222 0.025 0.027777777777777776
3 0.96875 0.4074074074074074 0.03125 0.018518518518518517
3 0.8947916666666667 0.4 0.03333333333333333 0.027777777777777776
3 0.8302083333333333 0.40185185185185185 0.029166666666666667 0.02962962962962963
3 0.7989583333333333 0.3814814814814815 0.026041666666666668 0.024074074074074074
3 0.821875 0.3814814814814815 0.022916666666666665 0.022222222222222223
3 0.8427083333333333 0.3814814814814815 0.03125 0.025925925925925925
3 0.8885416666666667 0.38333333333333336 0.03229166666666667 0.024074074074074074
3 0.7729166666666667 0.3611111111111111 0.020833333333333332 0.020370370370370372
3 0.8114583333333333 0.3611111111111111 0.022916666666666665 0.022222222222222223
3 0.8322916666666667 0.362962962962963 0.022916666666666665 0.022222222222222223
3 0.85625 0.3611111111111111 0.019791666666666666 0.022222222222222223
3 0.8739583333333333 0.3611111111111111 0.025 0.024074074074074074
3 0.8979166666666667 0.3648148148148148 0.023958333333333335 0.020370370370370372
3 0.91875 0.3611111111111111 0.023958333333333335 0.024074074074074074
3 0.940625 0.362962962962963 0.028125 0.022222222222222223
3 0.965625 0.3648148148148148 0.026041666666666668 0.020370370370370372
3 0.7489583333333333 0.34629629629629627 0.019791666666666666 0.018518518518518517
3 0.76875 0.34629629629629627 0.017708333333333333 0.016666666666666666
3 0.753125 0.3333333333333333 0.019791666666666666 0.020370370370370372
3 0.8020833333333334 0.34629629629629627 0.019791666666666666 0.020370370370370372
3 0.8395833333333333 0.34629629629629627 0.022916666666666665 0.018518518518518517
3 0.8604166666666667 0.34814814814814815 0.022916666666666665 0.018518518518518517
3 0.8833333333333333 0.35 0.023958333333333335 0.016666666666666666
3 0.903125 0.35 0.019791666666666666 0.014814814814814815
3 0.9239583333333333 0.34814814814814815 0.023958333333333335 0.018518518518518517
3 0.9552083333333333 0.34814814814814815 0.028125 0.018518518518518517
3 0.9833333333333333 0.34814814814814815 0.016666666666666666 0.020370370370370372
3 0.728125 0.3351851851851852 0.0125 0.016666666666666666
3 0.7708333333333334 0.3296296296296296 0.017708333333333333 0.024074074074074074
3 0.7885416666666667 0.337037037037037 0.013541666666666667 0.016666666666666666
3 0.803125 0.3351851851851852 0.015625 0.014814814814814815
3 0.815625 0.3351851851851852 0.019791666666666666 0.018518518518518517
3 0.834375 0.337037037037037 0.017708333333333333 0.014814814814814815
3 0.8510416666666667 0.3351851851851852 0.020833333333333332 0.016666666666666666
3 0.8885416666666667 0.3333333333333333 0.022916666666666665 0.018518518518518517
3 0.9302083333333333 0.337037037037037 0.019791666666666666 0.016666666666666666
3 0.95 0.337037037037037 0.016666666666666666 0.018518518518518517
3 0.965625 0.337037037037037 0.019791666666666666 0.018518518518518517
1 0.9416666666666667 0.3074074074074074 0.0020833333333333333 0.014814814814814815
1 0.93125 0.3111111111111111 0.003125 0.011111111111111112
1 0.896875 0.3111111111111111 0.004166666666666667 0.016666666666666666
1 0.8927083333333333 0.2962962962962963 0.0020833333333333333 0.014814814814814815
1 0.884375 0.28888888888888886 0.003125 0.012962962962962963
1 0.7854166666666667 0.3037037037037037 0.0020833333333333333 0.018518518518518517
1 0.78125 0.3055555555555556 0.003125 0.016666666666666666
1 0.778125 0.3055555555555556 0.003125 0.014814814814814815
1 0.771875 0.3055555555555556 0.004166666666666667 0.016666666666666666
3 0.90625 0.28703703703703703 0.014583333333333334 0.011111111111111112
3 0.840625 0.2722222222222222 0.0125 0.007407407407407408
