8 0.2140625 0.12222222222222222 0.033854166666666664 0.028703703703703703
8 0.19583333333333333 0.13518518518518519 0.027604166666666666 0.021296296296296296
8 0.1921875 0.13518518518518519 0.026041666666666668 0.024074074074074074
3 0.17291666666666666 0.14444444444444443 0.021354166666666667 0.01574074074074074
3 0.16510416666666666 0.14537037037037037 0.020833333333333332 0.016666666666666666
8 0.15052083333333333 0.13796296296296295 0.0296875 0.025925925925925925
3 0.5177083333333333 0.19166666666666668 0.013020833333333334 0.018518518518518517
3 0.5354166666666667 0.20925925925925926 0.013541666666666667 0.023148148148148147
8 0.490625 0.1361111111111111 0.013020833333333334 0.03148148148148148
8 0.4828125 0.1648148148148148 0.015104166666666667 0.025925925925925925
3 0.4822916666666667 0.18055555555555555 0.0125 0.017592592592592594
8 0.4671875 0.20185185185185187 0.019791666666666666 0.03333333333333333
8 0.4609375 0.2175925925925926 0.021875 0.03333333333333333
1 0.5401041666666667 0.14444444444444443 0.003125 0.013888888888888888
8 0.421875 0.2953703703703704 0.033854166666666664 0.09166666666666666
8 0.3651041666666667 0.4009259259259259 0.053125 0.13703703703703704
8 0.3854166666666667 0.3685185185185185 0.04895833333333333 0.09907407407407408
2 0.5583333333333333 0.49444444444444446 0.027083333333333334 0.06759259259259259
1 0.415625 0.4898148148148148 0.0125 0.049074074074074076
1 0.3875 0.5592592592592592 0.0171875 0.06666666666666667
2 0.38697916666666665 0.5888888888888889 0.0140625 0.04814814814814815
3 0.3020833333333333 0.6537037037037037 0.07083333333333333 0.13240740740740742
3 0.20104166666666667 0.762962962962963 0.109375 0.2351851851851852
1 0.6880208333333333 0.7703703703703704 0.0171875 0.06759259259259259
