9 0.760578125 0.6988075313807531 0.20795312500000002 0.06380753138075314
9 0.331265625 0.6514225941422594 0.120015625 0.06780334728033473
9 0.427203125 0.36140167364016734 0.12309375 0.3490167364016737
9 0.522921875 0.3819456066945607 0.19975 0.35056485355648537
9 0.9491093749999999 0.6522803347280335 0.050890625 0.1246234309623431
9 0.315640625 0.6758577405857741 0.041171875000000004 0.045669456066945606
9 0.7206406249999999 0.6743305439330544 0.090890625 0.06292887029288703
9 0.7075781250000001 0.659560669456067 0.11415625 0.04182008368200837
9 0.18951562500000002 0.6721757322175732 0.0636875 0.04502092050209205
9 0.22985937500000003 0.4026778242677824 0.094328125 0.31163179916317996
9 0.666546875 0.6536610878661088 0.042765625 0.044769874476987444
9 0.12171875000000001 0.3350418410041841 0.092203125 0.37284518828451885
9 0.39864062499999997 0.6223640167364017 0.0640625 0.05968619246861925
