77 0.054754098360655735 0.291921875 0.11800936768149883 0.10906249999999999
1 0.11789227166276348 0.001875 0.6096252927400468 0.256171875
47 0.6031147540983606 0.28728125000000004 0.1092271662763466 0.096375
48 0.56192037470726 0.68290625 0.25072599531615924 0.042671875
48 0.4540281030444965 0.16018749999999998 0.07824355971896954 0.12150000000000001
50 0.5954332552693209 0.59003125 0.054355971896955506 0.18231250000000002
51 0.8727634660421546 0.360890625 0.1270023419203747 0.1131875
47 0.681288056206089 0.564921875 0.16126463700234192 0.11346875000000001
47 0.8384777517564402 0.514359375 0.1485480093676815 0.09284375
47 0.2750585480093677 0.31859375 0.14374707259953162 0.09659375
49 0.6433255269320843 0.561796875 0.04042154566744731 0.21573437499999998
49 0.18147540983606555 0.2985625 0.24295081967213114 0.023515625000000002
1 0.19433255269320843 0.8741562500000001 0.6250351288056206 0.12584375
67 0.0 0.2070625 1.0 0.605984375
