1 0.19927083333333334 0.21576562500000002 0.308625 0.312359375
1 0.494375 0.1483125 0.32060416666666663 0.408984375
1 0.08304166666666667 0.65715625 0.3554791666666667 0.280015625
61 0.6759583333333333 0.57628125 0.2918125 0.136578125
61 0.4936666666666667 0.782328125 0.08060416666666666 0.062125
61 0.7610416666666667 0.8022500000000001 0.1588125 0.092125
61 0.5310625 0.9360468750000001 0.166375 0.063953125
61 0.517 0.572921875 0.11947916666666666 0.036609375
61 0.75275 0.52675 0.09495833333333333 0.07371875
1 0.0012083333333333332 0.657703125 0.14279166666666668 0.342296875
1 0.9135208333333333 0.29117187499999997 0.08647916666666666 0.19268749999999998
49 0.7048958333333334 0.549609375 0.05072916666666667 0.031625
61 0.4065625 0.7737499999999999 0.09083333333333334 0.06642187499999999
1 0.0 0.138484375 0.48816666666666664 0.5257031249999999
1 0.07783333333333334 0.782703125 0.41575 0.217296875
1 0.5535625 0.122140625 0.12972916666666667 0.12209375
31 0.03472916666666667 0.57421875 0.36110416666666667 0.2578125
61 0.8894583333333334 0.9232812499999999 0.11054166666666668 0.070265625
61 0.7758958333333333 0.8987812500000001 0.2115 0.09465625
48 0.5759166666666666 0.6298125 0.07400000000000001 0.02134375
