28 0.05878124999999999 0.026971326164874552 0.5427187499999999 0.2696594982078853
1 0.12646875 0.287258064516129 0.33464062499999997 0.7127419354838709
1 0.05923437499999999 0.3406989247311828 0.008624999999999999 0.036254480286738354
1 0.125484375 0.33750896057347674 0.01540625 0.03417562724014337
1 0.5251718750000001 0.517652329749104 0.061546875 0.18587813620071683
1 0.003875 0.3348924731182796 0.010249999999999999 0.021953405017921146
1 0.014859375 0.3530645161290322 0.008828125000000001 0.008476702508960574
28 0.791734375 0.31908602150537635 0.020624999999999998 0.0406989247311828
28 0.71415625 0.32310035842293905 0.047515625 0.025519713261648747
28 0.7265625 0.35370967741935483 0.043765625 0.01575268817204301
28 0.56765625 0.33530465949820787 0.026515624999999998 0.015627240143369178
28 0.517046875 0.3421326164874552 0.027265624999999998 0.013064516129032259
28 0.5064375 0.31946236559139785 0.028625 0.008888888888888889
28 0.6937656249999999 0.34810035842293907 0.023421875 0.008207885304659499
28 0.762859375 0.3539247311827957 0.027796875 0.009767025089605735
28 0.801421875 0.34928315412186384 0.028937499999999998 0.014713261648745521
28 0.0921875 0.3348566308243727 0.034390625 0.011218637992831541
28 0.389640625 0.34173835125448027 0.033703125 0.013655913978494624
28 0.6190625 0.33987455197132616 0.029249999999999998 0.011541218637992833
1 0.409015625 0.2701075268817204 0.15337499999999998 0.7298566308243728
1 0.20178124999999997 0.3453405017921147 0.010921875000000001 0.04833333333333333
28 0.4859375 0.3279569892473118 0.5125 0.04121863799283154
