1 0.765625 0.6888888888888889 0.015104166666666667 0.05185185185185185
2 0.7510416666666667 0.712037037037037 0.025520833333333333 0.04722222222222222
2 0.16614583333333333 0.6907407407407408 0.0328125 0.040740740740740744
2 0.05416666666666667 0.8453703703703703 0.028125 0.062037037037037036
2 0.1890625 0.65 0.009375 0.04351851851851852
2 0.2078125 0.6240740740740741 0.028645833333333332 0.02962962962962963
1 0.2078125 0.6416666666666667 0.011979166666666667 0.041666666666666664
1 0.19895833333333332 0.6564814814814814 0.011458333333333333 0.046296296296296294
3 0.21354166666666666 0.5981481481481481 0.0734375 0.14166666666666666
3 0.328125 0.5592592592592592 0.0421875 0.06851851851851852
3 0.390625 0.5027777777777778 0.03177083333333333 0.06018518518518518
3 0.3880208333333333 0.4324074074074074 0.0265625 0.046296296296296294
8 0.2984375 0.2101851851851852 0.07239583333333334 0.05277777777777778
3 0.4375 0.3972222222222222 0.025520833333333333 0.06111111111111111
3 0.46927083333333336 0.387037037037037 0.021354166666666667 0.03796296296296296
3 0.565625 0.5120370370370371 0.03177083333333333 0.06111111111111111
3 0.5083333333333333 0.5407407407407407 0.03333333333333333 0.06111111111111111
3 0.5166666666666667 0.44907407407407407 0.0265625 0.03981481481481482
3 0.5807291666666666 0.412962962962963 0.027083333333333334 0.06018518518518518
3 0.528125 0.3814814814814815 0.021875 0.037037037037037035
3 0.5578125 0.3490740740740741 0.01875 0.030555555555555555
3 0.4765625 0.31296296296296294 0.017708333333333333 0.03425925925925926
3 0.40208333333333335 0.25833333333333336 0.019791666666666666 0.024074074074074074
3 0.4109375 0.18611111111111112 0.009375 0.014814814814814815
3 0.40572916666666664 0.17592592592592593 0.008333333333333333 0.010185185185185186
3 0.421875 0.17777777777777778 0.009375 0.011111111111111112
8 0.42552083333333335 0.15925925925925927 0.016666666666666666 0.025
3 0.4510416666666667 0.1935185185185185 0.008333333333333333 0.013888888888888888
3 0.459375 0.18611111111111112 0.0109375 0.017592592592592594
2 0.4708333333333333 0.18703703703703703 0.005208333333333333 0.009259259259259259
3 0.4546875 0.2601851851851852 0.014583333333333334 0.022222222222222223
3 0.4640625 0.24444444444444444 0.0109375 0.017592592592592594
3 0.46041666666666664 0.22777777777777777 0.011979166666666667 0.017592592592592594
3 0.48802083333333335 0.2638888888888889 0.015625 0.021296296296296296
8 0.5005208333333333 0.24722222222222223 0.018229166666666668 0.02962962962962963
3 0.5130208333333334 0.2324074074074074 0.011979166666666667 0.01574074074074074
3 0.48385416666666664 0.23055555555555557 0.011458333333333333 0.01574074074074074
3 0.4942708333333333 0.22037037037037038 0.0109375 0.016666666666666666
3 0.46927083333333336 0.21203703703703702 0.010416666666666666 0.016666666666666666
3 0.4640625 0.2064814814814815 0.009895833333333333 0.013888888888888888
3 0.46770833333333334 0.19907407407407407 0.008854166666666666 0.012037037037037037
8 0.478125 0.19722222222222222 0.014583333333333334 0.021296296296296296
1 0.5125 0.2064814814814815 0.003125 0.013888888888888888
1 0.54375 0.22685185185185186 0.0036458333333333334 0.016666666666666666
1 0.575 0.2564814814814815 0.0046875 0.013888888888888888
2 0.5739583333333333 0.2675925925925926 0.00625 0.008333333333333333
6 0.5359375 0.2611111111111111 0.028645833333333332 0.06018518518518518
1 0.6036458333333333 0.2638888888888889 0.00625 0.014814814814814815
4 0.5994791666666667 0.27037037037037037 0.011458333333333333 0.013888888888888888
3 0.753125 0.20277777777777778 0.008333333333333333 0.014814814814814815
3 0.7203125 0.18611111111111112 0.013541666666666667 0.013888888888888888
8 0.6760416666666667 0.2657407407407407 0.042708333333333334 0.03888888888888889
3 0.6973958333333333 0.29444444444444445 0.030208333333333334 0.019444444444444445
3 0.7203125 0.2935185185185185 0.026041666666666668 0.019444444444444445
3 0.7494791666666667 0.29907407407407405 0.030729166666666665 0.025925925925925925
