3 0.2772058823529412 0.6143790849673203 0.07058823529411765 0.16993464052287582
3 0.37426470588235294 0.7176470588235294 0.1036764705882353 0.1803921568627451
3 0.44632352941176473 0.9150326797385621 0.10147058823529412 0.08496732026143791
3 0.7919117647058823 0.5045751633986928 0.10882352941176471 0.08496732026143791
3 0.799264705882353 0.5647058823529412 0.11323529411764706 0.0915032679738562
3 0.9463235294117647 0.5450980392156862 0.05367647058823529 0.08104575163398693
3 0.3352941176470588 0.3581699346405229 0.03529411764705882 0.07581699346405228
3 0.4742647058823529 0.330718954248366 0.03676470588235294 0.06013071895424837
3 0.31470588235294117 0.20261437908496732 0.025735294117647058 0.043137254901960784
3 0.34191176470588236 0.1411764705882353 0.016911764705882352 0.032679738562091505
3 0.3830882352941177 0.1084967320261438 0.021323529411764706 0.032679738562091505
3 0.38823529411764707 0.134640522875817 0.020588235294117647 0.03529411764705882
3 0.31029411764705883 0.10980392156862745 0.016911764705882352 0.032679738562091505
3 0.23455882352941176 0.18169934640522875 0.045588235294117645 0.03398692810457516
3 0.29411764705882354 0.14640522875816994 0.01911764705882353 0.04183006535947712
3 0.24926470588235294 0.13725490196078433 0.04044117647058824 0.03529411764705882
3 0.28161764705882353 0.09934640522875816 0.016911764705882352 0.048366013071895426
3 0.2566176470588235 0.06013071895424837 0.03235294117647059 0.02483660130718954
3 0.27058823529411763 0.0718954248366013 0.030147058823529412 0.02091503267973856
3 0.32426470588235295 0.048366013071895426 0.0125 0.022222222222222223
3 0.5095588235294117 0.29934640522875816 0.05 0.05359477124183006
3 0.5051470588235294 0.26405228758169935 0.05955882352941176 0.044444444444444446
3 0.5169117647058824 0.2496732026143791 0.051470588235294115 0.04183006535947712
3 0.4904411764705882 0.23398692810457516 0.04926470588235294 0.0392156862745098
3 0.47352941176470587 0.2261437908496732 0.045588235294117645 0.0392156862745098
3 0.4610294117647059 0.20392156862745098 0.05 0.03529411764705882
3 0.46911764705882353 0.17647058823529413 0.045588235294117645 0.036601307189542485
3 0.4566176470588235 0.1568627450980392 0.047058823529411764 0.030065359477124184
3 0.44632352941176473 0.1503267973856209 0.03897058823529412 0.026143790849673203
3 0.7683823529411765 0.42483660130718953 0.08897058823529412 0.05751633986928104
3 0.9345588235294118 0.4117647058823529 0.06544117647058824 0.0784313725490196
1 0.0713235294117647 0.5660130718954248 0.021323529411764706 0.06535947712418301
4 0.05588235294117647 0.5908496732026144 0.05073529411764706 0.044444444444444446
1 0.22647058823529412 0.5816993464052288 0.01838235294117647 0.08496732026143791
1 0.8036764705882353 0.9071895424836601 0.025735294117647058 0.09281045751633987
1 0.7176470588235294 0.7189542483660131 0.025735294117647058 0.08496732026143791
1 0.7433823529411765 0.7071895424836602 0.022794117647058822 0.08627450980392157
1 0.7147058823529412 0.5555555555555556 0.016176470588235296 0.06666666666666667
1 0.7294117647058823 0.5594771241830065 0.013970588235294118 0.05620915032679739
4 0.7022058823529411 0.5699346405228758 0.03529411764705882 0.048366013071895426
1 0.7036764705882353 0.5281045751633987 0.016176470588235296 0.0457516339869281
1 0.7154411764705882 0.5215686274509804 0.011764705882352941 0.050980392156862744
4 0.6904411764705882 0.5490196078431373 0.041176470588235294 0.04183006535947712
1 0.6360294117647058 0.4130718954248366 0.015441176470588236 0.043137254901960784
1 0.4573529411764706 0.23529411764705882 0.0125 0.04183006535947712
1 0.4588235294117647 0.3503267973856209 0.013235294117647059 0.047058823529411764
2 0.4610294117647059 0.3660130718954248 0.009558823529411765 0.043137254901960784
1 0.4470588235294118 0.3215686274509804 0.011764705882352941 0.03790849673202614
4 0.44632352941176473 0.338562091503268 0.011764705882352941 0.030065359477124184
3 0.44485294117647056 0.11764705882352941 0.027205882352941177 0.026143790849673203
3 0.4308823529411765 0.0915032679738562 0.027205882352941177 0.022222222222222223
3 0.4183823529411765 0.07450980392156863 0.029411764705882353 0.02091503267973856
3 0.40588235294117647 0.05359477124183006 0.025 0.02091503267973856
3 0.4102941176470588 0.036601307189542485 0.01911764705882353 0.01437908496732026
3 0.4036764705882353 0.036601307189542485 0.022058823529411766 0.01568627450980392
3 0.39191176470588235 0.03398692810457516 0.020588235294117647 0.01568627450980392
3 0.3654411764705882 0.02483660130718954 0.008823529411764706 0.0196078431372549
3 0.3492647058823529 0.027450980392156862 0.009558823529411765 0.018300653594771243
3 0.3 0.050980392156862744 0.021323529411764706 0.0196078431372549
1 0.3264705882352941 0.2679738562091503 0.008823529411764706 0.032679738562091505
4 0.32794117647058824 0.2784313725490196 0.006617647058823529 0.032679738562091505
1 0.33455882352941174 0.08496732026143791 0.0058823529411764705 0.0196078431372549
4 0.3352941176470588 0.0915032679738562 0.004411764705882353 0.01699346405228758
1 0.3610294117647059 0.12026143790849673 0.006617647058823529 0.018300653594771243
4 0.3610294117647059 0.12679738562091503 0.007352941176470588 0.01699346405228758
1 0.3977941176470588 0.0915032679738562 0.005147058823529412 0.018300653594771243
2 0.3977941176470588 0.09673202614379085 0.005147058823529412 0.018300653594771243
1 0.42205882352941176 0.08627450980392157 0.004411764705882353 0.022222222222222223
1 0.5154411764705882 0.1477124183006536 0.008823529411764706 0.01699346405228758
1 0.5654411764705882 0.19084967320261437 0.010294117647058823 0.032679738562091505
