3 0.246875 0.9462962962962963 0.04375 0.053703703703703705
1 0.259375 0.4685185185185185 0.0125 0.046296296296296294
3 0.33645833333333336 0.44814814814814813 0.03125 0.08518518518518518
2 0.33541666666666664 0.25555555555555554 0.016666666666666666 0.03888888888888889
3 0.36041666666666666 0.29444444444444445 0.025 0.06111111111111111
3 0.4822916666666667 0.46111111111111114 0.030208333333333334 0.06851851851851852
2 0.8375 0.7777777777777778 0.022916666666666665 0.05740740740740741
1 0.5177083333333333 0.24259259259259258 0.007291666666666667 0.020370370370370372
4 0.5177083333333333 0.24444444444444444 0.008333333333333333 0.024074074074074074
1 0.5083333333333333 0.13148148148148148 0.005208333333333333 0.014814814814814815
2 0.5083333333333333 0.13703703703703704 0.008333333333333333 0.020370370370370372
3 0.4625 0.10925925925925926 0.016666666666666666 0.02962962962962963
1 0.3489583333333333 0.13333333333333333 0.00625 0.022222222222222223
4 0.34791666666666665 0.13703703703703704 0.007291666666666667 0.024074074074074074
3 0.35520833333333335 0.05555555555555555 0.015625 0.03148148148148148
3 0.4010416666666667 0.05185185185185185 0.0125 0.025925925925925925
2 0.384375 0.020370370370370372 0.011458333333333333 0.03148148148148148
3 0.46770833333333334 0.009259259259259259 0.0125 0.022222222222222223
