1 0.59309375 0.3880208333333333 0.11884375 0.2376875
1 0.2704375 0.31520833333333337 0.14890625 0.3145
1 0.78034375 0.33608333333333335 0.109546875 0.3711041666666667
1 0.49034374999999997 0.4622708333333333 0.038 0.09195833333333334
1 0.566125 0.49152083333333335 0.028421875000000003 0.06258333333333334
1 0.077890625 0.24837499999999998 0.20054687499999999 0.4255625
1 0.17646875 0.305875 0.135890625 0.34118750000000003
42 0.240296875 0.6067083333333334 0.2980625 0.0406875
42 0.0 0.6587916666666668 0.44895312499999995 0.037875
42 0.60946875 0.6197083333333333 0.088046875 0.034874999999999996
42 0.80259375 0.62275 0.09373437500000001 0.035770833333333335
