18 0.6680937499999999 0.18322352941176473 0.29512499999999997 0.6727294117647059
1 0.631234375 0.08538823529411764 0.092515625 0.6472
1 0.407390625 0.0022588235294117645 0.24025 0.7887529411764707
1 0.317140625 0.0035764705882352942 0.15634375 0.6547294117647059
1 0.24298437499999997 0.0038352941176470587 0.150625 0.6404705882352941
1 0.029906250000000002 0.005623529411764706 0.14059375000000002 0.601364705882353
1 0.0 0.005623529411764706 0.059828124999999996 0.5856
1 0.1681875 0.0007529411764705883 0.0570625 0.26277647058823533
31 0.04190625 0.0012941176470588236 0.106390625 0.15750588235294116
31 0.63271875 0.0022588235294117645 0.101484375 0.1056
1 0.891046875 0.09032941176470588 0.044984375 0.0656235294117647
62 0.7990468749999999 0.1340235294117647 0.030390624999999998 0.10402352941176471
1 0.830125 0.09887058823529413 0.032046875 0.13430588235294116
1 0.7386874999999999 0.12611764705882353 0.038203125 0.0563764705882353
