20 0.73896875 0.48666666666666664 0.058140625 0.0720625
20 0.592984375 0.4908958333333333 0.033546875 0.049604166666666664
20 0.47862499999999997 0.45899999999999996 0.050609375 0.058604166666666666
20 0.38621875 0.46681249999999996 0.040031250000000004 0.059479166666666666
20 0.318875 0.4635625 0.05242187499999999 0.058333333333333334
20 0.633140625 0.49335416666666665 0.05103124999999999 0.049895833333333334
20 0.522296875 0.4719375 0.054296875 0.064
20 0.27278125000000003 0.46016666666666667 0.040781250000000005 0.05772916666666667
20 0.36103125 0.44935416666666667 0.03746875 0.059000000000000004
20 0.446296875 0.4506875 0.033859375000000004 0.058104166666666665
20 0.616734375 0.46097916666666666 0.046828125 0.024
20 0.703609375 0.46825 0.061343749999999996 0.07266666666666667
1 0.84146875 0.43329166666666663 0.043203124999999995 0.18720833333333334
20 0.897546875 0.4825833333333333 0.07515625000000001 0.06958333333333333
20 0.7180156249999999 0.4711458333333333 0.067328125 0.06708333333333334
20 0.6425156249999999 0.4763958333333333 0.0689375 0.06375
20 0.6158750000000001 0.4791666666666667 0.030421874999999998 0.05420833333333333
20 0.25834375 0.43995833333333334 0.036671875 0.05102083333333333
20 0.5466875 0.43662500000000004 0.036703124999999996 0.022229166666666668
20 0.2234375 0.4354166666666667 0.41875 0.10833333333333334
