41 0.4711965811965812 0.44523437499999996 0.14301282051282052 0.09378125000000001
41 0.2527136752136752 0.7364531249999999 0.04491452991452991 0.11125
1 0.04613247863247863 0.3663125 0.1347863247863248 0.226421875
1 0.08493589743589744 0.41312499999999996 0.1752991452991453 0.3106875
1 0.5314316239316239 0.672953125 0.043333333333333335 0.09671874999999999
1 0.49027777777777776 0.688578125 0.04143162393162393 0.080171875
1 0.4756410256410256 0.687875 0.02341880341880342 0.077734375
1 0.7020512820512821 0.69221875 0.033504273504273506 0.091625
1 0.4947649572649573 0.316859375 0.27042735042735044 0.17528125
1 0.6696153846153846 0.6757187499999999 0.03542735042735042 0.0610625
1 0.003547008547008547 0.2705 0.12305555555555556 0.358
41 0.0018162393162393163 0.587140625 0.17976495726495725 0.295703125
41 0.22123931623931625 0.71571875 0.041324786324786325 0.145046875
41 0.30536324786324787 0.6759999999999999 0.04694444444444444 0.163640625
1 0.4387179487179487 0.6753125 0.04010683760683761 0.093828125
1 0.0833974358974359 0.41118750000000004 0.1057051282051282 0.090796875
1 0.0007905982905982905 0.236375 0.04547008547008547 0.049640625
41 0.4313675213675214 0.6929375 0.01784188034188034 0.07132812499999999
41 0.5083119658119658 0.7261562500000001 0.018824786324786326 0.039375
41 0.7128418803418803 0.77078125 0.01952991452991453 0.010078125
1 0.05869658119658119 0.271046875 0.16339743589743588 0.14496875
1 0.002136752136752137 0.4859375 0.688034188034188 0.5125
