3 0.7635416666666667 0.8685185185185185 0.125 0.13148148148148148
3 0.19791666666666666 0.5666666666666667 0.08229166666666667 0.06851851851851852
3 0.07916666666666666 0.524074074074074 0.08229166666666667 0.06296296296296296
1 0.053125 0.4722222222222222 0.022916666666666665 0.04814814814814815
3 0.0 0.4111111111111111 0.029166666666666667 0.08333333333333333
2 0.3125 0.29074074074074074 0.023958333333333335 0.15185185185185185
3 0.48125 0.45185185185185184 0.0375 0.08333333333333333
3 0.46979166666666666 0.26851851851851855 0.029166666666666667 0.06666666666666667
8 0.55625 0.21666666666666667 0.03333333333333333 0.07962962962962963
1 0.5604166666666667 0.2814814814814815 0.00625 0.03333333333333333
1 0.5489583333333333 0.24259259259259258 0.009375 0.03148148148148148
4 0.546875 0.25925925925925924 0.009375 0.02962962962962963
1 0.5145833333333333 0.2759259259259259 0.010416666666666666 0.022222222222222223
4 0.5135416666666667 0.2814814814814815 0.009375 0.03333333333333333
8 0.5270833333333333 0.2518518518518518 0.019791666666666666 0.05740740740740741
2 0.8979166666666667 0.2796296296296296 0.030208333333333334 0.053703703703703705
2 0.93125 0.3388888888888889 0.041666666666666664 0.05185185185185185
3 0.925 0.5092592592592593 0.075 0.07222222222222222
3 0.8375 0.5222222222222223 0.06979166666666667 0.06481481481481481
3 0.771875 0.4166666666666667 0.053125 0.05555555555555555
2 0.9354166666666667 0.26481481481481484 0.034375 0.05185185185185185
3 0.8333333333333334 0.3148148148148148 0.027083333333333334 0.025925925925925925
1 0.8104166666666667 0.2777777777777778 0.008333333333333333 0.022222222222222223
3 0.840625 0.2833333333333333 0.03854166666666667 0.037037037037037035
1 0.8302083333333333 0.2759259259259259 0.008333333333333333 0.020370370370370372
1 0.8239583333333333 0.26481481481481484 0.005208333333333333 0.014814814814814815
1 0.8385416666666666 0.26666666666666666 0.007291666666666667 0.022222222222222223
1 0.8270833333333333 0.2518518518518518 0.009375 0.024074074074074074
3 0.5125 0.1537037037037037 0.01875 0.040740740740740744
1 0.49583333333333335 0.14444444444444443 0.009375 0.018518518518518517
4 0.4979166666666667 0.15555555555555556 0.00625 0.022222222222222223
3 0.465625 0.08518518518518518 0.016666666666666666 0.03518518518518519
2 0.32083333333333336 0.22407407407407406 0.016666666666666666 0.044444444444444446
1 0.321875 0.23148148148148148 0.007291666666666667 0.027777777777777776
3 0.33229166666666665 0.1537037037037037 0.020833333333333332 0.053703703703703705
3 0.29791666666666666 0.17962962962962964 0.021875 0.05185185185185185
1 0.19895833333333332 0.35 0.014583333333333334 0.05185185185185185
4 0.8458333333333333 0.6833333333333333 0.041666666666666664 0.02962962962962963
2 0.8739583333333333 0.7055555555555556 0.034375 0.03148148148148148
