1 0.1514705882352941 0.265359477124183 0.020588235294117647 0.08366013071895424
1 0.2786764705882353 0.269281045751634 0.01911764705882353 0.06666666666666667
1 0.2698529411764706 0.28104575163398693 0.011029411764705883 0.05359477124183006
1 0.2676470588235294 0.26143790849673204 0.011764705882352941 0.06143790849673202
1 0.39705882352941174 0.16993464052287582 0.016176470588235296 0.06405228758169934
2 0.3654411764705882 0.16601307189542483 0.013970588235294118 0.044444444444444446
3 0.42867647058823527 0.5398692810457516 0.15735294117647058 0.2222222222222222
4 0.5036764705882353 0.7503267973856209 0.07573529411764705 0.0915032679738562
1 0.5316176470588235 0.7137254901960784 0.029411764705882353 0.12287581699346405
3 0.6977941176470588 0.7111111111111111 0.15735294117647058 0.21437908496732025
3 0.8102941176470588 0.38562091503267976 0.10661764705882353 0.13333333333333333
3 0.5772058823529411 0.27058823529411763 0.11102941176470588 0.09019607843137255
4 0.7066176470588236 0.26666666666666666 0.04264705882352941 0.04183006535947712
1 0.7242647058823529 0.25098039215686274 0.011029411764705883 0.04967320261437908
1 0.7360294117647059 0.24183006535947713 0.009558823529411765 0.044444444444444446
1 0.6205882352941177 0.23790849673202613 0.013970588235294118 0.05751633986928104
1 0.4919117647058823 0.24052287581699347 0.013970588235294118 0.06666666666666667
1 0.4963235294117647 0.23790849673202613 0.008823529411764706 0.06143790849673202
1 0.7294117647058823 0.19738562091503267 0.011029411764705883 0.05359477124183006
4 0.6933823529411764 0.19738562091503267 0.01764705882352941 0.03529411764705882
1 0.7227941176470588 0.1934640522875817 0.008823529411764706 0.040522875816993466
3 0.7330882352941176 0.1568627450980392 0.06397058823529411 0.0718954248366013
3 0.711764705882353 0.12679738562091503 0.06397058823529411 0.06013071895424837
3 0.2286764705882353 0.09673202614379085 0.05 0.06274509803921569
1 0.25588235294117645 0.05751633986928104 0.013235294117647059 0.0457516339869281
1 0.32426470588235295 0.10065359477124183 0.013970588235294118 0.03137254901960784
1 0.3323529411764706 0.03790849673202614 0.008088235294117648 0.03398692810457516
1 0.3926470588235294 0.050980392156862744 0.008823529411764706 0.036601307189542485
1 0.36323529411764705 0.0392156862745098 0.011029411764705883 0.04183006535947712
1 0.40808823529411764 0.10196078431372549 0.010294117647058823 0.047058823529411764
3 0.9036764705882353 0.22483660130718955 0.075 0.07712418300653595
3 0.9492647058823529 0.29411764705882354 0.05073529411764706 0.10196078431372549
