3 0.8945624999999999 0.36745843230403796 0.1054375 0.49353919239904986
6 0.15521875000000002 0.0898812351543943 0.721375 0.8157482185273159
1 0.894765625 0.3979572446555819 0.0305 0.12800475059382424
1 0.871921875 0.39714964370546313 0.023046875 0.13182897862232779
1 0.878203125 0.3755581947743468 0.015921875 0.037149643705463184
3 0.0073906250000000005 0.3505700712589074 0.026609375 0.12584323040380047
6 0.022203125 0.24897862232779094 0.14128125 0.36655581947743465
33 0.00025 0.7012351543942994 0.03215625 0.15140142517814728
1 0.29021875 0.32213776722090265 0.02325 0.0915439429928741
8 0.8900781249999999 0.35802850356294535 0.10992187499999999 0.5185035629453681
1 0.890765625 0.33612826603325413 0.02665625 0.1004750593824228
1 0.9147500000000001 0.34099762470308786 0.014984375 0.08225653206650832
