16 0.2514 0.7036745406824148 0.08256000000000001 0.07818897637795276
3 0.06778 0.3730971128608924 0.85156 0.38934383202099737
3 0.59114 0.3825196850393701 0.22724 0.08968503937007874
3 0.9005 0.4522047244094488 0.0995 0.15545931758530182
3 0.912 0.3765879265091863 0.088 0.10133858267716535
3 0.9144800000000001 0.3599737532808399 0.08552 0.06299212598425197
3 0.0 0.44047244094488186 0.11785999999999999 0.2042782152230971
3 0.09090000000000001 0.43359580052493435 0.16516 0.06446194225721784
3 0.16791999999999999 0.41850393700787397 0.07238 0.020656167979002625
3 0.23748 0.41721784776902887 0.05754 0.029291338582677167
8 0.032740000000000005 0.38926509186351704 0.13408 0.10301837270341208
