1 0.6540468749999999 0.07770354906054279 0.19553125 0.7792693110647181
1 0.550109375 0.09592901878914406 0.144015625 0.7378914405010438
1 0.40028125000000003 0.11461377870563674 0.230421875 0.6831315240083508
1 0.095875 0.2134864300626305 0.16985937499999998 0.6067432150313152
1 0.16540625 0.14724425887265136 0.388625 0.6903966597077243
35 0.120171875 0.7706680584551148 0.18259375 0.2183507306889353
27 0.149234375 0.29860125260960335 0.0283125 0.09985386221294362
36 0.542390625 0.7576409185803759 0.162015625 0.1858872651356994
35 0.67396875 0.8172860125260961 0.2386875 0.17810020876826724
35 0.268140625 0.8078288100208768 0.23317187499999997 0.19217118997912316
