8 0.47941176470588237 0.7660130718954249 0.05220588235294118 0.23398692810457516
3 0.549264705882353 0.9633986928104575 0.0375 0.036601307189542485
3 0.5433823529411764 0.7738562091503268 0.03455882352941177 0.09281045751633987
3 0.6323529411764706 0.7398692810457517 0.03602941176470588 0.10065359477124183
3 0.5691176470588235 0.657516339869281 0.030882352941176472 0.08758169934640522
3 0.5301470588235294 0.6222222222222222 0.029411764705882353 0.07450980392156863
3 0.5323529411764706 0.49673202614379086 0.026470588235294117 0.06535947712418301
3 0.49926470588235294 0.47320261437908495 0.025735294117647058 0.06928104575163399
3 0.4455882352941177 0.4091503267973856 0.022058823529411766 0.05751633986928104
3 0.5911764705882353 0.3790849673202614 0.023529411764705882 0.050980392156862744
3 0.5875 0.3241830065359477 0.020588235294117647 0.043137254901960784
3 0.5485294117647059 0.25620915032679736 0.016911764705882352 0.03398692810457516
3 0.5772058823529411 0.20784313725490197 0.01764705882352941 0.03529411764705882
3 0.5125 0.19738562091503267 0.01764705882352941 0.03529411764705882
3 0.5198529411764706 0.11241830065359477 0.013970588235294118 0.03137254901960784
3 0.5161764705882353 0.06666666666666667 0.013235294117647059 0.02483660130718954
3 0.5213235294117647 0.030065359477124184 0.011764705882352941 0.022222222222222223
3 0.5389705882352941 0.030065359477124184 0.011029411764705883 0.018300653594771243
3 0.5669117647058823 0.058823529411764705 0.011764705882352941 0.022222222222222223
3 0.5676470588235294 0.08888888888888889 0.016911764705882352 0.023529411764705882
3 0.3301470588235294 0.6640522875816993 0.07205882352941176 0.05620915032679739
3 0.40661764705882353 0.4392156862745098 0.02426470588235294 0.06013071895424837
3 0.3477941176470588 0.27320261437908494 0.026470588235294117 0.047058823529411764
3 0.26691176470588235 0.2 0.0375 0.03398692810457516
3 0.3786764705882353 0.2679738562091503 0.022058823529411766 0.058823529411764705
3 0.4551470588235294 0.3581699346405229 0.02426470588235294 0.05751633986928104
3 0.9294117647058824 0.807843137254902 0.06985294117647059 0.1084967320261438
3 0.8014705882352942 0.8091503267973856 0.07426470588235294 0.12418300653594772
3 0.7360294117647059 0.8849673202614379 0.05514705882352941 0.11503267973856209
3 0.4875 0.6091503267973856 0.027205882352941177 0.09542483660130718
8 0.40661764705882353 0.6980392156862745 0.04485294117647059 0.13202614379084968
8 0.4139705882352941 0.5725490196078431 0.033823529411764704 0.13202614379084968
3 0.36911764705882355 0.5189542483660131 0.05220588235294118 0.06535947712418301
3 0.8941176470588236 0.8052287581699347 0.06102941176470588 0.11503267973856209
8 0.43014705882352944 0.23660130718954248 0.054411764705882354 0.07320261437908497
3 0.4647058823529412 0.1503267973856209 0.02426470588235294 0.0392156862745098
3 0.4404411764705882 0.13986928104575164 0.015441176470588236 0.030065359477124184
8 0.33308823529411763 0.19215686274509805 0.05514705882352941 0.0392156862745098
8 0.3897058823529412 0.19084967320261437 0.05661764705882353 0.040522875816993466
8 0.39191176470588235 0.17516339869281045 0.04926470588235294 0.036601307189542485
2 0.3735294117647059 0.4588235294117647 0.03308823529411765 0.043137254901960784
3 0.4764705882352941 0.12941176470588237 0.015441176470588236 0.027450980392156862
3 0.4808823529411765 0.1084967320261438 0.014705882352941176 0.02483660130718954
8 0.4823529411764706 0.054901960784313725 0.015441176470588236 0.047058823529411764
8 0.5617647058823529 0.030065359477124184 0.016176470588235296 0.03529411764705882
3 0.5713235294117647 0.12287581699346405 0.013970588235294118 0.023529411764705882
3 0.5713235294117647 0.1411764705882353 0.014705882352941176 0.026143790849673203
8 0.5735294117647058 0.1568627450980392 0.01764705882352941 0.050980392156862744
3 0.5742647058823529 0.27712418300653596 0.027205882352941177 0.03790849673202614
3 0.6419117647058824 0.20915032679738563 0.016911764705882352 0.03137254901960784
3 0.6375 0.12026143790849673 0.01764705882352941 0.044444444444444446
3 0.6301470588235294 0.09281045751633987 0.014705882352941176 0.026143790849673203
3 0.625 0.06535947712418301 0.014705882352941176 0.022222222222222223
3 0.6426470588235295 0.06405228758169934 0.0125 0.02483660130718954
3 0.6235294117647059 0.047058823529411764 0.011029411764705883 0.02091503267973856
3 0.6375 0.048366013071895426 0.025 0.026143790849673203
3 0.6272058823529412 0.013071895424836602 0.013970588235294118 0.023529411764705882
3 0.6404411764705882 0.03529411764705882 0.011764705882352941 0.02091503267973856
3 0.40955882352941175 0.12679738562091503 0.015441176470588236 0.032679738562091505
3 0.41911764705882354 0.09019607843137255 0.014705882352941176 0.023529411764705882
3 0.4227941176470588 0.0718954248366013 0.013970588235294118 0.023529411764705882
3 0.4933823529411765 0.00392156862745098 0.011029411764705883 0.01699346405228758
3 0.888235294117647 0.048366013071895426 0.025 0.0196078431372549
3 0.9110294117647059 0.07450980392156863 0.02426470588235294 0.01568627450980392
3 0.9220588235294118 0.08627450980392157 0.028676470588235293 0.022222222222222223
3 0.9375 0.10326797385620914 0.027205882352941177 0.02091503267973856
3 0.9455882352941176 0.11241830065359477 0.026470588235294117 0.02091503267973856
3 0.9529411764705882 0.12156862745098039 0.025735294117647058 0.0196078431372549
3 0.961764705882353 0.13202614379084968 0.026470588235294117 0.018300653594771243
3 0.9786764705882353 0.14640522875816994 0.021323529411764706 0.01568627450980392
3 0.9852941176470589 0.15555555555555556 0.014705882352941176 0.01568627450980392
3 0.924264705882353 0.027450980392156862 0.025 0.018300653594771243
3 0.9448529411764706 0.050980392156862744 0.029411764705882353 0.018300653594771243
3 0.9654411764705882 0.07058823529411765 0.025 0.018300653594771243
3 0.9705882352941176 0.07712418300653595 0.029411764705882353 0.02091503267973856
3 0.9558823529411765 0.03398692810457516 0.027205882352941177 0.01699346405228758
3 0.9257352941176471 0.03398692810457516 0.028676470588235293 0.018300653594771243
3 0.95 0.05751633986928104 0.030147058823529412 0.0196078431372549
3 0.9779411764705882 0.08496732026143791 0.022058823529411766 0.0196078431372549
3 0.9808823529411764 0.058823529411764705 0.01911764705882353 0.01568627450980392
3 0.9610294117647059 0.040522875816993466 0.026470588235294117 0.0196078431372549
3 0.8661764705882353 0.023529411764705882 0.023529411764705882 0.022222222222222223
1 0.3110294117647059 0.9333333333333333 0.011029411764705883 0.04967320261437908
1 0.4389705882352941 0.8888888888888888 0.008823529411764706 0.043137254901960784
1 0.44338235294117645 0.8183006535947712 0.008823529411764706 0.044444444444444446
1 0.42867647058823527 0.9529411764705882 0.007352941176470588 0.040522875816993466
1 0.43308823529411766 0.9633986928104575 0.010294117647058823 0.036601307189542485
1 0.46176470588235297 0.5176470588235295 0.009558823529411765 0.03529411764705882
4 0.46176470588235297 0.5215686274509804 0.009558823529411765 0.03529411764705882
1 0.8191176470588235 0.7751633986928105 0.011029411764705883 0.03790849673202614
1 0.8830882352941176 0.796078431372549 0.011764705882352941 0.04183006535947712
1 0.6551470588235294 0.9215686274509803 0.016911764705882352 0.040522875816993466
2 0.6485294117647059 0.9294117647058824 0.026470588235294117 0.044444444444444446
1 0.6147058823529412 0.8549019607843137 0.014705882352941176 0.040522875816993466
2 0.6147058823529412 0.8562091503267973 0.020588235294117647 0.05751633986928104
1 0.6080882352941176 0.7372549019607844 0.010294117647058823 0.0392156862745098
1 0.6176470588235294 0.7019607843137254 0.008823529411764706 0.0392156862745098
1 0.5588235294117647 0.5777777777777777 0.006617647058823529 0.03529411764705882
1 0.5595588235294118 0.5620915032679739 0.006617647058823529 0.03398692810457516
1 0.37720588235294117 0.3908496732026144 0.008088235294117648 0.032679738562091505
1 0.38823529411764707 0.3281045751633987 0.007352941176470588 0.03137254901960784
1 0.3875 0.3150326797385621 0.008088235294117648 0.027450980392156862
8 0.1948529411764706 0.1934640522875817 0.05367647058823529 0.040522875816993466
3 0.1448529411764706 0.20915032679738563 0.04264705882352941 0.02483660130718954
3 0.08970588235294118 0.20915032679738563 0.04044117647058824 0.027450980392156862
3 0.05073529411764706 0.20261437908496732 0.04044117647058824 0.03529411764705882
3 0.0007352941176470588 0.2065359477124183 0.04264705882352941 0.02875816993464052
3 0.6897058823529412 0.24836601307189543 0.03823529411764706 0.03137254901960784
1 0.6911764705882353 0.23006535947712417 0.005147058823529412 0.022222222222222223
4 0.6963235294117647 0.19215686274509805 0.006617647058823529 0.018300653594771243
2 0.6977941176470588 0.21568627450980393 0.021323529411764706 0.026143790849673203
2 0.6558823529411765 0.08235294117647059 0.010294117647058823 0.02091503267973856
1 0.49926470588235294 0.1084967320261438 0.004411764705882353 0.01568627450980392
4 0.4985294117647059 0.11241830065359477 0.004411764705882353 0.018300653594771243
1 0.4889705882352941 0.1542483660130719 0.004411764705882353 0.02483660130718954
2 0.47941176470588237 0.17777777777777778 0.010294117647058823 0.02483660130718954
