3 0.07867647058823529 0.30196078431372547 0.051470588235294115 0.06405228758169934
3 0.49411764705882355 0.8143790849673203 0.07058823529411765 0.17777777777777778
3 0.40294117647058825 0.7163398692810458 0.054411764705882354 0.15294117647058825
3 0.43308823529411766 0.14901960784313725 0.021323529411764706 0.03790849673202614
3 0.43823529411764706 0.12026143790849673 0.01838235294117647 0.027450980392156862
3 0.4742647058823529 0.10457516339869281 0.01838235294117647 0.02875816993464052
3 0.4647058823529412 0.13202614379084968 0.023529411764705882 0.032679738562091505
3 0.46838235294117647 0.08235294117647059 0.016176470588235296 0.02483660130718954
3 0.9316176470588236 0.17908496732026144 0.039705882352941174 0.054901960784313725
3 0.9573529411764706 0.1503267973856209 0.04264705882352941 0.04183006535947712
3 0.9639705882352941 0.22745098039215686 0.03602941176470588 0.07058823529411765
3 0.8514705882352941 0.14901960784313725 0.041176470588235294 0.040522875816993466
3 0.8720588235294118 0.14248366013071895 0.041176470588235294 0.040522875816993466
3 0.9389705882352941 0.05620915032679739 0.05 0.043137254901960784
6 0.8970588235294118 0.10196078431372549 0.09632352941176471 0.06535947712418301
8 0.4838235294117647 0.19215686274509805 0.03308823529411765 0.09803921568627451
8 0.41691176470588237 0.20130718954248367 0.045588235294117645 0.19477124183006536
8 0.4889705882352941 0.338562091503268 0.08088235294117647 0.3581699346405229
8 0.39558823529411763 0.4013071895424837 0.06691176470588235 0.24183006535947713
3 0.4875 0.32679738562091504 0.027941176470588237 0.06013071895424837
8 0.47205882352941175 0.1607843137254902 0.02426470588235294 0.04967320261437908
6 0.43161764705882355 0.03529411764705882 0.02426470588235294 0.07320261437908497
3 0.4713235294117647 0.0 0.022058823529411766 0.058823529411764705
3 0.4551470588235294 0.043137254901960784 0.0125 0.018300653594771243
3 0.4411764705882353 0.026143790849673203 0.0125 0.01568627450980392
3 0.4389705882352941 0.00130718954248366 0.013235294117647059 0.01437908496732026
6 0.3573529411764706 0.8549019607843137 0.10955882352941176 0.1450980392156863
