44 0.387640625 0.0005625000000000001 0.084265625 0.34606250000000005
44 0.593609375 0.0 0.09753125 0.37622916666666667
67 0.0 0.0033750000000000004 0.9983124999999999 0.9842291666666667
1 0.0 0.6426875 0.42640625 0.3550625
46 0.67078125 0.25775 0.13146875 0.26964583333333336
46 0.509 0.22110416666666666 0.09853125 0.258125
50 0.27434375 0.33858333333333335 0.06984375000000001 0.27091666666666664
51 0.13174999999999998 0.260125 0.297296875 0.2950625
59 0.404015625 0.4968958333333333 0.3395625 0.34470833333333334
48 0.147078125 0.33389583333333334 0.142078125 0.27268749999999997
