3 0.7919117647058823 0.5790849673202615 0.04044117647058824 0.0915032679738562
3 0.8919117647058824 0.4117647058823529 0.03455882352941177 0.050980392156862744
3 0.7897058823529411 0.20784313725490197 0.016176470588235296 0.02483660130718954
3 0.7941176470588235 0.17516339869281045 0.015441176470588236 0.022222222222222223
3 0.7970588235294118 0.12810457516339868 0.011029411764705883 0.01699346405228758
3 0.7757352941176471 0.12287581699346405 0.009558823529411765 0.01568627450980392
3 0.7794117647058824 0.10457516339869281 0.008088235294117648 0.01437908496732026
3 0.8316176470588236 0.11764705882352941 0.010294117647058823 0.01437908496732026
3 0.7941176470588235 0.06928104575163399 0.007352941176470588 0.01045751633986928
3 0.8095588235294118 0.08104575163398693 0.008088235294117648 0.01045751633986928
3 0.8264705882352941 0.08104575163398693 0.008823529411764706 0.009150326797385621
3 0.8102941176470588 0.06535947712418301 0.006617647058823529 0.01045751633986928
3 0.8272058823529411 0.09542483660130718 0.008088235294117648 0.01437908496732026
3 0.7897058823529411 0.25098039215686274 0.016911764705882352 0.02875816993464052
3 0.7661764705882353 0.19477124183006536 0.015441176470588236 0.032679738562091505
3 0.6470588235294118 0.15163398692810456 0.022794117647058822 0.02483660130718954
3 0.7264705882352941 0.12026143790849673 0.009558823529411765 0.01699346405228758
3 0.7301470588235294 0.11241830065359477 0.009558823529411765 0.01568627450980392
3 0.7830882352941176 0.09019607843137255 0.008088235294117648 0.01699346405228758
3 0.8794117647058823 0.1450980392156863 0.011764705882352941 0.018300653594771243
3 0.9036764705882353 0.15555555555555556 0.013235294117647059 0.023529411764705882
3 0.9198529411764705 0.16862745098039217 0.013235294117647059 0.0196078431372549
3 0.9183823529411764 0.1450980392156863 0.013970588235294118 0.023529411764705882
3 0.9014705882352941 0.10457516339869281 0.010294117647058823 0.018300653594771243
3 0.9044117647058824 0.11633986928104575 0.01838235294117647 0.01437908496732026
3 0.8051470588235294 0.040522875816993466 0.006617647058823529 0.01437908496732026
3 0.825735294117647 0.050980392156862744 0.0058823529411764705 0.013071895424836602
3 0.8183823529411764 0.047058823529411764 0.0058823529411764705 0.01045751633986928
1 0.9852941176470589 0.2496732026143791 0.0058823529411764705 0.026143790849673203
1 0.8588235294117647 0.2522875816993464 0.0058823529411764705 0.02483660130718954
1 0.8522058823529411 0.24836601307189543 0.008088235294117648 0.02483660130718954
1 0.7022058823529411 0.1830065359477124 0.003676470588235294 0.018300653594771243
1 0.7 0.18169934640522875 0.003676470588235294 0.018300653594771243
1 0.663235294117647 0.19215686274509805 0.003676470588235294 0.022222222222222223
1 0.6580882352941176 0.18823529411764706 0.004411764705882353 0.02091503267973856
1 0.6455882352941177 0.20522875816993463 0.0058823529411764705 0.023529411764705882
1 0.6375 0.21176470588235294 0.003676470588235294 0.01699346405228758
1 0.6330882352941176 0.2065359477124183 0.0058823529411764705 0.023529411764705882
1 0.3492647058823529 0.4888888888888889 0.010294117647058823 0.043137254901960784
1 0.3713235294117647 0.5032679738562091 0.011764705882352941 0.047058823529411764
1 0.39191176470588235 0.5437908496732026 0.010294117647058823 0.04967320261437908
1 0.2735294117647059 0.4797385620915033 0.009558823529411765 0.043137254901960784
1 0.23088235294117648 0.5032679738562091 0.011029411764705883 0.026143790849673203
4 0.23161764705882354 0.5032679738562091 0.013235294117647059 0.03529411764705882
1 0.43970588235294117 0.8771241830065359 0.0125 0.07320261437908497
1 0.45588235294117646 0.8993464052287582 0.015441176470588236 0.07450980392156863
1 0.48823529411764705 0.9111111111111111 0.013235294117647059 0.0718954248366013
1 0.5014705882352941 0.9320261437908497 0.013235294117647059 0.050980392156862744
1 0.5911764705882353 0.8849673202614379 0.016911764705882352 0.06274509803921569
1 0.6044117647058823 0.8941176470588236 0.010294117647058823 0.036601307189542485
3 0.005147058823529412 0.6888888888888889 0.10441176470588236 0.08888888888888889
3 0.11102941176470588 0.6209150326797386 0.08161764705882353 0.09281045751633987
3 0.17058823529411765 0.5856209150326798 0.07058823529411765 0.07973856209150326
3 0.2073529411764706 0.657516339869281 0.07352941176470588 0.11764705882352941
3 0.3139705882352941 0.6954248366013072 0.09779411764705882 0.08235294117647059
3 0.25441176470588234 0.5176470588235295 0.06911764705882353 0.06666666666666667
3 0.3698529411764706 0.6274509803921569 0.07867647058823529 0.08104575163398693
3 0.3816176470588235 0.5882352941176471 0.08235294117647059 0.06928104575163399
3 0.4485294117647059 0.5058823529411764 0.07794117647058824 0.06013071895424837
3 0.5551470588235294 0.47581699346405226 0.06323529411764706 0.06928104575163399
3 0.5022058823529412 0.4444444444444444 0.060294117647058824 0.054901960784313725
3 0.5742647058823529 0.4339869281045752 0.05 0.05228758169934641
3 0.6205882352941177 0.3934640522875817 0.025 0.050980392156862744
3 0.6316176470588235 0.3215686274509804 0.027205882352941177 0.05620915032679739
3 0.6323529411764706 0.29934640522875816 0.045588235294117645 0.03398692810457516
3 0.6272058823529412 0.2901960784313726 0.03897058823529412 0.03137254901960784
3 0.6176470588235294 0.2797385620915033 0.033823529411764704 0.03529411764705882
3 0.6066176470588235 0.25882352941176473 0.03308823529411765 0.036601307189542485
3 0.5617647058823529 0.22483660130718955 0.021323529411764706 0.040522875816993466
3 0.5264705882352941 0.21176470588235294 0.025735294117647058 0.036601307189542485
3 0.4919117647058823 0.21045751633986928 0.028676470588235293 0.026143790849673203
3 0.38235294117647056 0.18823529411764706 0.03235294117647059 0.023529411764705882
3 0.39044117647058824 0.13202614379084968 0.02426470588235294 0.01699346405228758
3 0.47058823529411764 0.1411764705882353 0.025 0.0196078431372549
3 0.6036764705882353 0.1450980392156863 0.023529411764705882 0.01437908496732026
3 0.6213235294117647 0.13986928104575164 0.022794117647058822 0.018300653594771243
3 0.42426470588235293 0.38300653594771245 0.025735294117647058 0.047058823529411764
3 0.35441176470588237 0.4117647058823529 0.05808823529411765 0.054901960784313725
3 0.4264705882352941 0.526797385620915 0.08529411764705883 0.08627450980392157
4 0.275 0.4522875816993464 0.020588235294117647 0.02875816993464052
4 0.28823529411764703 0.4549019607843137 0.01911764705882353 0.02875816993464052
2 0.32941176470588235 0.39869281045751637 0.011029411764705883 0.027450980392156862
1 0.35441176470588237 0.35947712418300654 0.0058823529411764705 0.032679738562091505
1 0.34558823529411764 0.34901960784313724 0.008088235294117648 0.026143790849673203
1 0.37279411764705883 0.3660130718954248 0.007352941176470588 0.03398692810457516
1 0.3977941176470588 0.3673202614379085 0.008088235294117648 0.03529411764705882
1 0.4102941176470588 0.3607843137254902 0.007352941176470588 0.03398692810457516
4 0.40661764705882353 0.36993464052287583 0.008088235294117648 0.027450980392156862
4 0.3426470588235294 0.4065359477124183 0.01911764705882353 0.02091503267973856
4 0.3463235294117647 0.39869281045751637 0.01911764705882353 0.02091503267973856
4 0.3889705882352941 0.2235294117647059 0.0125 0.01568627450980392
4 0.425 0.23790849673202613 0.014705882352941176 0.01437908496732026
4 0.41691176470588237 0.23660130718954248 0.014705882352941176 0.018300653594771243
4 0.4161764705882353 0.2261437908496732 0.016911764705882352 0.01568627450980392
4 0.4088235294117647 0.22091503267973855 0.013970588235294118 0.01568627450980392
4 0.40294117647058825 0.23137254901960785 0.015441176470588236 0.01437908496732026
1 0.40955882352941175 0.23137254901960785 0.005147058823529412 0.026143790849673203
1 0.39191176470588235 0.2457516339869281 0.005147058823529412 0.026143790849673203
1 0.4375 0.20261437908496732 0.005147058823529412 0.02483660130718954
1 0.44485294117647056 0.20130718954248367 0.004411764705882353 0.02091503267973856
1 0.4522058823529412 0.20130718954248367 0.004411764705882353 0.02091503267973856
2 0.46838235294117647 0.20130718954248367 0.013970588235294118 0.026143790849673203
2 0.45 0.2065359477124183 0.01911764705882353 0.030065359477124184
4 0.4485294117647059 0.22875816993464052 0.013235294117647059 0.01699346405228758
4 0.4610294117647059 0.2326797385620915 0.015441176470588236 0.01568627450980392
4 0.4713235294117647 0.2522875816993464 0.013970588235294118 0.01699346405228758
1 0.4852941176470588 0.24183006535947713 0.004411764705882353 0.023529411764705882
1 0.5073529411764706 0.24836601307189543 0.006617647058823529 0.026143790849673203
1 0.5176470588235295 0.24052287581699347 0.003676470588235294 0.02483660130718954
1 0.5169117647058824 0.403921568627451 0.008088235294117648 0.032679738562091505
4 0.4647058823529412 0.24705882352941178 0.013970588235294118 0.01568627450980392
1 0.47573529411764703 0.24052287581699347 0.005147058823529412 0.02483660130718954
4 0.4919117647058823 0.2522875816993464 0.013235294117647059 0.01568627450980392
4 0.49117647058823527 0.23921568627450981 0.0125 0.018300653594771243
4 0.4852941176470588 0.37516339869281046 0.016911764705882352 0.0196078431372549
4 0.49264705882352944 0.3712418300653595 0.016911764705882352 0.02091503267973856
4 0.42058823529411765 0.3437908496732026 0.015441176470588236 0.026143790849673203
4 0.4441176470588235 0.3607843137254902 0.016911764705882352 0.0196078431372549
4 0.4389705882352941 0.36470588235294116 0.016911764705882352 0.018300653594771243
4 0.4713235294117647 0.3607843137254902 0.014705882352941176 0.022222222222222223
4 0.46911764705882353 0.35555555555555557 0.01764705882352941 0.02091503267973856
4 0.4022058823529412 0.3215686274509804 0.01838235294117647 0.02091503267973856
4 0.40808823529411764 0.2784313725490196 0.01911764705882353 0.018300653594771243
4 0.4742647058823529 0.27320261437908494 0.015441176470588236 0.01699346405228758
2 0.5117647058823529 0.265359477124183 0.015441176470588236 0.01437908496732026
2 0.5154411764705882 0.269281045751634 0.013970588235294118 0.01437908496732026
1 0.6257352941176471 0.24052287581699347 0.003676470588235294 0.018300653594771243
1 0.6227941176470588 0.19215686274509805 0.005147058823529412 0.018300653594771243
4 0.6205882352941177 0.2 0.011029411764705883 0.01437908496732026
1 0.5713235294117647 0.21437908496732025 0.004411764705882353 0.01568627450980392
4 0.5676470588235294 0.22091503267973855 0.011764705882352941 0.013071895424836602
2 0.7661764705882353 0.24052287581699347 0.013970588235294118 0.032679738562091505
1 0.9433823529411764 0.17777777777777778 0.004411764705882353 0.02091503267973856
1 0.9338235294117647 0.16993464052287582 0.003676470588235294 0.0196078431372549
1 0.9352941176470588 0.15294117647058825 0.005147058823529412 0.018300653594771243
4 0.9683823529411765 0.1895424836601307 0.008088235294117648 0.01045751633986928
4 0.9625 0.18562091503267975 0.008823529411764706 0.013071895424836602
4 0.986764705882353 0.18823529411764706 0.008823529411764706 0.013071895424836602
4 0.986764705882353 0.1738562091503268 0.008823529411764706 0.01045751633986928
4 0.961764705882353 0.17124183006535948 0.010294117647058823 0.011764705882352941
1 0.8654411764705883 0.1738562091503268 0.004411764705882353 0.01437908496732026
1 0.8757352941176471 0.17777777777777778 0.004411764705882353 0.01045751633986928
1 0.8551470588235294 0.14640522875816994 0.003676470588235294 0.01045751633986928
1 0.7713235294117647 0.13333333333333333 0.0029411764705882353 0.01045751633986928
4 0.8647058823529412 0.1803921568627451 0.0058823529411764705 0.013071895424836602
4 0.8757352941176471 0.18169934640522875 0.005147058823529412 0.013071895424836602
4 0.8544117647058823 0.15163398692810456 0.004411764705882353 0.01045751633986928
4 0.7698529411764706 0.13856209150326798 0.005147058823529412 0.011764705882352941
1 0.6573529411764706 0.10588235294117647 0.0029411764705882353 0.01568627450980392
1 0.6455882352941177 0.10326797385620914 0.003676470588235294 0.01437908496732026
1 0.9875 0.29934640522875816 0.005147058823529412 0.02483660130718954
1 0.9904411764705883 0.2954248366013072 0.004411764705882353 0.02483660130718954
1 0.9948529411764706 0.29934640522875816 0.005147058823529412 0.030065359477124184
