64 0.90796875 0.5148711943793911 0.063625 0.07081967213114754
16 0.008796875 0.8466042154566745 0.086515625 0.11028103044496487
1 0.508625 0.15023419203747074 0.321625 0.7286885245901639
1 0.368828125 0.1685480093676815 0.25787499999999997 0.6988758782201405
1 0.3838125 0.001873536299765808 0.245890625 0.33257611241217794
1 0.274375 0.0 0.1349375 0.4921311475409836
1 0.16228125 0.0011241217798594848 0.124734375 0.4932552693208431
1 0.796109375 0.04037470725995316 0.07234375 0.26362997658079623
15 0.258375 0.2511241217798595 0.616859375 0.6077985948477751
31 0.392984375 0.41522248243559723 0.12445312500000001 0.07866510538641687
16 0.26278125 0.8073067915690867 0.104625 0.08323185011709602
64 0.0245 0.5059718969555035 0.26796875 0.0771896955503513
27 0.8347187500000001 0.1277751756440281 0.016828125 0.09423887587822015
31 0.58175 0.3320374707259953 0.1731875 0.22899297423887588
31 0.151921875 0.2427400468384075 0.050859375 0.0776112412177986
31 0.312875 0.054496487119437935 0.061703125000000004 0.14395784543325527
