8 0.7014705882352941 0.0 0.058823529411764705 0.06143790849673202
8 0.5786764705882353 0.0 0.07794117647058824 0.03529411764705882
1 0.6139705882352942 0.0 0.008823529411764706 0.048366013071895426
8 0.5095588235294117 0.022222222222222223 0.0375 0.11764705882352941
1 0.5691176470588235 0.06013071895424837 0.008823529411764706 0.05359477124183006
8 0.5713235294117647 0.044444444444444446 0.11544117647058824 0.10718954248366012
8 0.6125 0.0915032679738562 0.11029411764705882 0.09411764705882353
8 0.6029411764705882 0.1542483660130719 0.1264705882352941 0.10980392156862745
1 0.47941176470588237 0.09281045751633987 0.015441176470588236 0.050980392156862744
1 0.46176470588235297 0.06928104575163399 0.009558823529411765 0.050980392156862744
1 0.44779411764705884 0.06274509803921569 0.008823529411764706 0.04183006535947712
1 0.4426470588235294 0.07450980392156863 0.006617647058823529 0.04183006535947712
1 0.4470588235294118 0.07973856209150326 0.008823529411764706 0.043137254901960784
1 0.4514705882352941 0.08496732026143791 0.011029411764705883 0.050980392156862744
1 0.44485294117647056 0.09803921568627451 0.011764705882352941 0.047058823529411764
4 0.43970588235294117 0.10326797385620914 0.022794117647058822 0.047058823529411764
1 0.4308823529411765 0.09934640522875816 0.022794117647058822 0.054901960784313725
1 0.4117647058823529 0.011764705882352941 0.013235294117647059 0.048366013071895426
1 0.4125 0.09281045751633987 0.010294117647058823 0.05228758169934641
1 0.4036764705882353 0.08888888888888889 0.010294117647058823 0.050980392156862744
8 0.35073529411764703 0.048366013071895426 0.07867647058823529 0.07450980392156863
8 0.3522058823529412 0.009150326797385621 0.10073529411764706 0.0784313725490196
8 0.36470588235294116 0.0 0.09705882352941177 0.058823529411764705
8 0.10808823529411765 0.03529411764705882 0.1036764705882353 0.09542483660130718
1 0.4551470588235294 0.1450980392156863 0.009558823529411765 0.05359477124183006
1 0.4566176470588235 0.2549019607843137 0.011764705882352941 0.05751633986928104
3 0.5161764705882353 0.22483660130718955 0.04191176470588235 0.10065359477124183
1 0.5573529411764706 0.2980392156862745 0.014705882352941176 0.05751633986928104
1 0.5875 0.2901960784313726 0.015441176470588236 0.05751633986928104
2 0.5838235294117647 0.3084967320261438 0.05514705882352941 0.06797385620915032
3 0.5786764705882353 0.43790849673202614 0.05073529411764706 0.13594771241830064
4 0.6147058823529412 0.5555555555555556 0.022058823529411766 0.08235294117647059
3 0.5933823529411765 0.7908496732026143 0.07058823529411765 0.20915032679738563
3 0.30661764705882355 0.6091503267973856 0.07352941176470588 0.21830065359477124
2 0.33088235294117646 0.5241830065359477 0.08970588235294118 0.08235294117647059
4 0.3801470588235294 0.4470588235294118 0.03161764705882353 0.06535947712418301
1 0.29191176470588237 0.2875816993464052 0.022058823529411766 0.044444444444444446
1 0.3058823529411765 0.2496732026143791 0.011764705882352941 0.06666666666666667
1 0.31029411764705883 0.28366013071895424 0.01911764705882353 0.06797385620915032
