8 0.0 0.49444444444444446 0.09791666666666667 0.10555555555555556
3 0.14791666666666667 0.42407407407407405 0.03125 0.03333333333333333
3 0.20833333333333334 0.4074074074074074 0.04479166666666667 0.03333333333333333
3 0.3333333333333333 0.47962962962962963 0.04895833333333333 0.037037037037037035
2 0.11354166666666667 0.5981481481481481 0.035416666666666666 0.03148148148148148
1 0.12916666666666668 0.5944444444444444 0.011458333333333333 0.025925925925925925
1 0.12604166666666666 0.5907407407407408 0.011458333333333333 0.024074074074074074
3 0.48020833333333335 0.3111111111111111 0.03125 0.02962962962962963
3 0.5427083333333333 0.4185185185185185 0.035416666666666666 0.03333333333333333
3 0.5739583333333333 0.3907407407407407 0.034375 0.02962962962962963
3 0.6291666666666667 0.37592592592592594 0.035416666666666666 0.02962962962962963
3 0.6229166666666667 0.3611111111111111 0.036458333333333336 0.022222222222222223
3 0.6916666666666667 0.37407407407407406 0.0375 0.03148148148148148
3 0.6958333333333333 0.3611111111111111 0.03333333333333333 0.022222222222222223
3 0.5291666666666667 0.3055555555555556 0.03229166666666667 0.020370370370370372
3 0.7177083333333333 0.2759259259259259 0.027083333333333334 0.020370370370370372
3 0.9510416666666667 0.4185185185185185 0.022916666666666665 0.053703703703703705
3 0.959375 0.26296296296296295 0.026041666666666668 0.022222222222222223
3 0.978125 0.26851851851851855 0.021875 0.022222222222222223
3 0.9854166666666667 0.2537037037037037 0.014583333333333334 0.024074074074074074
1 0.8104166666666667 0.35 0.004166666666666667 0.022222222222222223
1 0.678125 0.412962962962963 0.00625 0.014814814814814815
4 0.6760416666666667 0.4203703703703704 0.011458333333333333 0.018518518518518517
1 0.7854166666666667 0.26666666666666666 0.004166666666666667 0.018518518518518517
8 0.41354166666666664 0.37037037037037035 0.13125 0.09814814814814815
8 0.49166666666666664 0.34444444444444444 0.12395833333333334 0.06666666666666667
8 0.5947916666666667 0.3814814814814815 0.04583333333333333 0.05740740740740741
3 0.51875 0.3148148148148148 0.034375 0.03518518518518519
4 0.6552083333333333 0.28888888888888886 0.009375 0.012962962962962963
1 0.65625 0.2833333333333333 0.005208333333333333 0.014814814814814815
4 0.66875 0.29814814814814816 0.011458333333333333 0.012962962962962963
1 0.6708333333333333 0.28888888888888886 0.005208333333333333 0.022222222222222223
4 0.684375 0.29444444444444445 0.008333333333333333 0.014814814814814815
1 0.6864583333333333 0.29074074074074074 0.004166666666666667 0.014814814814814815
3 0.7322916666666667 0.2611111111111111 0.022916666666666665 0.027777777777777776
1 0.753125 0.27037037037037037 0.00625 0.018518518518518517
4 0.8916666666666667 0.35185185185185186 0.008333333333333333 0.014814814814814815
1 0.89375 0.34629629629629627 0.00625 0.016666666666666666
