3 0.016125 0.4918125 0.18065625000000002 0.08602083333333334
3 0.8294218750000001 0.42593749999999997 0.07323437499999999 0.08035416666666667
6 0.21284375 0.16779166666666667 0.547296875 0.49774999999999997
1 0.936734375 0.39916666666666667 0.04478125 0.13602083333333334
1 0.96153125 0.4160625 0.0243125 0.10939583333333333
1 0.176640625 0.4726458333333333 0.023546875000000002 0.06731250000000001
1 0.20792187499999998 0.4703541666666667 0.019859375000000002 0.03872916666666667
1 0.06185937500000001 0.48775 0.016671875 0.03308333333333333
1 0.0063593750000000004 0.4877083333333333 0.025937500000000002 0.07966666666666668
1 0.629796875 0.41939583333333336 0.02909375 0.047
1 0.98903125 0.4010416666666667 0.01096875 0.08345833333333334
3 0.8197656249999999 0.4368125 0.012109375 0.016145833333333335
2 0.18056250000000001 0.5221041666666667 0.017234375 0.029520833333333333
31 0.005156249999999999 0.517 0.009984375 0.015895833333333335
