3 0.6994791666666667 0.7064814814814815 0.16979166666666667 0.1259259259259259
3 0.9026041666666667 0.6990740740740741 0.09739583333333333 0.1425925925925926
1 0.6270833333333333 0.7694444444444445 0.022395833333333334 0.13518518518518519
2 0.5427083333333333 0.6824074074074075 0.016145833333333335 0.05740740740740741
1 0.5447916666666667 0.674074074074074 0.025520833333333333 0.05740740740740741
2 0.5135416666666667 0.6231481481481481 0.013020833333333334 0.03888888888888889
1 0.5114583333333333 0.6018518518518519 0.013541666666666667 0.053703703703703705
2 0.07864583333333333 0.7620370370370371 0.05416666666666667 0.10092592592592593
2 0.15364583333333334 0.7101851851851851 0.028125 0.09074074074074075
3 0.28854166666666664 0.7675925925925926 0.09479166666666666 0.15
3 0.22083333333333333 0.6925925925925925 0.09114583333333333 0.12962962962962962
3 0.3572916666666667 0.6916666666666667 0.06666666666666667 0.09722222222222222
3 0.26510416666666664 0.6620370370370371 0.06458333333333334 0.08055555555555556
3 0.375 0.6314814814814815 0.04479166666666667 0.062037037037037036
3 0.32864583333333336 0.5953703703703703 0.040625 0.05277777777777778
3 0.3953125 0.5814814814814815 0.029166666666666667 0.04722222222222222
3 0.4359375 0.5481481481481482 0.019270833333333334 0.03333333333333333
2 0.27239583333333334 0.6305555555555555 0.033854166666666664 0.04351851851851852
1 0.30104166666666665 0.587037037037037 0.0078125 0.049074074074074076
1 0.30052083333333335 0.5814814814814815 0.011458333333333333 0.049074074074074076
1 0.34375 0.5527777777777778 0.00625 0.03796296296296296
1 0.35625 0.5481481481481482 0.00625 0.03518518518518519
3 0.3927083333333333 0.562037037037037 0.028125 0.04259259259259259
3 0.403125 0.55 0.021875 0.030555555555555555
3 0.409375 0.5425925925925926 0.01875 0.025925925925925925
3 0.4203125 0.5277777777777778 0.013020833333333334 0.021296296296296296
3 0.43802083333333336 0.5388888888888889 0.015104166666666667 0.021296296296296296
3 0.4328125 0.5333333333333333 0.016145833333333335 0.019444444444444445
3 0.428125 0.5185185185185185 0.011979166666666667 0.017592592592592594
3 0.46197916666666666 0.5222222222222223 0.010416666666666666 0.021296296296296296
1 0.40572916666666664 0.525 0.004166666666666667 0.022222222222222223
1 0.4015625 0.525 0.0046875 0.023148148148148147
2 0.3875 0.5481481481481482 0.014583333333333334 0.01574074074074074
1 0.390625 0.5361111111111111 0.00625 0.019444444444444445
4 0.37864583333333335 0.5638888888888889 0.008854166666666666 0.025925925925925925
1 0.38125 0.5537037037037037 0.0046875 0.020370370370370372
3 0.35260416666666666 0.5333333333333333 0.034375 0.025
2 0.24010416666666667 0.6333333333333333 0.017708333333333333 0.04537037037037037
