64 0.246546875 0.4570792079207921 0.20860937499999999 0.4098762376237624
72 0.11040625 0.21522277227722772 0.183140625 0.22839108910891087
1 0.5178281250000001 0.2211881188118812 0.23490625 0.41069306930693067
1 0.53578125 0.09876237623762375 0.37475 0.7358910891089109
63 0.370234375 0.30787128712871287 0.629765625 0.6808910891089108
47 0.506921875 0.7353465346534653 0.050249999999999996 0.08804455445544554
47 0.46712499999999996 0.6871534653465347 0.041375 0.11242574257425743
47 0.23775 0.7192079207920792 0.040890625 0.10594059405940594
47 0.13482812500000002 0.7639851485148514 0.026500000000000003 0.053985148514851485
47 0.157515625 0.752029702970297 0.022359375 0.04853960396039604
47 0.201265625 0.7651237623762377 0.026296874999999997 0.05044554455445544
77 0.39268749999999997 0.9289851485148515 0.0558125 0.07101485148514852
84 0.043328125 0.032054455445544555 0.062078125 0.0149009900990099
47 0.17921875 0.7557425742574257 0.023546875000000002 0.05316831683168317
47 0.21749999999999997 0.7486633663366337 0.0236875 0.04787128712871287
47 0.087546875 0.7582673267326732 0.024953125 0.04707920792079208
47 0.109578125 0.7425247524752475 0.0249375 0.047995049504950496
51 0.43348437500000003 0.7944554455445544 0.06715625 0.08443069306930692
75 0.5670625 0.47849009900990097 0.06384375 0.068490099009901
75 0.9266875000000001 0.6496782178217823 0.030046875 0.04247524752475248
84 0.44809374999999996 0.45155940594059407 0.069703125 0.043589108910891086
84 0.0560625 0.02933168316831683 0.05696875 0.012326732673267327
