3 0.8005208333333333 0.8416666666666667 0.07239583333333334 0.14814814814814814
3 0.7661458333333333 0.7231481481481481 0.065625 0.10277777777777777
3 0.75 0.587037037037037 0.0453125 0.08888888888888889
3 0.7145833333333333 0.5185185185185185 0.04583333333333333 0.07407407407407407
8 0.5333333333333333 0.3037037037037037 0.026041666666666668 0.06851851851851852
8 0.6005208333333333 0.2759259259259259 0.028645833333333332 0.05740740740740741
8 0.5927083333333333 0.24166666666666667 0.03854166666666667 0.041666666666666664
8 0.5911458333333334 0.20925925925925926 0.03177083333333333 0.03333333333333333
8 0.578125 0.19722222222222222 0.04114583333333333 0.03333333333333333
8 0.49895833333333334 0.25092592592592594 0.04791666666666667 0.03796296296296296
8 0.496875 0.2324074074074074 0.042708333333333334 0.04259259259259259
8 0.4947916666666667 0.22407407407407406 0.052083333333333336 0.04722222222222222
8 0.5046875 0.20555555555555555 0.034375 0.03425925925925926
8 0.5276041666666667 0.1925925925925926 0.011979166666666667 0.030555555555555555
8 0.5588541666666667 0.15925925925925927 0.009375 0.023148148148148147
1 0.5 0.47685185185185186 0.0067708333333333336 0.037037037037037035
1 0.5109375 0.45925925925925926 0.011979166666666667 0.025925925925925925
2 0.58125 0.2833333333333333 0.008333333333333333 0.025925925925925925
1 0.5822916666666667 0.28055555555555556 0.00625 0.020370370370370372
3 0.528125 0.17407407407407408 0.009375 0.018518518518518517
8 0.5130208333333334 0.15555555555555556 0.03177083333333333 0.026851851851851852
3 0.5109375 0.17592592592592593 0.0125 0.019444444444444445
8 0.5364583333333334 0.13333333333333333 0.009895833333333333 0.021296296296296296
3 0.5453125 0.09444444444444444 0.0067708333333333336 0.012037037037037037
3 0.5619791666666667 0.125 0.014583333333333334 0.013888888888888888
8 0.5713541666666667 0.1574074074074074 0.0296875 0.020370370370370372
3 0.5567708333333333 0.11296296296296296 0.007291666666666667 0.012037037037037037
3 0.5375 0.06666666666666667 0.005208333333333333 0.007407407407407408
1 0.48385416666666664 0.5324074074074074 0.011458333333333333 0.04537037037037037
1 0.48541666666666666 0.5259259259259259 0.0078125 0.05
1 0.4890625 0.6175925925925926 0.013541666666666667 0.025
1 0.49583333333333335 0.5740740740740741 0.013020833333333334 0.022222222222222223
1 0.5453125 0.5824074074074074 0.010416666666666666 0.027777777777777776
1 0.5510416666666667 0.5731481481481482 0.007291666666666667 0.025925925925925925
