3 0.4666666666666667 0.7972222222222223 0.046875 0.12314814814814815
3 0.5229166666666667 0.5074074074074074 0.022916666666666665 0.03981481481481482
1 0.584375 0.8046296296296296 0.014583333333333334 0.037037037037037035
1 0.5864583333333333 0.799074074074074 0.013541666666666667 0.027777777777777776
1 0.6078125 0.8657407407407407 0.0140625 0.02962962962962963
1 0.63125 0.8046296296296296 0.0109375 0.03333333333333333
1 0.6348958333333333 0.825925925925926 0.009895833333333333 0.023148148148148147
4 0.4421875 0.5703703703703704 0.0125 0.046296296296296294
1 0.5984375 0.5731481481481482 0.014583333333333334 0.03611111111111111
4 0.5359375 0.46574074074074073 0.005208333333333333 0.016666666666666666
1 0.5364583333333334 0.45740740740740743 0.0046875 0.018518518518518517
1 0.5567708333333333 0.44537037037037036 0.00625 0.025925925925925925
3 0.5453125 0.41388888888888886 0.017708333333333333 0.023148148148148147
1 0.5666666666666667 0.4537037037037037 0.004166666666666667 0.021296296296296296
1 0.5708333333333333 0.45 0.005208333333333333 0.018518518518518517
3 0.5151041666666667 0.325 0.0140625 0.025
4 0.5729166666666666 0.5953703703703703 0.00625 0.025
1 0.5734375 0.5861111111111111 0.005208333333333333 0.024074074074074074
