48 0.50716 0.3323466666666667 0.20874 0.17144
48 0.9024800000000001 0.4433066666666667 0.09752 0.05618666666666667
61 0.46096 0.37456 0.14904 0.12624000000000002
61 0.032159999999999994 0.3673866666666667 0.0999 0.12189333333333334
61 0.81644 0.29663999999999996 0.17278 0.19493333333333332
15 0.21741999999999997 0.7528 0.78258 0.23370666666666667
61 0.0 0.4161066666666666 0.0626 0.13165333333333332
61 0.0 0.004506666666666667 0.30506 0.25168
67 0.0 0.00015999999999999999 1.0 0.6089866666666667
1 0.0 0.5905866666666667 0.35294 0.39765333333333336
1 0.67972 0.5501866666666666 0.32027999999999995 0.44981333333333334
