3 0.3380208333333333 0.524074074074074 0.18020833333333333 0.1537037037037037
2 0.0005208333333333333 0.2675925925925926 0.022916666666666665 0.030555555555555555
3 0.0125 0.24074074074074073 0.030729166666666665 0.05
8 0.022916666666666665 0.21944444444444444 0.06041666666666667 0.05
3 0.14635416666666667 0.25833333333333336 0.0609375 0.04722222222222222
3 0.203125 0.29814814814814816 0.05364583333333333 0.05462962962962963
3 0.23333333333333334 0.2777777777777778 0.043229166666666666 0.04537037037037037
3 0.26197916666666665 0.25833333333333336 0.0375 0.041666666666666664
3 0.2828125 0.22870370370370371 0.05572916666666667 0.04259259259259259
6 0.008854166666666666 0.0 0.15833333333333333 0.06666666666666667
