3 0.36875 0.8888888888888888 0.11875 0.1
3 0.384375 0.8018518518518518 0.09583333333333334 0.07037037037037037
3 0.47708333333333336 0.6703703703703704 0.040625 0.13518518518518519
3 0.5729166666666666 0.5055555555555555 0.03229166666666667 0.06851851851851852
3 0.5489583333333333 0.4444444444444444 0.026041666666666668 0.04814814814814815
3 0.6052083333333333 0.46111111111111114 0.034375 0.04814814814814815
3 0.5572916666666666 0.2740740740740741 0.016666666666666666 0.025925925925925925
3 0.5385416666666667 0.25925925925925924 0.016666666666666666 0.03148148148148148
3 0.6625 0.662962962962963 0.08541666666666667 0.06481481481481481
3 0.653125 0.6055555555555555 0.08229166666666667 0.06666666666666667
3 0.7270833333333333 0.8444444444444444 0.11145833333333334 0.09814814814814815
8 0.6458333333333334 0.5259259259259259 0.08645833333333333 0.08888888888888889
3 0.43020833333333336 0.6018518518518519 0.058333333333333334 0.06111111111111111
3 0.44583333333333336 0.5425925925925926 0.05625 0.05925925925925926
3 0.44895833333333335 0.4666666666666667 0.05 0.046296296296296294
1 0.4197916666666667 0.5592592592592592 0.0125 0.04814814814814815
3 0.45 0.4425925925925926 0.058333333333333334 0.037037037037037035
3 0.46458333333333335 0.3685185185185185 0.052083333333333336 0.02962962962962963
3 0.4708333333333333 0.35 0.041666666666666664 0.027777777777777776
3 0.475 0.3333333333333333 0.042708333333333334 0.024074074074074074
3 0.471875 0.31666666666666665 0.042708333333333334 0.020370370370370372
3 0.4739583333333333 0.3055555555555556 0.0375 0.022222222222222223
3 0.4791666666666667 0.3 0.03333333333333333 0.018518518518518517
3 0.48333333333333334 0.2833333333333333 0.03333333333333333 0.020370370370370372
3 0.484375 0.2537037037037037 0.035416666666666666 0.020370370370370372
3 0.48333333333333334 0.27037037037037037 0.03333333333333333 0.020370370370370372
2 0.496875 0.23148148148148148 0.017708333333333333 0.020370370370370372
1 0.534375 0.30185185185185187 0.009375 0.03148148148148148
1 0.5385416666666667 0.3111111111111111 0.004166666666666667 0.022222222222222223
4 0.6520833333333333 0.4666666666666667 0.025 0.027777777777777776
4 0.66875 0.4388888888888889 0.020833333333333332 0.022222222222222223
3 0.5916666666666667 0.2777777777777778 0.036458333333333336 0.024074074074074074
3 0.5791666666666667 0.25 0.034375 0.020370370370370372
3 0.46145833333333336 0.4222222222222222 0.04479166666666667 0.03148148148148148
1 0.534375 0.4888888888888889 0.007291666666666667 0.027777777777777776
4 0.5333333333333333 0.5018518518518519 0.009375 0.02962962962962963
1 0.4552083333333333 0.34444444444444444 0.00625 0.02962962962962963
1 0.4635416666666667 0.31666666666666665 0.005208333333333333 0.02962962962962963
1 0.46770833333333334 0.28888888888888886 0.00625 0.027777777777777776
