1 0.37921875 0.13947916666666668 0.41459375 0.8494375000000001
52 0.40290625 0.40897916666666667 0.0839375 0.19525
55 0.078046875 0.9258958333333334 0.0683125 0.0644375
78 0.539328125 0.19325 0.155046875 0.22022916666666664
80 0.0 0.6269583333333333 0.10618749999999999 0.2584375
52 0.037890625 0.8773541666666667 0.1869375 0.12264583333333333
61 0.272359375 0.67725 0.051937500000000004 0.042499999999999996
61 0.163015625 0.7583541666666667 0.074796875 0.03908333333333334
61 0.220109375 0.7113333333333334 0.054718750000000003 0.06939583333333334
61 0.330578125 0.6607916666666667 0.026750000000000003 0.04291666666666667
61 0.19471875 0.736625 0.03371875 0.0381875
61 0.260171875 0.8430208333333333 0.03353125 0.04020833333333333
79 0.73990625 0.6662916666666666 0.07668749999999999 0.3293125
47 0.7632656250000001 0.5530208333333333 0.03728125 0.09152083333333333
87 0.295984375 0.8319791666666667 0.080328125 0.04416666666666667
61 0.304421875 0.7104374999999999 0.0305 0.025916666666666664
79 0.352828125 0.5665 0.0740625 0.24631250000000002
61 0.22574999999999998 0.7958125 0.026187500000000002 0.02033333333333333
