62 0.280703125 0.39063231850117097 0.096578125 0.21227166276346604
67 0.15675 0.28058548009367684 0.16584375 0.062154566744730674
31 0.28726562499999997 0.7048711943793912 0.05803125 0.17711943793911006
31 0.6599375000000001 0.4140983606557377 0.03821875 0.15936768149882904
1 0.1858125 0.19646370023419205 0.11171875 0.584168618266979
1 0.19959375 0.6040281030444965 0.13084374999999998 0.3940281030444965
1 0.623703125 0.33707259953161595 0.1409375 0.597751756440281
1 0.7460312499999999 0.21065573770491805 0.06365625 0.3854098360655738
1 0.8184687500000001 0.181943793911007 0.13903125 0.24845433255269322
1 0.8525937499999999 0.09037470725995317 0.09790625 0.17295081967213113
27 0.661609375 0.4168149882903981 0.035234375 0.15838407494145199
27 0.9160937499999999 0.24889929742388758 0.015046875000000001 0.05374707259953161
1 0.029843750000000002 0.6900936768149883 0.134875 0.3084309133489461
1 0.850046875 0.27407494145199063 0.1153125 0.30124121779859486
1 0.967109375 0.2733723653395785 0.032890625 0.24344262295081967
27 0.977390625 0.3602810304449649 0.016359375000000002 0.07843091334894614
31 0.11784375 0.7896018735362998 0.0693125 0.21039812646370024
62 0.00990625 0.0 0.08290625 0.12559718969555037
27 0.8532187499999999 0.24833723653395787 0.01934375 0.048899297423887586
