21 0.594671875 0.5009444444444444 0.177390625 0.30825
21 0.427859375 0.4608055555555555 0.04284375 0.09025000000000001
21 0.268171875 0.4553888888888889 0.062796875 0.07411111111111111
21 0.038796874999999995 0.4955555555555556 0.15759375 0.18963888888888888
21 0.0515625 0.46849999999999997 0.06692187499999999 0.0485
21 0.5892031249999999 0.44380555555555556 0.04396875 0.048
21 0.521125 0.4383888888888889 0.03153125 0.042666666666666665
21 0.8673125 0.4228611111111111 0.0345625 0.04061111111111111
21 0.9183125000000001 0.4262777777777778 0.04109375 0.03983333333333333
21 0.236640625 0.45827777777777773 0.017234375 0.037861111111111116
21 0.63228125 0.42919444444444443 0.017703125 0.035361111111111114
21 0.666984375 0.4415555555555556 0.016953125 0.04577777777777778
21 0.1731875 0.4584166666666667 0.045953125 0.057861111111111106
21 0.16904687499999999 0.4573055555555555 0.041296875 0.028666666666666667
21 0.682515625 0.4306388888888889 0.031484374999999995 0.03891666666666667
21 0.769390625 0.4376388888888889 0.017343749999999998 0.04463888888888889
21 0.568921875 0.43605555555555553 0.01428125 0.024638888888888887
21 0.0421875 0.3888888888888889 0.95625 0.10555555555555556
