72 0.21603999999999998 0.5958933333333334 0.16358 0.39503999999999995
72 0.024640000000000002 0.6214933333333333 0.10472 0.21765333333333334
44 0.5608 0.85248 0.03574 0.14752
44 0.43342 0.8239200000000001 0.04002 0.13197333333333333
44 0.43216000000000004 0.7018666666666666 0.026019999999999998 0.11717333333333332
62 0.51908 0.60248 0.04312 0.21448000000000003
1 0.6239600000000001 0.33437333333333336 0.1758 0.6045066666666666
1 0.5396 0.5140533333333334 0.11785999999999999 0.38994666666666666
1 0.12134 0.25842666666666664 0.1854 0.3797866666666666
67 0.32022 0.89888 0.41462 0.08989333333333334
47 0.47766000000000003 0.8758666666666667 0.04936 0.0968
47 0.47052 0.7668266666666667 0.02644 0.06605333333333334
73 0.0 0.9123466666666666 0.14831999999999998 0.07642666666666667
74 0.49816000000000005 0.952 0.06384000000000001 0.03813333333333334
1 0.31694 0.19450666666666666 0.09244 0.13496
72 0.0007199999999999999 0.7772800000000001 0.02528 0.16618666666666668
1 0.24944 0.24944000000000002 0.19382 0.5393333333333333
1 0.3337 0.25392 0.12136 0.3820266666666666
72 0.09046 0.6235733333333333 0.13746 0.37642666666666663
