3 0.5823529411764706 0.6418300653594772 0.15735294117647058 0.134640522875817
3 0.5051470588235294 0.44575163398692813 0.11176470588235295 0.16862745098039217
3 0.06397058823529411 0.29411764705882354 0.1125 0.14901960784313725
3 0.0 0.31895424836601305 0.075 0.11503267973856209
3 0.4 0.0 0.052941176470588235 0.05228758169934641
3 0.3875 0.05228758169934641 0.06323529411764706 0.07712418300653595
4 0.24779411764705883 0.8810457516339869 0.04411764705882353 0.10588235294117647
1 0.2485294117647059 0.8849673202614379 0.033823529411764704 0.06666666666666667
3 0.8169117647058823 0.032679738562091505 0.08088235294117647 0.06928104575163399
3 0.8360294117647059 0.01045751633986928 0.07205882352941176 0.05620915032679739
1 0.8058823529411765 0.2496732026143791 0.016176470588235296 0.048366013071895426
1 0.8213235294117647 0.27320261437908494 0.019852941176470587 0.027450980392156862
1 0.8242647058823529 0.2496732026143791 0.013235294117647059 0.026143790849673203
1 0.8808823529411764 0.2169934640522876 0.014705882352941176 0.043137254901960784
1 0.9058823529411765 0.2235294117647059 0.016176470588235296 0.0457516339869281
1 0.9279411764705883 0.11372549019607843 0.01911764705882353 0.05620915032679739
1 0.9419117647058823 0.11503267973856209 0.016911764705882352 0.058823529411764705
4 0.9669117647058824 0.027450980392156862 0.011029411764705883 0.03398692810457516
4 0.8139705882352941 0.134640522875817 0.027205882352941177 0.027450980392156862
1 0.9808823529411764 0.1477124183006536 0.013235294117647059 0.05228758169934641
3 0.054411764705882354 0.10718954248366012 0.07941176470588235 0.10457516339869281
3 0.1514705882352941 0.06535947712418301 0.07573529411764705 0.06535947712418301
3 0.0 0.0718954248366013 0.030147058823529412 0.06013071895424837
3 0.028676470588235293 0.030065359477124184 0.08235294117647059 0.06405228758169934
2 0.95 0.4117647058823529 0.022794117647058822 0.07058823529411765
