28 0.44056249999999997 0.25977083333333334 0.40012499999999995 0.18077083333333333
31 0.32021875 0.6471874999999999 0.055625 0.19102083333333333
31 0.1565 0.4718958333333333 0.057765625 0.2045625
31 0.59853125 0.6814166666666667 0.12859375 0.20041666666666666
31 0.022640625 0.31952083333333337 0.04221875 0.111625
31 0.077171875 0.3073125 0.03671875 0.0710625
1 0.166859375 0.22695833333333332 0.205609375 0.7505624999999999
1 0.06596874999999999 0.2715625 0.05675 0.22766666666666666
1 0.1388125 0.2640208333333333 0.057015625 0.3042708333333334
1 0.17154687500000002 0.2779375 0.047031250000000004 0.17645833333333333
1 0.352796875 0.238375 0.03228125 0.3457708333333333
1 0.561234375 0.40449999999999997 0.22246875 0.5842708333333333
1 0.12076562500000002 0.29635416666666664 0.03478125 0.1615
1 7.8125e-05 0.29885416666666664 0.017078125 0.03927083333333334
15 0.655625 0.7771458333333333 0.34381249999999997 0.21125000000000002
1 0.854515625 0.2931666666666667 0.145484375 0.5830625
1 0.0 0.4363958333333333 0.022468750000000003 0.2557291666666667
1 0.008875 0.2592291666666667 0.06915625 0.325125
31 0.0 0.6772083333333333 0.039875 0.202375
1 0.333296875 0.3479791666666667 0.039015625 0.18291666666666667
1 0.0 0.2781041666666667 0.03490625 0.19943750000000002
28 0.8510312499999999 0.2892291666666667 0.14896875 0.1145625
31 0.115453125 0.3233125 0.030734375 0.06314583333333333
