3 0.8419375 0.536 0.07104166666666667 0.05384375
6 0.14681249999999998 0.067984375 0.6621666666666666 0.404484375
1 0.17291666666666666 0.596359375 0.22352083333333334 0.40321875
1 0.3520625 0.5634375 0.1445 0.42623437500000005
1 0.7442291666666667 0.614625 0.17072916666666668 0.33142187500000003
28 0.21289583333333334 0.427734375 0.36000000000000004 0.082828125
28 0.5301666666666667 0.51896875 0.34560416666666666 0.162375
28 0.5869166666666668 0.454078125 0.31152083333333336 0.08065625
1 0.6202291666666666 0.66965625 0.13183333333333333 0.294390625
3 0.9096875 0.5511874999999999 0.08829166666666667 0.064875
