3 0.50975 0.45216666666666666 0.11278125000000001 0.07552083333333333
3 0.5690937500000001 0.44502083333333337 0.08934375 0.050812500000000003
3 0.72334375 0.44756250000000003 0.03021875 0.0546875
6 0.74659375 0.17520833333333333 0.25340625 0.4613333333333333
62 0.11737500000000001 0.5883125 0.139875 0.2639375
8 0.0 0.23541666666666666 0.49607812500000004 0.3430625
31 0.729390625 0.48764583333333333 0.027515625 0.09604166666666666
8 0.749484375 0.24627083333333333 0.250515625 0.3842708333333333
1 0.672640625 0.43497916666666664 0.0723125 0.2937291666666667
1 0.647578125 0.4209375 0.045234375 0.29260416666666667
1 0.15184375 0.4188958333333333 0.16678125 0.37927083333333333
1 0.338265625 0.4021666666666667 0.048015625 0.20085416666666667
1 0.0 0.4267916666666667 0.043921875 0.3130833333333333
1 0.031390625 0.47893749999999996 0.027687499999999997 0.11122916666666667
1 0.21404687500000003 0.4516875 0.07078124999999999 0.22022916666666664
1 0.257265625 0.3997708333333333 0.048546875 0.10452083333333334
67 0.8019375 0.5516666666666666 0.12245312500000001 0.24202083333333332
67 0.573734375 0.5195208333333333 0.073484375 0.17875
67 0.54096875 0.5014791666666667 0.076109375 0.14379166666666665
67 0.34659375 0.49064583333333334 0.078890625 0.15216666666666667
1 0.038328125000000005 0.4590625 0.073515625 0.19277083333333334
31 0.2719375 0.4894375 0.048562499999999995 0.07979166666666666
62 0.064171875 0.5290416666666666 0.08303125 0.191125
67 0.039609375 0.5295 0.03459375 0.017062499999999998
3 0.567453125 0.44077083333333333 0.028468749999999998 0.019208333333333334
