72 0.01128125 0.18745833333333334 0.28698437499999996 0.3714166666666667
1 0.59446875 0.5766041666666666 0.114125 0.4233958333333333
1 0.54246875 0.26866666666666666 0.0735625 0.42870833333333336
1 0.6931093749999999 0.3853958333333333 0.22571875000000002 0.6137916666666666
1 0.8487031249999999 0.30191666666666667 0.125453125 0.3609375
1 0.9067343749999999 0.46066666666666667 0.092703125 0.5281041666666667
1 0.848359375 0.1987708333333333 0.064703125 0.19495833333333332
1 0.8915312500000001 0.16995833333333332 0.1034375 0.27779166666666666
77 0.883125 0.36991666666666667 0.021421875 0.03825
75 0.610078125 0.7338541666666667 0.076953125 0.0564375
72 0.9752968750000001 0.1595208333333333 0.024703125 0.12454166666666668
1 0.9785 0.401625 0.0215 0.07725
72 0.39275000000000004 0.17295833333333333 0.15440625 0.2598125
72 0.611609375 0.1630625 0.10018750000000001 0.2064375
72 0.733796875 0.15972916666666667 0.077328125 0.15760416666666668
72 0.808078125 0.15514583333333334 0.053078125 0.1215
