3 0.7013551401869159 0.54609375 0.2586682242990654 0.072609375
3 0.2884345794392523 0.540828125 0.14014018691588784 0.049671875
3 0.20920560747663552 0.546125 0.09843457943925234 0.039359375
15 0.6472663551401868 0.692859375 0.3500233644859813 0.192578125
27 0.1397897196261682 0.675125 0.06619158878504673 0.061750000000000006
27 0.0 0.541296875 0.06605140186915888 0.088515625
31 0.5174766355140187 0.6903125 0.12130841121495327 0.053531249999999996
31 0.29642523364485984 0.660828125 0.0885981308411215 0.03021875
1 0.3135280373831776 0.5830625 0.0611214953271028 0.06343750000000001
1 0.5472429906542056 0.621234375 0.23873831775700935 0.234640625
1 0.04072429906542056 0.50525 0.08404205607476635 0.2574375
1 0.24799065420560748 0.60825 0.18817757009345795 0.17359375
1 0.29268691588785045 0.5998593750000001 0.13259345794392524 0.088015625
1 0.15320093457943923 0.5963125 0.20247663551401868 0.173421875
1 0.6672663551401868 0.702515625 0.30149532710280375 0.113171875
1 0.4835747663551402 0.61875 0.1680841121495327 0.22690625
1 0.576518691588785 0.53015625 0.03464953271028037 0.063234375
1 0.6546261682242991 0.5328906250000001 0.033200934579439255 0.057703125
1 0.7203271028037384 0.529625 0.03955607476635514 0.039359375
15 0.32647196261682243 0.696734375 0.09733644859813083 0.06721875000000001
31 0.6452102803738318 0.7128125 0.060887850467289714 0.024984375
2 0.11504672897196262 0.5622499999999999 0.13133177570093457 0.0744375
3 0.11144859813084113 0.537703125 0.027289719626168222 0.02190625
