1 0.35468750000000004 0.0345625 0.29173076923076924 0.40109374999999997
1 0.29033653846153845 0.054265625 0.39274038461538463 0.267359375
1 0.6153846153846154 0.026968750000000003 0.2938701923076923 0.37528125
88 0.7173557692307693 0.04221875 0.11629807692307693 0.112375
1 0.0 0.0 0.31461538461538463 1.0
1 0.15903846153846152 0.17978125 0.16939903846153845 0.25842187499999997
1 0.90625 0.027046874999999998 0.09375 0.230234375
1 0.37009615384615385 0.19546875 0.6299038461538462 0.667046875
1 0.2620192307692308 0.297234375 0.2648798076923077 0.12990625
1 0.056033653846153844 0.3936875 0.43355769230769237 0.6063125
1 0.3426923076923077 0.3969375 0.2794230769230769 0.595421875
88 0.11598557692307693 0.582484375 0.22860576923076922 0.25390625
