1 0.0022058823529411764 0.9372549019607843 0.01838235294117647 0.06274509803921569
3 0.0 0.873202614379085 0.10661764705882353 0.12679738562091503
3 0.2529411764705882 0.8287581699346406 0.07426470588235294 0.17124183006535948
1 0.26544117647058824 0.5398692810457516 0.013970588235294118 0.05751633986928104
4 0.09044117647058823 0.45751633986928103 0.021323529411764706 0.043137254901960784
4 0.013235294117647059 0.5032679738562091 0.030882352941176472 0.0457516339869281
4 0.01911764705882353 0.5019607843137255 0.03308823529411765 0.030065359477124184
2 0.15073529411764705 0.4875816993464052 0.03676470588235294 0.07450980392156863
6 0.19264705882352942 0.32679738562091504 0.09632352941176471 0.18823529411764706
3 0.22205882352941175 0.3254901960784314 0.03455882352941177 0.054901960784313725
3 0.3426470588235294 0.41045751633986927 0.0375 0.08888888888888889
3 0.3095588235294118 0.33986928104575165 0.03235294117647059 0.06666666666666667
3 0.3522058823529412 0.330718954248366 0.030147058823529412 0.05751633986928104
3 0.2698529411764706 0.2758169934640523 0.03529411764705882 0.050980392156862744
1 0.2897058823529412 0.28888888888888886 0.013235294117647059 0.026143790849673203
1 0.31691176470588234 0.28888888888888886 0.009558823529411765 0.032679738562091505
1 0.3397058823529412 0.2627450980392157 0.008088235294117648 0.032679738562091505
1 0.3301470588235294 0.2457516339869281 0.009558823529411765 0.032679738562091505
1 0.33088235294117646 0.24444444444444444 0.007352941176470588 0.02483660130718954
1 0.3058823529411765 0.23006535947712417 0.008088235294117648 0.03398692810457516
1 0.3044117647058823 0.22091503267973855 0.006617647058823529 0.02875816993464052
4 0.3176470588235294 0.29934640522875816 0.010294117647058823 0.032679738562091505
4 0.33897058823529413 0.2758169934640523 0.008823529411764706 0.027450980392156862
4 0.3301470588235294 0.257516339869281 0.007352941176470588 0.023529411764705882
2 0.3058823529411765 0.24705882352941178 0.007352941176470588 0.022222222222222223
2 0.30367647058823527 0.23529411764705882 0.008088235294117648 0.02483660130718954
3 0.26838235294117646 0.2326797385620915 0.026470588235294117 0.0457516339869281
3 0.25220588235294117 0.20784313725490197 0.04926470588235294 0.048366013071895426
3 0.2051470588235294 0.20522875816993463 0.054411764705882354 0.04183006535947712
3 0.3683823529411765 0.2326797385620915 0.025 0.058823529411764705
3 0.2625 0.1542483660130719 0.041176470588235294 0.03398692810457516
1 0.24411764705882352 0.15294117647058825 0.007352941176470588 0.01568627450980392
3 0.30367647058823527 0.1568627450980392 0.020588235294117647 0.03398692810457516
3 0.3264705882352941 0.16209150326797386 0.019852941176470587 0.036601307189542485
3 0.3360294117647059 0.1411764705882353 0.01838235294117647 0.03398692810457516
1 0.30367647058823527 0.14901960784313725 0.0058823529411764705 0.022222222222222223
1 0.31029411764705883 0.1437908496732026 0.0058823529411764705 0.02483660130718954
1 0.31838235294117645 0.14248366013071895 0.005147058823529412 0.02091503267973856
1 0.32132352941176473 0.1503267973856209 0.0058823529411764705 0.026143790849673203
1 0.32573529411764707 0.1411764705882353 0.005147058823529412 0.030065359477124184
1 0.32941176470588235 0.14640522875816994 0.005147058823529412 0.026143790849673203
1 0.36470588235294116 0.13725490196078433 0.007352941176470588 0.023529411764705882
1 0.3735294117647059 0.08758169934640522 0.005147058823529412 0.018300653594771243
4 0.3654411764705882 0.14640522875816994 0.0058823529411764705 0.0196078431372549
4 0.3735294117647059 0.09411764705882353 0.0058823529411764705 0.01568627450980392
1 0.3536764705882353 0.10196078431372549 0.0029411764705882353 0.0196078431372549
1 0.35 0.09934640522875816 0.003676470588235294 0.02091503267973856
1 0.35 0.09542483660130718 0.004411764705882353 0.018300653594771243
1 0.3588235294117647 0.08235294117647059 0.003676470588235294 0.0196078431372549
1 0.36176470588235293 0.0718954248366013 0.003676470588235294 0.022222222222222223
1 0.3654411764705882 0.07973856209150326 0.004411764705882353 0.023529411764705882
1 0.3669117647058823 0.0718954248366013 0.003676470588235294 0.0196078431372549
1 0.3360294117647059 0.0784313725490196 0.005147058823529412 0.023529411764705882
3 0.3360294117647059 0.0915032679738562 0.01764705882352941 0.026143790849673203
3 0.2713235294117647 0.11633986928104575 0.041176470588235294 0.026143790849673203
3 0.28088235294117647 0.10457516339869281 0.03823529411764706 0.02483660130718954
3 0.2977941176470588 0.0915032679738562 0.03602941176470588 0.023529411764705882
3 0.2948529411764706 0.0718954248366013 0.027205882352941177 0.027450980392156862
3 0.3272058823529412 0.07058823529411765 0.03308823529411765 0.02483660130718954
3 0.34705882352941175 0.06274509803921569 0.013235294117647059 0.022222222222222223
3 0.3205882352941177 0.043137254901960784 0.025 0.02483660130718954
3 0.33676470588235297 0.026143790849673203 0.025735294117647058 0.022222222222222223
3 0.3573529411764706 0.0196078431372549 0.019852941176470587 0.018300653594771243
3 0.34044117647058825 0.011764705882352941 0.02426470588235294 0.01568627450980392
3 0.33676470588235297 0.00522875816993464 0.025735294117647058 0.01699346405228758
3 0.34191176470588236 0.00261437908496732 0.02426470588235294 0.01437908496732026
1 0.37720588235294117 0.01699346405228758 0.004411764705882353 0.018300653594771243
1 0.3830882352941177 0.01699346405228758 0.005147058823529412 0.0196078431372549
1 0.3683823529411765 0.00392156862745098 0.005147058823529412 0.01568627450980392
4 0.3683823529411765 0.009150326797385621 0.003676470588235294 0.011764705882352941
3 0.3977941176470588 0.06535947712418301 0.013970588235294118 0.026143790849673203
3 0.42867647058823527 0.12418300653594772 0.027941176470588237 0.040522875816993466
3 0.4786764705882353 0.16862745098039217 0.021323529411764706 0.0392156862745098
3 0.4727941176470588 0.11633986928104575 0.01764705882352941 0.026143790849673203
3 0.4566176470588235 0.06666666666666667 0.013235294117647059 0.027450980392156862
3 0.46544117647058825 0.03137254901960784 0.011764705882352941 0.02091503267973856
3 0.49558823529411766 0.043137254901960784 0.011764705882352941 0.023529411764705882
3 0.5183823529411765 0.0457516339869281 0.013970588235294118 0.0196078431372549
2 0.5279411764705882 0.06535947712418301 0.008088235294117648 0.01699346405228758
1 0.5294117647058824 0.06405228758169934 0.004411764705882353 0.011764705882352941
1 0.4933823529411765 0.030065359477124184 0.004411764705882353 0.013071895424836602
4 0.49264705882352944 0.03529411764705882 0.004411764705882353 0.01045751633986928
1 0.49264705882352944 0.00130718954248366 0.003676470588235294 0.01568627450980392
1 0.5036764705882353 0.01437908496732026 0.003676470588235294 0.01699346405228758
1 0.5102941176470588 0.15555555555555556 0.005147058823529412 0.018300653594771243
2 0.5066176470588235 0.15816993464052287 0.015441176470588236 0.032679738562091505
2 0.5213235294117647 0.13594771241830064 0.015441176470588236 0.03790849673202614
3 0.7029411764705882 0.8379084967320262 0.1125 0.16209150326797386
6 0.7352941176470589 0.5647058823529412 0.1661764705882353 0.32287581699346407
1 0.8566176470588235 0.6261437908496732 0.019852941176470587 0.06405228758169934
1 0.8654411764705883 0.6562091503267974 0.013235294117647059 0.06666666666666667
3 0.7301470588235294 0.37516339869281046 0.06397058823529411 0.06535947712418301
1 0.6426470588235295 0.44575163398692813 0.011029411764705883 0.03137254901960784
1 0.6389705882352941 0.4326797385620915 0.013970588235294118 0.03529411764705882
4 0.6411764705882353 0.44052287581699345 0.010294117647058823 0.044444444444444446
2 0.6977941176470588 0.3006535947712418 0.01764705882352941 0.03529411764705882
1 0.7382352941176471 0.3045751633986928 0.011029411764705883 0.044444444444444446
1 0.7411764705882353 0.2784313725490196 0.007352941176470588 0.03398692810457516
1 0.7477941176470588 0.2784313725490196 0.008088235294117648 0.0392156862745098
2 0.7125 0.27320261437908494 0.011764705882352941 0.03137254901960784
2 0.6897058823529412 0.2601307189542484 0.011764705882352941 0.02875816993464052
1 0.6764705882352942 0.24052287581699347 0.009558823529411765 0.022222222222222223
1 0.6558823529411765 0.2326797385620915 0.006617647058823529 0.03398692810457516
3 0.6169117647058824 0.23921568627450981 0.022794117647058822 0.05228758169934641
3 0.6367647058823529 0.1895424836601307 0.020588235294117647 0.043137254901960784
3 0.5889705882352941 0.19477124183006536 0.030882352941176472 0.040522875816993466
4 0.5772058823529411 0.1607843137254902 0.016911764705882352 0.0196078431372549
3 0.5617647058823529 0.1437908496732026 0.021323529411764706 0.030065359477124184
4 0.6088235294117647 0.15163398692810456 0.015441176470588236 0.018300653594771243
8 0.5786764705882353 0.12418300653594772 0.04044117647058824 0.032679738562091505
1 0.5522058823529412 0.12679738562091503 0.004411764705882353 0.026143790849673203
2 0.5433823529411764 0.13071895424836602 0.011764705882352941 0.023529411764705882
3 0.5786764705882353 0.11503267973856209 0.029411764705882353 0.022222222222222223
3 0.5705882352941176 0.09934640522875816 0.03161764705882353 0.022222222222222223
3 0.5558823529411765 0.08758169934640522 0.030882352941176472 0.027450980392156862
4 0.5933823529411765 0.10718954248366012 0.013235294117647059 0.01437908496732026
3 0.5588235294117647 0.06143790849673202 0.027941176470588237 0.02483660130718954
3 0.5419117647058823 0.044444444444444446 0.02426470588235294 0.022222222222222223
3 0.538235294117647 0.047058823529411764 0.02426470588235294 0.01437908496732026
3 0.5375 0.040522875816993466 0.025 0.02091503267973856
3 0.5345588235294118 0.032679738562091505 0.029411764705882353 0.023529411764705882
3 0.5286764705882353 0.022222222222222223 0.02426470588235294 0.01699346405228758
3 0.5294117647058824 0.01699346405228758 0.023529411764705882 0.0196078431372549
3 0.5227941176470589 0.013071895424836602 0.020588235294117647 0.018300653594771243
3 0.5022058823529412 0.35294117647058826 0.030882352941176472 0.054901960784313725
