72 0.81894 0.31525333333333333 0.18106 0.37442666666666663
1 0.17618 0.3135733333333333 0.25862 0.64224
1 0.0 0.15168 0.35636 0.84832
75 0.30910000000000004 0.6530133333333333 0.05228 0.07552
63 0.0 0.7285066666666666 0.41174 0.27149333333333336
85 0.38132 0.39968 0.07744 0.09485333333333333
85 0.3068 0.42178666666666664 0.08993999999999999 0.13114666666666666
75 0.43964 0.6969333333333334 0.0619 0.03138666666666667
75 0.4909 0.6797333333333333 0.060399999999999995 0.04933333333333333
76 0.33708 0.5714666666666667 0.05518 0.02928
