88 0.33125 0.48464583333333333 0.032375 0.0404375
31 0.8686562500000001 0.6005416666666666 0.1058125 0.174
88 0.310984375 0.6084166666666667 0.033203125 0.050958333333333335
88 0.352625 0.6071458333333334 0.0301875 0.052083333333333336
88 0.33134375 0.6049583333333334 0.029906250000000002 0.05533333333333333
88 0.28628125 0.5986041666666666 0.036453124999999996 0.06572916666666667
88 0.286578125 0.5448333333333333 0.018390625 0.060083333333333336
88 0.240125 0.5184791666666667 0.020015625000000002 0.026500000000000003
88 0.24431250000000002 0.45137499999999997 0.02078125 0.03929166666666666
88 0.41117187499999996 0.6186041666666667 0.04375 0.03429166666666667
88 0.315078125 0.455625 0.024421875000000003 0.05258333333333333
88 0.222515625 0.516625 0.023453125 0.04777083333333333
88 0.244171875 0.5423125 0.023296875 0.03258333333333333
88 0.240296875 0.6118958333333333 0.020624999999999998 0.05541666666666667
1 0.82284375 0.5187708333333333 0.1731875 0.4804791666666667
88 0.2125 0.15208333333333332 0.5390625 0.5125
