3 0.85252 0.3136 0.10338 0.09954666666666666
11 0.56756 0.4768533333333333 0.13792 0.37949333333333335
1 0.06054 0.15909333333333334 0.16816 0.20178666666666667
1 0.6618200000000001 0.2676 0.030420000000000003 0.10842666666666666
1 0.5189400000000001 0.25797333333333333 0.0249 0.12856
1 0.75412 0.25666666666666665 0.03518 0.13416
15 0.0 0.4404533333333333 0.3455 0.42248
15 0.0242 0.3554666666666667 0.28178 0.08669333333333333
27 0.1457 0.2584533333333333 0.08288 0.10088
10 0.46798 0.13816 0.020579999999999998 0.03888
10 0.42263999999999996 0.038266666666666664 0.029079999999999998 0.04818666666666667
1 0.49372000000000005 0.25232 0.03352 0.12645333333333333
1 0.59382 0.2793333333333333 0.01728 0.10938666666666667
8 0.00124 0.18749333333333335 0.23254 0.17997333333333332
8 0.9171 0.30504 0.0829 0.31896
10 0.59712 0.09778666666666667 0.026 0.09127999999999999
31 0.59866 0.29552 0.0169 0.02344
1 0.6675 0.24930666666666665 0.00954 0.032293333333333334
1 0.71204 0.26504 0.02044 0.09349333333333334
1 0.94372 0.24824000000000002 0.02966 0.059173333333333335
1 0.43210000000000004 0.2705066666666667 0.030440000000000002 0.09677333333333334
1 0.48078 0.2664533333333333 0.019280000000000002 0.05354666666666666
3 0.23234 0.2924 0.07352 0.04704
1 0.56428 0.27736 0.027100000000000003 0.1092
