4 0.10735294117647058 0.7045751633986929 0.06764705882352941 0.07058823529411765
3 0.8036764705882353 0.792156862745098 0.17647058823529413 0.20784313725490197
3 0.7566176470588235 0.6379084967320261 0.09117647058823529 0.12810457516339868
4 0.8779411764705882 0.5516339869281046 0.027941176470588237 0.05620915032679739
3 0.7426470588235294 0.4117647058823529 0.04926470588235294 0.0784313725490196
3 0.7492647058823529 0.27320261437908494 0.06102941176470588 0.047058823529411764
2 0.6904411764705882 0.28104575163398693 0.022058823529411766 0.027450980392156862
4 0.6816176470588236 0.25620915032679736 0.014705882352941176 0.030065359477124184
3 0.5823529411764706 0.17124183006535948 0.05073529411764706 0.03790849673202614
3 0.6022058823529411 0.25098039215686274 0.030147058823529412 0.04967320261437908
3 0.6360294117647058 0.20522875816993463 0.023529411764705882 0.04183006535947712
1 0.6823529411764706 0.2169934640522876 0.008823529411764706 0.032679738562091505
3 0.2595588235294118 0.6928104575163399 0.11544117647058824 0.16732026143790849
3 0.2926470588235294 0.5882352941176471 0.10147058823529412 0.12810457516339868
3 0.40588235294117647 0.2326797385620915 0.027941176470588237 0.047058823529411764
3 0.32573529411764707 0.5202614379084968 0.09779411764705882 0.10457516339869281
3 0.33676470588235297 0.41830065359477125 0.045588235294117645 0.08758169934640522
3 0.35808823529411765 0.36209150326797385 0.03897058823529412 0.07320261437908497
3 0.2323529411764706 0.33725490196078434 0.08308823529411764 0.05751633986928104
3 0.3191176470588235 0.23921568627450981 0.027205882352941177 0.04967320261437908
3 0.35441176470588237 0.23660130718954248 0.03235294117647059 0.048366013071895426
3 0.3375 0.1869281045751634 0.05661764705882353 0.032679738562091505
3 0.40441176470588236 0.19084967320261437 0.029411764705882353 0.03529411764705882
3 0.4823529411764706 0.14640522875816994 0.01838235294117647 0.027450980392156862
3 0.4117647058823529 0.16209150326797386 0.047058823529411764 0.03398692810457516
3 0.3977941176470588 0.15163398692810456 0.03823529411764706 0.03137254901960784
3 0.425 0.14248366013071895 0.03235294117647059 0.032679738562091505
3 0.42205882352941176 0.12941176470588237 0.03676470588235294 0.02875816993464052
3 0.4536764705882353 0.11764705882352941 0.015441176470588236 0.03137254901960784
3 0.4294117647058823 0.1084967320261438 0.028676470588235293 0.030065359477124184
1 0.5566176470588236 0.0915032679738562 0.0029411764705882353 0.01699346405228758
6 0.4227941176470588 0.08496732026143791 0.04779411764705882 0.047058823529411764
3 0.45808823529411763 0.07320261437908497 0.011764705882352941 0.01699346405228758
3 0.4404411764705882 0.0784313725490196 0.014705882352941176 0.01568627450980392
3 0.4470588235294118 0.06797385620915032 0.016176470588235296 0.018300653594771243
3 0.44191176470588234 0.07320261437908497 0.010294117647058823 0.01699346405228758
3 0.5235294117647059 0.06797385620915032 0.011764705882352941 0.01568627450980392
3 0.525 0.06274509803921569 0.009558823529411765 0.01437908496732026
3 0.4772058823529412 0.02483660130718954 0.0058823529411764705 0.01045751633986928
3 0.4852941176470588 0.032679738562091505 0.006617647058823529 0.011764705882352941
3 0.49411764705882355 0.02875816993464052 0.007352941176470588 0.01437908496732026
4 0.5051470588235294 0.06928104575163399 0.0058823529411764705 0.013071895424836602
1 0.5058823529411764 0.06405228758169934 0.003676470588235294 0.013071895424836602
3 0.5058823529411764 0.036601307189542485 0.0125 0.011764705882352941
3 0.5176470588235295 0.04183006535947712 0.016176470588235296 0.011764705882352941
3 0.5073529411764706 0.044444444444444446 0.013970588235294118 0.01045751633986928
3 0.5102941176470588 0.048366013071895426 0.015441176470588236 0.013071895424836602
3 0.5205882352941177 0.05620915032679739 0.008823529411764706 0.01437908496732026
3 0.5169117647058824 0.04967320261437908 0.009558823529411765 0.01568627450980392
3 0.538235294117647 0.09411764705882353 0.013970588235294118 0.0196078431372549
2 0.5514705882352942 0.13071895424836602 0.003676470588235294 0.0196078431372549
1 0.5507352941176471 0.12549019607843137 0.004411764705882353 0.022222222222222223
