3 0.6078125 0.562962962962963 0.04583333333333333 0.05092592592592592
1 0.225 0.6425925925925926 0.010416666666666666 0.05185185185185185
1 0.24010416666666667 0.6361111111111111 0.013020833333333334 0.044444444444444446
1 0.3140625 0.47685185185185186 0.005729166666666666 0.03611111111111111
1 0.32083333333333336 0.47962962962962963 0.007291666666666667 0.03518518518518519
8 0.16145833333333334 0.375 0.0484375 0.06296296296296296
3 0.16041666666666668 0.36666666666666664 0.025520833333333333 0.018518518518518517
3 0.19322916666666667 0.4 0.030208333333333334 0.026851851851851852
3 0.771875 0.4185185185185185 0.030729166666666665 0.03518518518518519
3 0.9026041666666667 0.4009259259259259 0.09166666666666666 0.06851851851851852
8 0.5161458333333333 0.3990740740740741 0.04479166666666667 0.032407407407407406
3 0.5322916666666667 0.3712962962962963 0.013020833333333334 0.025925925925925925
3 0.6453125 0.425 0.036458333333333336 0.022222222222222223
3 0.659375 0.41388888888888886 0.034895833333333334 0.028703703703703703
3 0.6786458333333333 0.40555555555555556 0.0359375 0.02962962962962963
1 0.6333333333333333 0.6185185185185185 0.008854166666666666 0.03333333333333333
1 0.6354166666666666 0.6092592592592593 0.0078125 0.03888888888888889
4 0.6348958333333333 0.6212962962962963 0.011979166666666667 0.026851851851851852
1 0.5197916666666667 0.6092592592592593 0.007291666666666667 0.03981481481481482
1 0.5109375 0.6083333333333333 0.010416666666666666 0.040740740740740744
1 0.18854166666666666 0.7138888888888889 0.0125 0.044444444444444446
2 0.18697916666666667 0.7398148148148148 0.015104166666666667 0.03981481481481482
1 0.23958333333333334 0.6981481481481482 0.010416666666666666 0.04259259259259259
2 0.23802083333333332 0.7222222222222222 0.013541666666666667 0.03796296296296296
3 0.36354166666666665 0.412962962962963 0.040625 0.03148148148148148
3 0.38333333333333336 0.3907407407407407 0.03958333333333333 0.030555555555555555
6 0.42916666666666664 0.3907407407407407 0.058333333333333334 0.053703703703703705
3 0.4401041666666667 0.4305555555555556 0.0390625 0.025925925925925925
3 0.484375 0.425 0.03958333333333333 0.02962962962962963
1 0.33958333333333335 0.43333333333333335 0.0036458333333333334 0.028703703703703703
1 0.34427083333333336 0.4398148148148148 0.0036458333333333334 0.023148148148148147
1 0.33489583333333334 0.4305555555555556 0.005208333333333333 0.030555555555555555
1 0.3421875 0.43148148148148147 0.0046875 0.027777777777777776
1 0.4635416666666667 0.5046296296296297 0.005208333333333333 0.016666666666666666
1 0.4630208333333333 0.4842592592592593 0.005729166666666666 0.032407407407407406
