3 0.1676470588235294 0.7372549019607844 0.18455882352941178 0.17908496732026144
4 0.11397058823529412 0.615686274509804 0.04852941176470588 0.07450980392156863
1 0.12573529411764706 0.596078431372549 0.025735294117647058 0.07712418300653595
4 0.34852941176470587 0.48627450980392156 0.03455882352941177 0.08888888888888889
1 0.3536764705882353 0.477124183006536 0.023529411764705882 0.0718954248366013
3 0.22279411764705884 0.32287581699346407 0.10073529411764706 0.12549019607843137
3 0.3125 0.2784313725490196 0.08970588235294118 0.08758169934640522
1 0.07941176470588235 0.3581699346405229 0.022794117647058822 0.08366013071895424
3 0.4441176470588235 0.4117647058823529 0.09338235294117647 0.13071895424836602
3 0.5301470588235294 0.3111111111111111 0.07352941176470588 0.11241830065359477
3 0.5977941176470588 0.25620915032679736 0.061764705882352944 0.08627450980392157
3 0.6433823529411765 0.19738562091503267 0.057352941176470586 0.08104575163398693
3 0.5419117647058823 0.17516339869281045 0.07720588235294118 0.07058823529411765
3 0.4536764705882353 0.19084967320261437 0.06985294117647059 0.08366013071895424
1 0.35955882352941176 0.15163398692810456 0.013970588235294118 0.054901960784313725
1 0.5316176470588235 0.12810457516339868 0.009558823529411765 0.050980392156862744
1 0.5404411764705882 0.13333333333333333 0.008823529411764706 0.0457516339869281
4 0.5044117647058823 0.16339869281045752 0.02426470588235294 0.03398692810457516
3 0.5588235294117647 0.11895424836601307 0.06911764705882353 0.04967320261437908
4 0.6279411764705882 0.16993464052287582 0.011764705882352941 0.0392156862745098
4 0.6426470588235295 0.1830065359477124 0.011764705882352941 0.030065359477124184
1 0.6301470588235294 0.15816993464052287 0.010294117647058823 0.03398692810457516
1 0.6441176470588236 0.16993464052287582 0.010294117647058823 0.032679738562091505
3 0.5955882352941176 0.09411764705882353 0.05588235294117647 0.05620915032679739
3 0.6830882352941177 0.10718954248366012 0.047058823529411764 0.054901960784313725
2 0.6720588235294118 0.10457516339869281 0.026470588235294117 0.040522875816993466
2 0.7316176470588235 0.12810457516339868 0.027941176470588237 0.05359477124183006
4 0.7463235294117647 0.10980392156862745 0.01764705882352941 0.030065359477124184
1 0.75 0.09411764705882353 0.0125 0.036601307189542485
2 0.6588235294117647 0.07450980392156863 0.014705882352941176 0.03137254901960784
1 0.7360294117647059 0.06013071895424837 0.009558823529411765 0.036601307189542485
1 0.7323529411764705 0.05751633986928104 0.008088235294117648 0.043137254901960784
1 0.7264705882352941 0.05620915032679739 0.008823529411764706 0.040522875816993466
3 0.6602941176470588 0.044444444444444446 0.05073529411764706 0.043137254901960784
