44 0.08818000000000001 0.42189333333333334 0.030879999999999998 0.13464
44 0.503 0.7818933333333333 0.05264 0.21810666666666667
62 0.03716 0.70384 0.19426 0.2860266666666667
62 0.7281799999999999 0.602 0.13424 0.32664
62 0.8406 0.7138666666666666 0.15940000000000001 0.27069333333333334
62 0.44376 0.4750666666666667 0.16726 0.20637333333333333
86 0.47342 0.7240266666666666 0.06842000000000001 0.15869333333333333
44 0.06982 0.4244533333333333 0.0218 0.09461333333333333
44 0.04614 0.7021866666666666 0.04982 0.05928
44 0.04194 0.4343733333333333 0.01472 0.028506666666666666
44 0.018699999999999998 0.41080000000000005 0.01716 0.0824
44 0.07976000000000001 0.7029333333333334 0.045579999999999996 0.06325333333333333
44 0.00974 0.40024 0.0107 0.06509333333333334
44 0.0 0.7812266666666666 0.04796 0.06328
46 0.0673 0.5746933333333333 0.03178 0.13917333333333332
46 0.039380000000000005 0.5965866666666667 0.027 0.08295999999999999
46 0.02026 0.6034933333333333 0.02284 0.07466666666666667
46 0.05968 0.5881866666666666 0.01812 0.06274666666666667
46 0.00076 0.5683733333333333 0.12702 0.10279999999999999
62 0.16247999999999999 0.5908533333333333 0.1198 0.31762666666666667
67 0.1581 0.5485866666666667 0.6805800000000001 0.45141333333333333
