19 0.0032187500000000003 0.14622916666666666 0.6596875 0.7698958333333333
19 0.378140625 0.14402083333333332 0.35339062499999996 0.8295208333333334
3 0.03690625 0.41641666666666666 0.9043749999999999 0.39149999999999996
1 0.440265625 0.030125000000000002 0.15301562500000002 0.28879166666666667
1 0.140515625 0.24775 0.07618749999999999 0.14220833333333335
19 0.541765625 0.17958333333333334 0.277984375 0.7645833333333333
19 0.7868906250000001 0.223375 0.072015625 0.25304166666666666
1 0.25175000000000003 0.28429166666666666 0.04378125 0.07247916666666666
1 0.27978125 0.017979166666666668 0.234265625 0.494375
1 0.04871875 0.24152083333333335 0.07828125 0.18456250000000002
1 0.5655625 0.0480625 0.13968750000000002 0.16327083333333334
