1 0.810109375 0.5983958333333333 0.0848125 0.27416666666666667
1 0.8683125 0.6084583333333333 0.065078125 0.2076875
1 0.75325 0.605375 0.03096875 0.10777083333333333
1 0.774578125 0.602375 0.016234375000000002 0.03208333333333333
1 0.5795 0.6106666666666667 0.068 0.12647916666666667
1 0.575484375 0.6058541666666667 0.020734375 0.09152083333333333
1 0.522 0.6122291666666667 0.018171875 0.09254166666666667
36 0.0 0.6027083333333334 0.072890625 0.2004375
1 0.000234375 0.5799166666666667 0.040171875 0.30404166666666665
1 0.6663281249999999 0.6086875 0.12615625 0.337625
1 0.9797812499999999 0.5907291666666666 0.02021875 0.18025
35 0.6107812499999999 0.907 0.185171875 0.07010416666666666
35 0.53728125 0.6385625 0.006625000000000001 0.06479166666666666
1 0.6641250000000001 0.6158958333333333 0.026296874999999997 0.1283125
1 0.28315625 0.4436875 0.007015625 0.04547916666666666
27 0.603015625 0.6252083333333334 0.031203124999999998 0.0393125
27 0.9135781250000001 0.6232916666666667 0.023625 0.0220625
1 0.79059375 0.6163958333333334 0.034015625 0.16774999999999998
35 0.81759375 0.8388333333333333 0.06275 0.048625
35 0.8685 0.8132708333333334 0.065796875 0.029229166666666664
35 0.5959375 0.7255 0.038406249999999996 0.011229166666666667
1 0.625 0.60625 0.3265625 0.38125
