72 0.439296875 0.12639344262295082 0.23539062500000002 0.2966510538641686
62 0.008609374999999999 0.6731147540983607 0.276921875 0.3118266978922717
77 0.543078125 0.5247775175644028 0.05434375 0.13576112412177985
73 0.382046875 0.6566042154566745 0.39759375 0.31644028103044497
76 0.212546875 0.5493208430913349 0.186765625 0.15032786885245902
3 0.46246875000000004 0.22711943793911007 0.12632812499999999 0.1356440281030445
62 0.87653125 0.4573536299765808 0.12346874999999999 0.5426463700234192
77 0.3345625 0.5573067915690867 0.0684375 0.04826697892271663
75 0.355125 0.5805386416861826 0.05646875 0.03494145199063232
74 0.5331875 0.686112412177986 0.06925 0.10299765807962528
