3 0.5183823529411765 0.33464052287581697 0.06985294117647059 0.08496732026143791
3 0.6029411764705882 0.2522875816993464 0.06911764705882353 0.08235294117647059
3 0.42867647058823527 0.1503267973856209 0.041176470588235294 0.05228758169934641
3 0.20588235294117646 0.2980392156862745 0.08014705882352942 0.07450980392156863
3 0.19117647058823528 0.6379084967320261 0.10220588235294117 0.15555555555555556
3 0.03529411764705882 0.35947712418300654 0.09852941176470588 0.07581699346405228
3 0.4176470588235294 0.6562091503267974 0.05588235294117647 0.16862745098039217
3 0.4147058823529412 0.4339869281045752 0.06691176470588235 0.16732026143790849
1 0.1411764705882353 0.8287581699346406 0.026470588235294117 0.07712418300653595
1 0.07426470588235294 0.7686274509803922 0.01764705882352941 0.07058823529411765
1 0.09411764705882353 0.7594771241830065 0.01764705882352941 0.06928104575163399
1 0.10735294117647058 0.8313725490196079 0.021323529411764706 0.0718954248366013
1 0.12205882352941176 0.796078431372549 0.01764705882352941 0.08104575163398693
1 0.15073529411764705 0.930718954248366 0.02426470588235294 0.06928104575163399
3 0.07205882352941176 0.5437908496732026 0.11323529411764706 0.09934640522875816
1 0.20441176470588235 0.18823529411764706 0.013235294117647059 0.0457516339869281
1 0.20955882352941177 0.1503267973856209 0.009558823529411765 0.03790849673202614
1 0.21985294117647058 0.15163398692810456 0.009558823529411765 0.03790849673202614
1 0.33897058823529413 0.09934640522875816 0.0125 0.023529411764705882
2 0.33455882352941174 0.11633986928104575 0.022794117647058822 0.0196078431372549
3 0.4661764705882353 0.06535947712418301 0.030147058823529412 0.048366013071895426
3 0.42058823529411765 0.0457516339869281 0.026470588235294117 0.04967320261437908
3 0.3911764705882353 0.06666666666666667 0.028676470588235293 0.054901960784313725
3 0.3897058823529412 0.02875816993464052 0.020588235294117647 0.04183006535947712
3 0.39338235294117646 0.0 0.022794117647058822 0.02875816993464052
3 0.41691176470588237 0.0 0.023529411764705882 0.040522875816993466
3 0.7301470588235294 0.2196078431372549 0.04411764705882353 0.054901960784313725
3 0.8286764705882353 0.1869281045751634 0.0661764705882353 0.06535947712418301
3 0.7360294117647059 0.14248366013071895 0.060294117647058824 0.048366013071895426
3 0.7676470588235295 0.16993464052287582 0.06544117647058824 0.05359477124183006
3 0.8029411764705883 0.12679738562091503 0.060294117647058824 0.04967320261437908
3 0.7919117647058823 0.1111111111111111 0.06102941176470588 0.040522875816993466
3 0.8588235294117647 0.09673202614379085 0.052941176470588235 0.0457516339869281
3 0.8897058823529411 0.1111111111111111 0.057352941176470586 0.04967320261437908
3 0.9330882352941177 0.07712418300653595 0.054411764705882354 0.047058823529411764
3 0.9375 0.12418300653594772 0.05514705882352941 0.058823529411764705
3 0.7352941176470589 0.11241830065359477 0.05588235294117647 0.040522875816993466
1 0.7529411764705882 0.08235294117647059 0.008088235294117648 0.02875816993464052
2 0.7507352941176471 0.09673202614379085 0.014705882352941176 0.023529411764705882
2 0.9786764705882353 0.04183006535947712 0.01764705882352941 0.023529411764705882
3 0.49779411764705883 0.8313725490196079 0.07794117647058824 0.16862745098039217
6 0.5948529411764706 0.74640522875817 0.13455882352941176 0.25359477124183005
