3 0.49375 0.37777777777777777 0.009375 0.014814814814814815
1 0.51875 0.39444444444444443 0.005208333333333333 0.012962962962962963
4 0.51875 0.4 0.005208333333333333 0.009259259259259259
2 0.5072916666666667 0.3962962962962963 0.008333333333333333 0.014814814814814815
1 0.509375 0.39444444444444443 0.004166666666666667 0.011111111111111112
3 0.45625 0.3907407407407407 0.013541666666666667 0.020370370370370372
3 0.45416666666666666 0.4111111111111111 0.0125 0.018518518518518517
3 0.446875 0.43333333333333335 0.013541666666666667 0.020370370370370372
1 0.46979166666666666 0.4111111111111111 0.005208333333333333 0.011111111111111112
4 0.4708333333333333 0.4148148148148148 0.004166666666666667 0.009259259259259259
1 0.47291666666666665 0.42592592592592593 0.004166666666666667 0.011111111111111112
2 0.4739583333333333 0.4351851851851852 0.003125 0.005555555555555556
2 0.45729166666666665 0.45740740740740743 0.007291666666666667 0.012962962962962963
1 0.459375 0.45185185185185184 0.004166666666666667 0.012962962962962963
3 0.5333333333333333 0.45740740740740743 0.016666666666666666 0.02962962962962963
1 0.478125 0.4740740740740741 0.007291666666666667 0.012962962962962963
4 0.4791666666666667 0.4777777777777778 0.00625 0.016666666666666666
3 0.540625 0.5 0.016666666666666666 0.03148148148148148
3 0.5375 0.48518518518518516 0.017708333333333333 0.027777777777777776
1 0.5104166666666666 0.5111111111111111 0.007291666666666667 0.016666666666666666
4 0.5104166666666666 0.5185185185185185 0.007291666666666667 0.018518518518518517
2 0.3489583333333333 0.6129629629629629 0.030208333333333334 0.04259259259259259
1 0.365625 0.6462962962962963 0.007291666666666667 0.037037037037037035
4 0.16041666666666668 0.837037037037037 0.03125 0.053703703703703705
4 0.18958333333333333 0.7833333333333333 0.03125 0.03518518518518519
2 0.13958333333333334 0.8407407407407408 0.026041666666666668 0.03888888888888889
1 0.3375 0.7833333333333333 0.008333333333333333 0.05185185185185185
4 0.3802083333333333 0.6574074074074074 0.011458333333333333 0.027777777777777776
3 0.5479166666666667 0.5444444444444444 0.036458333333333336 0.08148148148148149
3 0.5166666666666667 0.8703703703703703 0.04895833333333333 0.1
3 0.5979166666666667 0.8481481481481481 0.046875 0.08888888888888889
1 0.4083333333333333 0.674074074074074 0.009375 0.040740740740740744
1 0.41041666666666665 0.6759259259259259 0.007291666666666667 0.03148148148148148
4 0.409375 0.687037037037037 0.008333333333333333 0.03518518518518519
1 0.48125 0.687037037037037 0.010416666666666666 0.03888888888888889
4 0.48125 0.6962962962962963 0.010416666666666666 0.03888888888888889
1 0.5270833333333333 0.6722222222222223 0.008333333333333333 0.027777777777777776
1 0.525 0.6703703703703704 0.010416666666666666 0.02962962962962963
4 0.525 0.6777777777777778 0.010416666666666666 0.03333333333333333
4 0.58125 0.762962962962963 0.013541666666666667 0.040740740740740744
