44 0.8667235494880545 0.6033593749999999 0.017235494880546074 0.046578125
44 0.3434982935153583 0.6032968750000001 0.013976109215017064 0.039390625
44 0.8042150170648464 0.45796875000000004 0.016160409556313995 0.037890625
44 0.8216552901023891 0.46071875 0.016092150170648464 0.034515625
44 0.14100682593856653 0.463265625 0.015017064846416383 0.037390625
44 0.20465870307167236 0.46889062499999995 0.014419795221843001 0.03909375
44 0.11889078498293516 0.48092187500000005 0.010204778156996587 0.028703125000000003
44 0.3091467576791809 0.47062499999999996 0.013890784982935155 0.032828125
44 0.29870307167235494 0.4650625 0.012713310580204779 0.040015625
44 0.09399317406143344 0.493765625 0.012184300341296929 0.020265625000000002
44 0.29249146757679184 0.6163125 0.012781569965870307 0.03471875
44 0.9121843003412968 0.46987500000000004 0.022098976109215015 0.02521875
44 0.9063993174061433 0.443640625 0.015938566552901025 0.0419375
44 0.2235494880546075 0.459375 0.1962457337883959 0.196875
