18 0.119359375 0.5744921875 0.248375 0.3608984375
2 0.4774375 0.44998046875 0.183 0.4764453125
2 0.752765625 0.4703125 0.178921875 0.467734375
2 0.5815 0.50322265625 0.12215625000000001 0.37205078125
3 0.005156249999999999 0.33978515625 0.18753124999999998 0.25162109375
3 0.9115624999999999 0.33404296875 0.050234375 0.06349609375
1 0.462828125 0.26134765625 0.22353125000000001 0.65708984375
1 0.707921875 0.23427734375 0.212953125 0.6980859375
27 0.65078125 0.3192578125 0.20495312499999999 0.14380859375
1 0.549671875 0.24763671875 0.165734375 0.23796875
2 0.808609375 0.30412109375 0.049453125 0.0472265625
8 0.28495312500000003 0.223515625 0.22415625 0.18140625
3 0.69675 0.3045703125 0.029359375 0.0341015625
