4 0.0194375 0.48142857142857143 0.354734375 0.2852927400468384
6 0.448640625 0.13573770491803278 0.165546875 0.2594145199063232
1 0.67353125 0.17360655737704916 0.01065625 0.05192037470725996
1 0.08637500000000001 0.2766978922716628 0.023953125 0.058618266978922716
3 0.63253125 0.32761124121779855 0.20771875 0.23475409836065572
3 0.58003125 0.5180093676814989 0.41996874999999995 0.4707259953161593
3 0.0 0.34779859484777514 0.0786875 0.24236533957845433
3 0.0115 0.3407494145199063 0.12060937499999999 0.22096018735362996
3 0.047421875 0.32765807962529275 0.127609375 0.1721311475409836
3 0.133921875 0.3209133489461358 0.087953125 0.1302576112412178
6 0.680171875 0.10255269320843091 0.066859375 0.1316861826697892
8 0.68221875 0.1024824355971897 0.069125 0.11936768149882904
8 0.7638281250000001 0.2093911007025761 0.11529687500000001 0.11339578454332554
8 0.71978125 0.17960187353629975 0.10004687500000001 0.07564402810304449
1 0.949546875 0.33039812646370026 0.050453125 0.17185011709601872
3 0.24451562500000001 0.27217798594847775 0.08971875 0.11756440281030446
3 0.6444687499999999 0.25149882903981263 0.092640625 0.11489461358313818
3 0.37439062500000003 0.2670257611241218 0.0804375 0.10161592505854801
3 0.232921875 0.28875878220140516 0.076421875 0.13552693208430913
3 0.730046875 0.2411007025761124 0.08642187500000001 0.09456674473067916
3 0.633640625 0.19512880562060889 0.051390625 0.062154566744730674
4 0.153828125 0.3609367681498829 0.053640625 0.12117096018735364
3 0.8336874999999999 0.31718969555035126 0.1303125 0.16405152224824354
4 0.7033437499999999 0.055175644028103044 0.00621875 0.009016393442622951
1 0.134859375 0.3121779859484778 0.1410625 0.4070023419203747
3 0.153125 0.00234192037470726 0.8453125 0.6838407494145199
