8 0.7573529411764706 0.040522875816993466 0.2411764705882353 0.17647058823529413
2 0.8205882352941176 0.18169934640522875 0.061764705882352944 0.043137254901960784
1 0.8330882352941177 0.17254901960784313 0.01764705882352941 0.048366013071895426
1 0.5294117647058824 0.026143790849673203 0.011764705882352941 0.043137254901960784
4 0.5264705882352941 0.036601307189542485 0.01764705882352941 0.040522875816993466
1 0.5257352941176471 0.013071895424836602 0.008088235294117648 0.044444444444444446
1 0.5316176470588235 0.00522875816993464 0.007352941176470588 0.04183006535947712
1 0.5404411764705882 0.01045751633986928 0.008823529411764706 0.048366013071895426
1 0.5514705882352942 0.032679738562091505 0.011764705882352941 0.048366013071895426
4 0.5485294117647059 0.048366013071895426 0.013970588235294118 0.03529411764705882
1 0.5698529411764706 0.03790849673202614 0.008823529411764706 0.03790849673202614
1 0.5772058823529411 0.02875816993464052 0.008088235294117648 0.04183006535947712
1 0.5801470588235295 0.036601307189542485 0.011029411764705883 0.050980392156862744
1 0.575 0.050980392156862744 0.006617647058823529 0.036601307189542485
1 0.5933823529411765 0.043137254901960784 0.008088235294117648 0.048366013071895426
1 0.6044117647058823 0.036601307189542485 0.011764705882352941 0.047058823529411764
1 0.6044117647058823 0.058823529411764705 0.011029411764705883 0.040522875816993466
1 0.6051470588235294 0.08627450980392157 0.008088235294117648 0.018300653594771243
1 0.6125 0.06143790849673202 0.009558823529411765 0.05359477124183006
1 0.6404411764705882 0.02091503267973856 0.009558823529411765 0.05228758169934641
1 0.6602941176470588 0.030065359477124184 0.011764705882352941 0.047058823529411764
1 0.6470588235294118 0.02091503267973856 0.011764705882352941 0.0457516339869281
1 0.6757352941176471 0.027450980392156862 0.010294117647058823 0.04967320261437908
1 0.5014705882352941 0.03398692810457516 0.0125 0.04967320261437908
1 0.513235294117647 0.08366013071895424 0.008823529411764706 0.044444444444444446
1 0.5198529411764706 0.0784313725490196 0.011029411764705883 0.05228758169934641
1 0.5529411764705883 0.11895424836601307 0.0125 0.058823529411764705
1 0.5007352941176471 0.12287581699346405 0.008823529411764706 0.03398692810457516
1 0.49117647058823527 0.10718954248366012 0.0125 0.05359477124183006
1 0.45294117647058824 0.030065359477124184 0.013235294117647059 0.036601307189542485
4 0.4522058823529412 0.0392156862745098 0.016911764705882352 0.0392156862745098
3 0.40147058823529413 0.08235294117647059 0.0713235294117647 0.07320261437908497
1 0.3801470588235294 0.10326797385620914 0.013235294117647059 0.05620915032679739
4 0.3720588235294118 0.11895424836601307 0.027941176470588237 0.03790849673202614
3 0.3426470588235294 0.0 0.0375 0.032679738562091505
1 0.39191176470588235 0.23529411764705882 0.016176470588235296 0.06535947712418301
1 0.40588235294117647 0.2549019607843137 0.015441176470588236 0.0457516339869281
1 0.4198529411764706 0.3111111111111111 0.011764705882352941 0.06535947712418301
1 0.3911764705882353 0.4888888888888889 0.016911764705882352 0.050980392156862744
1 0.40147058823529413 0.4875816993464052 0.021323529411764706 0.05359477124183006
4 0.3963235294117647 0.5111111111111111 0.03235294117647059 0.05228758169934641
2 0.6161764705882353 0.27450980392156865 0.08455882352941177 0.06143790849673202
1 0.6330882352941176 0.25882352941176473 0.01911764705882353 0.050980392156862744
3 0.5727941176470588 0.29673202614379085 0.09852941176470588 0.10065359477124183
3 0.20955882352941177 0.8052287581699347 0.1698529411764706 0.15294117647058825
1 0.21102941176470588 0.7777777777777778 0.016176470588235296 0.0784313725490196
1 0.22426470588235295 0.7816993464052288 0.02426470588235294 0.07320261437908497
1 0.22573529411764706 0.7450980392156863 0.025 0.07450980392156863
1 0.20661764705882352 0.7124183006535948 0.025 0.08104575163398693
1 0.2551470588235294 0.726797385620915 0.022058823529411766 0.08104575163398693
1 0.24779411764705883 0.673202614379085 0.022794117647058822 0.06274509803921569
3 0.061764705882352944 0.5568627450980392 0.15 0.15947712418300652
3 0.008088235294117648 0.040522875816993466 0.07426470588235294 0.09673202614379085
1 0.16323529411764706 0.12810457516339868 0.016176470588235296 0.032679738562091505
1 0.1661764705882353 0.11895424836601307 0.016911764705882352 0.03137254901960784
4 0.16691176470588234 0.12810457516339868 0.01838235294117647 0.050980392156862744
1 0.2088235294117647 0.09019607843137255 0.015441176470588236 0.03529411764705882
1 0.21323529411764705 0.07320261437908497 0.013235294117647059 0.036601307189542485
4 0.21323529411764705 0.08888888888888889 0.016911764705882352 0.0457516339869281
3 0.7764705882352941 0.3464052287581699 0.12058823529411765 0.09803921568627451
