8 0.4198529411764706 0.550326797385621 0.20441176470588235 0.15816993464052287
8 0.3536764705882353 0.4013071895424837 0.20441176470588235 0.16601307189542483
3 0.3860294117647059 0.40522875816993464 0.08014705882352942 0.05359477124183006
3 0.3830882352941177 0.3503267973856209 0.07647058823529412 0.06143790849673202
3 0.37058823529411766 0.3215686274509804 0.07573529411764705 0.06143790849673202
3 0.34852941176470587 0.2901960784313726 0.06911764705882353 0.06405228758169934
3 0.3323529411764706 0.2718954248366013 0.061764705882352944 0.05620915032679739
8 0.28308823529411764 0.16470588235294117 0.14926470588235294 0.13202614379084968
3 0.2661764705882353 0.1830065359477124 0.045588235294117645 0.06405228758169934
3 0.08088235294117647 0.08627450980392157 0.02426470588235294 0.040522875816993466
8 0.38823529411764707 0.6784313725490196 0.1948529411764706 0.19084967320261437
3 0.4470588235294118 0.9241830065359478 0.12426470588235294 0.07581699346405228
8 0.7845588235294118 0.3686274509803922 0.21544117647058825 0.13071895424836602
8 0.7 0.19084967320261437 0.23455882352941176 0.12287581699346405
8 0.22941176470588234 0.03137254901960784 0.09632352941176471 0.14248366013071895
8 0.2757352941176471 0.01568627450980392 0.09264705882352942 0.13986928104575164
8 0.3176470588235294 0.00392156862745098 0.08308823529411764 0.13856209150326798
8 0.39191176470588235 0.0 0.07794117647058824 0.12026143790849673
8 0.4264705882352941 0.0 0.07352941176470588 0.10196078431372549
8 0.4889705882352941 0.0 0.07867647058823529 0.09411764705882353
8 0.513235294117647 0.0 0.07352941176470588 0.07058823529411765
8 0.5911764705882353 0.0 0.061764705882352944 0.07581699346405228
3 0.8205882352941176 0.10457516339869281 0.03235294117647059 0.03790849673202614
3 0.8301470588235295 0.09281045751633987 0.03235294117647059 0.0392156862745098
3 0.8382352941176471 0.07450980392156863 0.03602941176470588 0.050980392156862744
3 0.8455882352941176 0.06666666666666667 0.03235294117647059 0.03790849673202614
8 0.861764705882353 0.011764705882352941 0.13823529411764707 0.08758169934640522
