3 0.4625 0.6261437908496732 0.15514705882352942 0.18562091503267975
3 0.40808823529411764 0.44836601307189544 0.13308823529411765 0.14901960784313725
1 0.6808823529411765 0.44575163398692813 0.01764705882352941 0.08888888888888889
4 0.6522058823529412 0.469281045751634 0.0625 0.06013071895424837
3 0.6573529411764706 0.28888888888888886 0.09705882352941177 0.13333333333333333
3 0.04191176470588235 0.6183006535947713 0.21029411764705883 0.23529411764705882
3 0.15294117647058825 0.796078431372549 0.2411764705882353 0.2
3 0.6470588235294118 0.7124183006535948 0.1786764705882353 0.2222222222222222
2 0.9235294117647059 0.4130718954248366 0.07426470588235294 0.13725490196078433
3 0.6757352941176471 0.19215686274509805 0.09044117647058823 0.07320261437908497
1 0.6080882352941176 0.1738562091503268 0.014705882352941176 0.05228758169934641
1 0.25588235294117645 0.17516339869281045 0.009558823529411765 0.06013071895424837
2 0.0022058823529411764 0.30980392156862746 0.01764705882352941 0.07058823529411765
1 0.0 0.29411764705882354 0.01911764705882353 0.0784313725490196
3 0.0 0.16993464052287582 0.05661764705882353 0.0915032679738562
3 0.0 0.12941176470588237 0.03676470588235294 0.07973856209150326
1 0.33088235294117646 0.18169934640522875 0.014705882352941176 0.05620915032679739
1 0.34044117647058825 0.19215686274509805 0.008823529411764706 0.0392156862745098
1 0.34338235294117647 0.17908496732026144 0.011764705882352941 0.06143790849673202
1 0.41544117647058826 0.12156862745098039 0.013235294117647059 0.054901960784313725
2 0.3889705882352941 0.12156862745098039 0.011029411764705883 0.040522875816993466
3 0.26323529411764707 0.06143790849673202 0.047058823529411764 0.06274509803921569
1 0.27647058823529413 0.02875816993464052 0.008088235294117648 0.044444444444444446
1 0.3477941176470588 0.06666666666666667 0.014705882352941176 0.02875816993464052
3 0.8691176470588236 0.2235294117647059 0.07720588235294118 0.08888888888888889
3 0.9088235294117647 0.1437908496732026 0.05588235294117647 0.06535947712418301
3 0.9676470588235294 0.11764705882352941 0.03235294117647059 0.0718954248366013
4 0.775 0.1803921568627451 0.033823529411764704 0.043137254901960784
1 0.7294117647058823 0.1437908496732026 0.008823529411764706 0.0457516339869281
1 0.7235294117647059 0.13986928104575164 0.010294117647058823 0.040522875816993466
3 0.7095588235294118 0.11241830065359477 0.060294117647058824 0.06405228758169934
3 0.6948529411764706 0.08758169934640522 0.05955882352941176 0.050980392156862744
4 0.674264705882353 0.14901960784313725 0.01911764705882353 0.026143790849673203
1 0.6816176470588236 0.08496732026143791 0.008823529411764706 0.04967320261437908
1 0.49558823529411766 0.17254901960784313 0.013970588235294118 0.06405228758169934
1 0.4904411764705882 0.17124183006535948 0.0125 0.05620915032679739
1 0.4102941176470588 0.0784313725490196 0.009558823529411765 0.03398692810457516
1 0.39338235294117646 0.01437908496732026 0.009558823529411765 0.04183006535947712
1 0.3522058823529412 0.01437908496732026 0.010294117647058823 0.03529411764705882
