3 0.33645833333333336 0.5185185185185185 0.04375 0.06111111111111111
2 0.3885416666666667 0.5092592592592593 0.030208333333333334 0.044444444444444446
2 0.36875 0.45925925925925926 0.019791666666666666 0.03888888888888889
4 0.3385416666666667 0.42777777777777776 0.010416666666666666 0.027777777777777776
4 0.43125 0.4351851851851852 0.015625 0.03518518518518519
4 0.44895833333333335 0.47962962962962963 0.015625 0.037037037037037035
2 0.459375 0.4666666666666667 0.027083333333333334 0.037037037037037035
2 0.39791666666666664 0.38333333333333336 0.017708333333333333 0.03333333333333333
2 0.35 0.35185185185185186 0.022916666666666665 0.02962962962962963
3 0.37083333333333335 0.31666666666666665 0.036458333333333336 0.03148148148148148
3 0.3020833333333333 0.36666666666666664 0.04375 0.037037037037037035
3 0.20104166666666667 0.3611111111111111 0.04895833333333333 0.044444444444444446
4 0.17916666666666667 0.37962962962962965 0.01875 0.02962962962962963
1 0.17916666666666667 0.40370370370370373 0.010416666666666666 0.027777777777777776
2 0.175 0.4074074074074074 0.029166666666666667 0.02962962962962963
3 0.09791666666666667 0.387037037037037 0.06041666666666667 0.053703703703703705
3 0.0 0.43703703703703706 0.04583333333333333 0.03888888888888889
3 0.153125 0.1259259259259259 0.015625 0.012962962962962963
3 0.13229166666666667 0.1537037037037037 0.011458333333333333 0.014814814814814815
3 0.16354166666666667 0.20925925925925926 0.016666666666666666 0.020370370370370372
2 0.023958333333333335 0.6018518518518519 0.026041666666666668 0.06296296296296296
1 0.578125 0.8055555555555556 0.013541666666666667 0.053703703703703705
3 0.8583333333333333 0.8759259259259259 0.08333333333333333 0.1111111111111111
