1 0.10583162217659138 0.329078125 0.5556673511293635 0.550328125
1 0.5421560574948665 0.471109375 0.09080082135523614 0.34865625
38 0.5209034907597536 0.42417187500000003 0.34854209445585216 0.189765625
1 0.8328952772073922 0.35095312500000003 0.016878850102669405 0.021640625
1 0.8966529774127311 0.3453125 0.034455852156057495 0.020171875
1 0.9749281314168379 0.34382812500000004 0.011232032854209446 0.0120625
1 0.24681724845995895 0.340578125 0.015338809034907598 0.026500000000000003
1 0.21852156057494868 0.34195312499999997 0.014168377823408625 0.024890625
1 0.7901437371663245 0.34609375 0.016303901437371666 0.027234374999999998
1 0.9402464065708418 0.348140625 0.014599589322381932 0.013328125
1 0.8575975359342916 0.33709375 0.00860369609856263 0.0138125
