28 0.125265625 0.5197783933518005 0.083109375 0.1211634349030471
28 0.377328125 0.5729916897506925 0.101953125 0.11972299168975069
28 0.496875 0.7325761772853185 0.20407812500000003 0.24944598337950138
28 0.8651249999999999 0.6359279778393352 0.12990625 0.19099722991689752
28 0.0 0.6359556786703602 0.10774999999999998 0.1640443213296399
1 0.29740625 0.3611080332409973 0.026359375 0.0714404432132964
1 0.33559375 0.3231578947368421 0.02809375 0.11797783933518007
1 0.38853125 0.34692520775623265 0.025796875000000004 0.09858725761772855
1 0.554125 0.33493074792243765 0.035171875000000005 0.10961218836565097
1 0.099765625 0.326786703601108 0.0374375 0.15692520775623267
1 0.8280625 0.305207756232687 0.02803125 0.10002770083102493
1 0.251359375 0.30750692520775624 0.037765625000000004 0.15094182825484764
27 0.072421875 0.49808864265927977 0.032468750000000005 0.04806094182825485
1 0.2438125 0.31274238227146817 0.013921875 0.09069252077562327
1 0.216296875 0.3319667590027701 0.036546875 0.19210526315789472
27 0.25953125 0.3722437673130194 0.006562500000000001 0.023795013850415513
28 0.0 0.5334349030470914 0.040828125 0.0903601108033241
