27 0.6824600000000001 0.5985928143712576 0.03252 0.077874251497006
1 0.6586000000000001 0.5292215568862275 0.04354 0.19550898203592815
1 0.77238 0.6049401197604791 0.07402 0.10167664670658683
1 0.79844 0.5676646706586826 0.08688 0.1277245508982036
1 0.42272000000000004 0.6689820359281438 0.01796 0.04574850299401197
1 0.51598 0.6787724550898204 0.00694 0.015538922155688624
1 0.94056 0.6330239520958084 0.0292 0.07922155688622755
1 0.96286 0.6469461077844312 0.022699999999999998 0.029940119760479042
1 0.55616 0.6354191616766467 0.02222 0.06125748502994012
1 0.62088 0.6269461077844312 0.01426 0.04497005988023952
1 0.048659999999999995 0.7178443113772455 0.0125 0.03535928143712575
1 0.21875999999999998 0.5875748502994012 0.011779999999999999 0.035658682634730536
1 0.6293200000000001 0.6497005988023952 0.0123 0.04152694610778443
9 0.18524000000000002 0.6648203592814371 0.03762 0.059970059880239526
28 0.84884 0.5479041916167665 0.11646 0.1391616766467066
31 0.6956 0.6060179640718563 0.011380000000000001 0.046826347305389225
9 0.92468 0.6679940119760479 0.07514 0.04275449101796407
42 0.3882 0.6908383233532934 0.20986000000000002 0.04577844311377245
31 0.6945 0.6518562874251497 0.020579999999999998 0.02661676646706587
38 0.30798000000000003 0.6221856287425149 0.01088 0.028952095808383232
38 0.369 0.6892814371257485 0.2296 0.0542814371257485
28 0.75146 0.6394910179640718 0.03312 0.01907185628742515
1 0.262 0.6766467065868264 0.166 0.0658682634730539
