72 0.423171875 0.09983606557377049 0.138265625 0.2361592505854801
72 0.298515625 0.4164871194379391 0.05228125 0.20824355971896955
62 0.608234375 0.33943793911007025 0.23293750000000002 0.5775878220140516
73 0.2898125 0.40850117096018734 0.17240625 0.22859484777517564
76 0.48326562500000003 0.3926463700234192 0.09390625 0.06887587822014052
76 0.52059375 0.4138407494145199 0.11009374999999999 0.06768149882903982
84 0.46681249999999996 0.4862060889929743 0.105484375 0.07292740046838407
47 0.59165625 0.3311007025761124 0.027125 0.04243559718969555
74 0.637296875 0.36768149882903983 0.033187499999999995 0.02159250585480094
74 0.639859375 0.39810304449648715 0.006500000000000001 0.006651053864168618
74 0.6408750000000001 0.39088992974238873 0.026484374999999998 0.022763466042154568
74 0.597796875 0.39522248243559716 0.030703124999999998 0.016416861826697892
