3 0.23385416666666667 0.825925925925926 0.20885416666666667 0.17407407407407408
1 0.7984375 0.7759259259259259 0.052083333333333336 0.21666666666666667
2 0.7875 0.8481481481481481 0.06145833333333333 0.15185185185185185
2 0.0026041666666666665 0.7314814814814815 0.0546875 0.11666666666666667
1 0.06770833333333333 0.6824074074074075 0.058333333333333334 0.20185185185185187
1 0.07604166666666666 0.6620370370370371 0.0421875 0.1638888888888889
1 0.1234375 0.6277777777777778 0.046875 0.16018518518518518
1 0.2078125 0.6435185185185185 0.035416666666666666 0.1824074074074074
1 0.2453125 0.6851851851851852 0.035416666666666666 0.15555555555555556
2 0.23229166666666667 0.7722222222222223 0.049479166666666664 0.11018518518518519
3 0.37447916666666664 0.6416666666666667 0.08645833333333333 0.13518518518518519
3 0.4947916666666667 0.6 0.06614583333333333 0.1175925925925926
2 0.28854166666666664 0.5777777777777777 0.01875 0.04814814814814815
4 0.3125 0.5583333333333333 0.026041666666666668 0.05277777777777778
1 0.3411458333333333 0.5805555555555556 0.021354166666666667 0.06759259259259259
2 0.3411458333333333 0.6194444444444445 0.016145833333333335 0.06481481481481481
3 0.4265625 0.5685185185185185 0.04791666666666667 0.07407407407407407
3 0.49895833333333334 0.5638888888888889 0.04583333333333333 0.05555555555555555
3 0.4984375 0.5527777777777778 0.034895833333333334 0.03981481481481482
3 0.496875 0.5416666666666666 0.0328125 0.03518518518518519
3 0.4401041666666667 0.5453703703703704 0.035416666666666666 0.04259259259259259
3 0.45208333333333334 0.5342592592592592 0.027604166666666666 0.037037037037037035
3 0.46458333333333335 0.5222222222222223 0.022395833333333334 0.028703703703703703
3 0.4713541666666667 0.5055555555555555 0.015625 0.026851851851851852
3 0.4739583333333333 0.4962962962962963 0.015104166666666667 0.03425925925925926
3 0.4890625 0.5111111111111111 0.016145833333333335 0.022222222222222223
3 0.49270833333333336 0.5046296296296297 0.008854166666666666 0.014814814814814815
3 0.4921875 0.4962962962962963 0.010416666666666666 0.018518518518518517
1 0.3875 0.512962962962963 0.0067708333333333336 0.032407407407407406
2 0.38645833333333335 0.5324074074074074 0.008333333333333333 0.023148148148148147
1 0.3984375 0.5185185185185185 0.00625 0.026851851851851852
4 0.3953125 0.5342592592592592 0.018229166666666668 0.025
1 0.43645833333333334 0.5222222222222223 0.0046875 0.012962962962962963
1 0.43645833333333334 0.512962962962963 0.005729166666666666 0.019444444444444445
2 0.4359375 0.5259259259259259 0.005208333333333333 0.018518518518518517
1 0.603125 0.6101851851851852 0.019791666666666666 0.09351851851851851
2 0.6052083333333333 0.6462962962962963 0.0109375 0.07037037037037037
1 0.6296875 0.6138888888888889 0.020833333333333332 0.08611111111111111
2 0.6286458333333333 0.6453703703703704 0.022916666666666665 0.0712962962962963
1 0.5614583333333333 0.5777777777777777 0.017708333333333333 0.05092592592592592
4 0.559375 0.5925925925925926 0.016145833333333335 0.058333333333333334
1 0.5947916666666667 0.575925925925926 0.0140625 0.06111111111111111
2 0.59375 0.5990740740740741 0.0125 0.05092592592592592
1 0.5604166666666667 0.5462962962962963 0.009375 0.04722222222222222
2 0.5598958333333334 0.5694444444444444 0.0067708333333333336 0.03148148148148148
3 0.5598958333333334 0.5324074074074074 0.05364583333333333 0.040740740740740744
3 0.5973958333333333 0.5166666666666667 0.03958333333333333 0.03425925925925926
1 0.646875 0.5324074074074074 0.0078125 0.028703703703703703
3 0.5729166666666666 0.512962962962963 0.034895833333333334 0.025925925925925925
3 0.5666666666666667 0.5120370370370371 0.028125 0.026851851851851852
3 0.5614583333333333 0.5111111111111111 0.025520833333333333 0.020370370370370372
1 0.5510416666666667 0.5101851851851852 0.005208333333333333 0.020370370370370372
2 0.5515625 0.524074074074074 0.0036458333333333334 0.018518518518518517
3 0.5489583333333333 0.5101851851851852 0.022916666666666665 0.016666666666666666
3 0.5453125 0.5027777777777778 0.022916666666666665 0.019444444444444445
1 0.54375 0.524074074074074 0.0046875 0.020370370370370372
2 0.5432291666666667 0.5361111111111111 0.004166666666666667 0.020370370370370372
1 0.5317708333333333 0.5222222222222223 0.005729166666666666 0.019444444444444445
1 0.5364583333333334 0.5194444444444445 0.0036458333333333334 0.018518518518518517
2 0.5317708333333333 0.5361111111111111 0.0046875 0.018518518518518517
2 0.5359375 0.5314814814814814 0.004166666666666667 0.018518518518518517
1 0.5260416666666666 0.5185185185185185 0.005208333333333333 0.01574074074074074
2 0.5260416666666666 0.5305555555555556 0.004166666666666667 0.01574074074074074
1 0.5208333333333334 0.5203703703703704 0.0036458333333333334 0.016666666666666666
2 0.5213541666666667 0.5333333333333333 0.0036458333333333334 0.012962962962962963
1 0.5140625 0.5092592592592593 0.004166666666666667 0.018518518518518517
4 0.5140625 0.5203703703703704 0.0036458333333333334 0.013888888888888888
1 0.5098958333333333 0.5083333333333333 0.005729166666666666 0.013888888888888888
2 0.5104166666666666 0.5194444444444445 0.0036458333333333334 0.012962962962962963
