3 0.6669117647058823 0.5477124183006536 0.04926470588235294 0.10065359477124183
3 0.7301470588235294 0.6013071895424836 0.06102941176470588 0.10718954248366012
3 0.7955882352941176 0.6352941176470588 0.07058823529411765 0.11372549019607843
3 0.8485294117647059 0.6026143790849673 0.0625 0.10588235294117647
3 0.9264705882352942 0.6287581699346405 0.05808823529411765 0.11503267973856209
3 0.35441176470588237 0.28627450980392155 0.030147058823529412 0.04967320261437908
3 0.30367647058823527 0.3215686274509804 0.04485294117647059 0.05620915032679739
3 0.24779411764705883 0.1803921568627451 0.03676470588235294 0.03137254901960784
3 0.3492647058823529 0.12549019607843137 0.03602941176470588 0.027450980392156862
3 0.39191176470588235 0.09673202614379085 0.03676470588235294 0.02875816993464052
3 0.4036764705882353 0.23137254901960785 0.03602941176470588 0.05228758169934641
3 0.5911764705882353 0.5176470588235295 0.05588235294117647 0.09281045751633987
3 0.3536764705882353 0.7620915032679738 0.09485294117647058 0.17124183006535948
3 0.41911764705882354 0.7934640522875817 0.09705882352941177 0.16732026143790849
3 0.6 0.8941176470588236 0.09632352941176471 0.10588235294117647
3 0.700735294117647 0.9150326797385621 0.06985294117647059 0.08496732026143791
3 0.16838235294117648 0.22483660130718955 0.05514705882352941 0.0392156862745098
3 0.2610294117647059 0.16862745098039217 0.03308823529411765 0.030065359477124184
3 0.36470588235294116 0.11764705882352941 0.030882352941176472 0.02875816993464052
3 0.41544117647058826 0.08235294117647059 0.03235294117647059 0.03398692810457516
3 0.39044117647058824 0.33464052287581697 0.05073529411764706 0.05620915032679739
3 0.21838235294117647 0.7647058823529411 0.09926470588235294 0.15947712418300652
3 0.13455882352941176 0.7450980392156863 0.1 0.15816993464052287
3 0.014705882352941176 0.6705882352941176 0.10073529411764706 0.1568627450980392
3 0.0 0.8758169934640523 0.06544117647058824 0.12418300653594772
3 0.07720588235294118 0.32679738562091504 0.05220588235294118 0.06535947712418301
3 0.4948529411764706 0.8248366013071895 0.08455882352941177 0.17516339869281045
3 0.4235294117647059 0.1542483660130719 0.0375 0.032679738562091505
3 0.3860294117647059 0.17254901960784313 0.04852941176470588 0.043137254901960784
3 0.33088235294117646 0.21830065359477124 0.04926470588235294 0.044444444444444446
3 0.31029411764705883 0.23529411764705882 0.05 0.043137254901960784
1 0.2897058823529412 0.23660130718954248 0.010294117647058823 0.040522875816993466
1 0.4102941176470588 0.3477124183006536 0.007352941176470588 0.047058823529411764
1 0.4176470588235294 0.4797385620915033 0.013235294117647059 0.05751633986928104
1 0.4139705882352941 0.4562091503267974 0.010294117647058823 0.05359477124183006
1 0.4632352941176471 0.5137254901960784 0.010294117647058823 0.047058823529411764
1 0.4426470588235294 0.5084967320261438 0.010294117647058823 0.048366013071895426
1 0.015441176470588236 0.46797385620915033 0.014705882352941176 0.058823529411764705
1 0.06470588235294118 0.5241830065359477 0.014705882352941176 0.054901960784313725
3 0.0 0.4300653594771242 0.03529411764705882 0.07973856209150326
1 0.3801470588235294 0.3437908496732026 0.009558823529411765 0.054901960784313725
1 0.38676470588235295 0.3516339869281046 0.008823529411764706 0.05620915032679739
1 0.39705882352941174 0.3607843137254902 0.015441176470588236 0.047058823529411764
1 0.4161764705882353 0.3568627450980392 0.006617647058823529 0.04967320261437908
1 0.38088235294117645 0.4888888888888889 0.013235294117647059 0.043137254901960784
1 0.4022058823529412 0.4980392156862745 0.016176470588235296 0.0392156862745098
1 0.48823529411764705 0.5058823529411764 0.011029411764705883 0.040522875816993466
1 0.48308823529411765 0.4928104575163399 0.009558823529411765 0.03790849673202614
1 0.4904411764705882 0.4954248366013072 0.009558823529411765 0.026143790849673203
1 0.5014705882352941 0.49673202614379086 0.011764705882352941 0.036601307189542485
1 0.49926470588235294 0.4875816993464052 0.009558823529411765 0.032679738562091505
1 0.2595588235294118 0.37516339869281046 0.013235294117647059 0.03790849673202614
1 0.2073529411764706 0.24052287581699347 0.007352941176470588 0.040522875816993466
1 0.21985294117647058 0.25098039215686274 0.008823529411764706 0.026143790849673203
1 0.22058823529411764 0.2679738562091503 0.0058823529411764705 0.022222222222222223
3 0.42205882352941176 0.2196078431372549 0.03676470588235294 0.044444444444444446
4 0.48308823529411765 0.44313725490196076 0.01911764705882353 0.03790849673202614
4 0.4985294117647059 0.44836601307189544 0.016176470588235296 0.043137254901960784
1 0.44191176470588234 0.47320261437908495 0.010294117647058823 0.054901960784313725
1 0.5727941176470588 0.5895424836601307 0.011764705882352941 0.03529411764705882
4 0.4338235294117647 0.40784313725490196 0.027941176470588237 0.030065359477124184
4 0.40294117647058825 0.4235294117647059 0.029411764705882353 0.02483660130718954
4 0.40808823529411764 0.41568627450980394 0.027205882352941177 0.02091503267973856
4 0.4213235294117647 0.40784313725490196 0.02426470588235294 0.030065359477124184
4 0.6661764705882353 0.43790849673202614 0.01911764705882353 0.043137254901960784
4 0.6529411764705882 0.42483660130718953 0.021323529411764706 0.0457516339869281
2 0.5602941176470588 0.5764705882352941 0.054411764705882354 0.07450980392156863
2 0.5147058823529411 0.4849673202614379 0.04411764705882353 0.12026143790849673
2 0.4161764705882353 0.5333333333333333 0.08161764705882353 0.10718954248366012
2 0.3323529411764706 0.5098039215686274 0.07573529411764705 0.10718954248366012
2 0.4117647058823529 0.4222222222222222 0.06838235294117648 0.08888888888888889
