3 0.6080882352941176 0.7660130718954249 0.06544117647058824 0.14248366013071895
3 0.5955882352941176 0.6287581699346405 0.04779411764705882 0.08758169934640522
8 0.5676470588235294 0.4549019607843137 0.045588235294117645 0.10196078431372549
3 0.7433823529411765 0.803921568627451 0.0875 0.11764705882352941
8 0.8132352941176471 0.6431372549019608 0.08529411764705883 0.13594771241830064
3 0.7411764705882353 0.526797385620915 0.05220588235294118 0.0784313725490196
4 0.15955882352941175 0.7398692810457517 0.019852941176470587 0.058823529411764705
1 0.15955882352941175 0.7254901960784313 0.01838235294117647 0.04967320261437908
3 0.12941176470588237 0.5869281045751634 0.057352941176470586 0.08496732026143791
3 0.2161764705882353 0.4522875816993464 0.04338235294117647 0.06013071895424837
3 0.14926470588235294 0.4287581699346405 0.06911764705882353 0.044444444444444446
3 0.13455882352941176 0.3790849673202614 0.03897058823529412 0.047058823529411764
3 0.2963235294117647 0.3437908496732026 0.027205882352941177 0.036601307189542485
8 0.18823529411764706 0.3254901960784314 0.029411764705882353 0.044444444444444446
3 0.24632352941176472 0.29934640522875816 0.045588235294117645 0.040522875816993466
1 0.28088235294117647 0.39477124183006534 0.007352941176470588 0.0392156862745098
1 0.2838235294117647 0.39477124183006534 0.004411764705882353 0.018300653594771243
1 0.0007352941176470588 0.38823529411764707 0.011764705882352941 0.040522875816993466
4 0.054411764705882354 0.3516339869281046 0.01764705882352941 0.02875816993464052
1 0.15588235294117647 0.33202614379084966 0.007352941176470588 0.032679738562091505
1 0.16397058823529412 0.33202614379084966 0.008823529411764706 0.032679738562091505
1 0.12279411764705882 0.2901960784313726 0.008088235294117648 0.030065359477124184
1 0.1514705882352941 0.29934640522875816 0.007352941176470588 0.022222222222222223
1 0.1588235294117647 0.29150326797385623 0.008088235294117648 0.030065359477124184
4 0.18161764705882352 0.27712418300653596 0.007352941176470588 0.0196078431372549
1 0.30661764705882355 0.32287581699346407 0.007352941176470588 0.02483660130718954
1 0.3139705882352941 0.31895424836601305 0.0058823529411764705 0.030065359477124184
1 0.3191176470588235 0.3150326797385621 0.005147058823529412 0.026143790849673203
1 0.31470588235294117 0.31241830065359477 0.0058823529411764705 0.02483660130718954
3 0.32426470588235295 0.2823529411764706 0.020588235294117647 0.0392156862745098
3 0.2514705882352941 0.24836601307189543 0.021323529411764706 0.026143790849673203
4 0.22058823529411764 0.24052287581699347 0.009558823529411765 0.01568627450980392
3 0.2338235294117647 0.21830065359477124 0.01911764705882353 0.030065359477124184
4 0.26029411764705884 0.20915032679738563 0.008088235294117648 0.01437908496732026
3 0.5595588235294118 0.38300653594771245 0.02426470588235294 0.040522875816993466
2 0.5566176470588236 0.33725490196078434 0.011764705882352941 0.02875816993464052
1 0.5602941176470588 0.33725490196078434 0.006617647058823529 0.01568627450980392
1 0.6779411764705883 0.4130718954248366 0.007352941176470588 0.03137254901960784
3 0.7227941176470588 0.4117647058823529 0.052941176470588235 0.05228758169934641
2 0.6904411764705882 0.42091503267973857 0.01838235294117647 0.02483660130718954
1 0.6955882352941176 0.4117647058823529 0.010294117647058823 0.02875816993464052
8 0.6845588235294118 0.3542483660130719 0.03529411764705882 0.0718954248366013
3 0.6536764705882353 0.3764705882352941 0.02426470588235294 0.044444444444444446
3 0.7169117647058824 0.3032679738562091 0.023529411764705882 0.03529411764705882
3 0.6338235294117647 0.3254901960784314 0.022794117647058822 0.0392156862745098
1 0.6205882352941177 0.3241830065359477 0.007352941176470588 0.027450980392156862
1 0.6279411764705882 0.3254901960784314 0.0058823529411764705 0.027450980392156862
1 0.6279411764705882 0.3202614379084967 0.0058823529411764705 0.02483660130718954
3 0.6220588235294118 0.29411764705882354 0.01764705882352941 0.03529411764705882
3 0.6183823529411765 0.27712418300653596 0.021323529411764706 0.026143790849673203
3 0.6014705882352941 0.25359477124183005 0.01911764705882353 0.030065359477124184
3 0.5433823529411764 0.2784313725490196 0.01764705882352941 0.026143790849673203
2 0.5272058823529412 0.27320261437908494 0.011029411764705883 0.03137254901960784
1 0.5294117647058824 0.27058823529411763 0.0058823529411764705 0.018300653594771243
4 0.43308823529411766 0.2784313725490196 0.0058823529411764705 0.018300653594771243
4 0.4573529411764706 0.22875816993464052 0.005147058823529412 0.01699346405228758
1 0.43308823529411766 0.2718954248366013 0.005147058823529412 0.0196078431372549
1 0.4566176470588235 0.2235294117647059 0.005147058823529412 0.01568627450980392
3 0.4727941176470588 0.1843137254901961 0.011029411764705883 0.0196078431372549
3 0.4183823529411765 0.19477124183006536 0.02426470588235294 0.018300653594771243
3 0.4764705882352941 0.14901960784313725 0.008823529411764706 0.01568627450980392
3 0.3286764705882353 0.17516339869281045 0.023529411764705882 0.0196078431372549
3 0.33308823529411763 0.1738562091503268 0.022058823529411766 0.01699346405228758
3 0.33455882352941174 0.17124183006535948 0.022058823529411766 0.01437908496732026
3 0.3382352941176471 0.16862745098039217 0.023529411764705882 0.013071895424836602
3 0.34044117647058825 0.15947712418300652 0.023529411764705882 0.018300653594771243
3 0.34411764705882353 0.15816993464052287 0.021323529411764706 0.018300653594771243
3 0.3338235294117647 0.14248366013071895 0.01838235294117647 0.01699346405228758
3 0.4566176470588235 0.13071895424836602 0.008088235294117648 0.013071895424836602
3 0.49558823529411766 0.12941176470588237 0.007352941176470588 0.01699346405228758
3 0.48161764705882354 0.11764705882352941 0.007352941176470588 0.01699346405228758
1 0.6051470588235294 0.19477124183006536 0.0029411764705882353 0.01568627450980392
3 0.5992647058823529 0.12549019607843137 0.019852941176470587 0.0196078431372549
3 0.5955882352941176 0.1111111111111111 0.008823529411764706 0.01699346405228758
3 0.6066176470588235 0.10980392156862745 0.009558823529411765 0.01699346405228758
3 0.5845588235294118 0.1084967320261438 0.015441176470588236 0.01437908496732026
3 0.37573529411764706 0.13202614379084968 0.015441176470588236 0.011764705882352941
3 0.4227941176470588 0.13071895424836602 0.008823529411764706 0.013071895424836602
3 0.3779411764705882 0.12810457516339868 0.01764705882352941 0.011764705882352941
3 0.43308823529411766 0.11633986928104575 0.0058823529411764705 0.009150326797385621
3 0.38529411764705884 0.11633986928104575 0.007352941176470588 0.013071895424836602
3 0.3897058823529412 0.12156862745098039 0.008088235294117648 0.011764705882352941
4 0.5308823529411765 0.18169934640522875 0.003676470588235294 0.013071895424836602
1 0.5308823529411765 0.17908496732026144 0.003676470588235294 0.011764705882352941
3 0.5117647058823529 0.12549019607843137 0.006617647058823529 0.01045751633986928
8 0.4389705882352941 0.09934640522875816 0.007352941176470588 0.01699346405228758
