19 0.47315625 0.19999999999999998 0.356671875 0.5785046728971962
19 0.60403125 0.28602803738317756 0.356671875 0.4838551401869159
1 0.313578125 0.2602803738317757 0.13584374999999999 0.3154672897196262
1 0.128859375 0.40932242990654205 0.060171875 0.0749766355140187
1 0.181328125 0.40731308411214956 0.0595625 0.07593457943925233
1 0.4535 0.40693925233644856 0.040234375 0.12119158878504672
1 0.9708593750000001 0.37275700934579437 0.029140624999999996 0.14936915887850466
1 0.080640625 0.4260046728971963 0.04359375 0.05955607476635514
1 0.0380625 0.4244392523364486 0.049703125 0.10563084112149533
1 0.010624999999999999 0.43759345794392523 0.035109375 0.09873831775700934
1 0.000671875 0.4297429906542056 0.024453125 0.10745327102803738
1 0.228953125 0.38121495327102806 0.017875 0.08689252336448598
1 0.13846875 0.42397196261682246 0.011171875000000001 0.035560747663551405
8 0.574078125 0.0050467289719626175 0.42592187499999995 0.36179906542056073
32 0.348515625 0.3305140186915888 0.017515625 0.0380373831775701
1 0.946703125 0.43378504672897195 0.027875 0.06913551401869159
1 0.9449375 0.39591121495327103 0.025328125 0.0430607476635514
32 0.197953125 0.46537383177570096 0.0054531250000000005 0.016308411214953272
