13 0.4059375 0.3707852193995381 0.21437499999999998 0.3123556581986143
3 0.49517187500000004 0.6232101616628176 0.3004375 0.1330023094688222
3 0.17446875 0.5786143187066974 0.12721875 0.09087759815242495
3 0.000125 0.596581986143187 0.08859375 0.12143187066974595
3 0.13953125 0.6045496535796766 0.078734375 0.08018475750577367
3 0.316 0.586189376443418 0.08909375 0.06468822170900693
3 0.0351875 0.5901847575057737 0.11446875000000001 0.1015242494226328
3 0.9471093749999999 0.5999076212471132 0.052890625000000004 0.1515704387990762
3 0.285734375 0.6015473441108545 0.049828125 0.055565819861431866
3 0.6006875 0.574757505773672 0.172453125 0.09849884526558891
3 0.38578125 0.5833718244803695 0.048671874999999996 0.05364896073903003
3 0.676640625 0.5837875288683603 0.07320312500000001 0.0369284064665127
3 0.688625 0.5885912240184757 0.059328124999999995 0.029561200923787532
