1 0.6116875 0.49804166666666666 0.020265625000000002 0.031208333333333334
1 0.35164062500000004 0.49166666666666664 0.011953125 0.026479166666666668
1 0.49559375 0.500375 0.0701875 0.17308333333333334
1 0.622265625 0.5239375000000001 0.023484375 0.06964583333333334
22 0.47165625 0.6083958333333332 0.16065625 0.36583333333333334
22 0.62703125 0.6232083333333333 0.051671875 0.18122916666666666
22 0.331765625 0.5191666666666667 0.0708125 0.07893750000000001
22 0.006687500000000001 0.53 0.09028125000000001 0.10285416666666666
1 0.37709375 0.5000625 0.010421875 0.0370625
1 0.558546875 0.5011249999999999 0.07664062499999999 0.18889583333333335
1 0.33787500000000004 0.48683333333333334 0.017109375 0.03791666666666667
1 0.058609375 0.4732083333333333 0.038953125 0.08279166666666667
1 0.025515624999999997 0.4760625 0.02309375 0.0665625
1 0.047484375 0.479 0.017468749999999998 0.04210416666666667
1 0.64709375 0.5325624999999999 0.0354375 0.09547916666666666
1 0.6379374999999999 0.5263125 0.017906250000000002 0.035791666666666666
1 0.36150000000000004 0.48816666666666664 0.013500000000000002 0.035562500000000004
1 0.5125 0.49583333333333335 0.1484375 0.058333333333333334
