1 0.0 0.24011764705882352 0.891578125 0.7595294117647059
1 0.395546875 0.25588235294117645 0.197984375 0.2878117647058823
1 0.117890625 0.02247058823529412 0.19846875 0.4988705882352941
1 0.22135937499999997 0.10959999999999999 0.078828125 0.28308235294117645
1 0.631546875 0.0 0.2205 0.30814117647058825
1 0.002984375 0.0 0.5446875 0.6898823529411764
62 0.7401718749999999 0.2404470588235294 0.140265625 0.4561882352941176
1 0.288015625 0.242 0.134296875 0.16854117647058822
62 0.8963125 0.15717647058823528 0.1036875 0.5388470588235293
62 0.646765625 0.2864470588235294 0.1521875 0.3645882352941176
62 0.6074531249999999 0.3505411764705882 0.12589062499999998 0.33343529411764705
77 0.569484375 0.5511529411764706 0.134375 0.09338823529411765
1 0.282875 0.2311764705882353 0.12590625 0.2857176470588235
