1 0.11323529411764706 0.8379084967320262 0.03529411764705882 0.11503267973856209
1 0.38088235294117645 0.3712418300653595 0.008823529411764706 0.04967320261437908
1 0.37941176470588234 0.3542483660130719 0.011764705882352941 0.05228758169934641
1 0.28161764705882353 0.396078431372549 0.009558823529411765 0.05359477124183006
1 0.2838235294117647 0.4 0.013970588235294118 0.03529411764705882
1 0.3029411764705882 0.3803921568627451 0.010294117647058823 0.048366013071895426
1 0.2926470588235294 0.37254901960784315 0.009558823529411765 0.050980392156862744
1 0.3014705882352941 0.3738562091503268 0.008088235294117648 0.043137254901960784
1 0.31323529411764706 0.3712418300653595 0.011029411764705883 0.04967320261437908
1 0.3220588235294118 0.3686274509803922 0.011029411764705883 0.050980392156862744
1 0.3286764705882353 0.38300653594771245 0.007352941176470588 0.032679738562091505
1 0.3205882352941177 0.3607843137254902 0.007352941176470588 0.048366013071895426
1 0.31691176470588234 0.35555555555555557 0.007352941176470588 0.040522875816993466
1 0.3205882352941177 0.35294117647058826 0.007352941176470588 0.040522875816993466
1 0.31838235294117645 0.3464052287581699 0.006617647058823529 0.026143790849673203
1 0.3205882352941177 0.32941176470588235 0.008823529411764706 0.0457516339869281
1 0.3338235294117647 0.35555555555555557 0.009558823529411765 0.04967320261437908
1 0.33455882352941174 0.338562091503268 0.009558823529411765 0.047058823529411764
1 0.32794117647058824 0.3281045751633987 0.008823529411764706 0.048366013071895426
1 0.34558823529411764 0.32941176470588235 0.009558823529411765 0.05359477124183006
1 0.34411764705882353 0.3241830065359477 0.010294117647058823 0.04967320261437908
1 0.3669117647058823 0.33464052287581697 0.008823529411764706 0.040522875816993466
1 0.3573529411764706 0.32287581699346407 0.009558823529411765 0.048366013071895426
1 0.3669117647058823 0.33202614379084966 0.007352941176470588 0.036601307189542485
1 0.36764705882352944 0.3202614379084967 0.009558823529411765 0.043137254901960784
4 0.37720588235294117 0.3137254901960784 0.013970588235294118 0.04183006535947712
4 0.36764705882352944 0.30980392156862746 0.008823529411764706 0.027450980392156862
1 0.36617647058823527 0.3006535947712418 0.008823529411764706 0.03137254901960784
1 0.3154411764705882 0.2875816993464052 0.007352941176470588 0.043137254901960784
1 0.3220588235294118 0.2823529411764706 0.007352941176470588 0.0457516339869281
1 0.2698529411764706 0.3581699346405229 0.019852941176470587 0.040522875816993466
1 0.2727941176470588 0.35294117647058826 0.013235294117647059 0.03529411764705882
1 0.49117647058823527 0.24183006535947713 0.010294117647058823 0.030065359477124184
1 0.4808823529411765 0.34509803921568627 0.011029411764705883 0.02483660130718954
1 0.4764705882352941 0.3477124183006536 0.014705882352941176 0.02875816993464052
1 0.051470588235294115 0.1503267973856209 0.009558823529411765 0.01437908496732026
1 0.10514705882352941 0.14901960784313725 0.008088235294117648 0.02483660130718954
4 0.09485294117647058 0.14248366013071895 0.010294117647058823 0.018300653594771243
1 0.09705882352941177 0.13594771241830064 0.006617647058823529 0.02091503267973856
1 0.2691176470588235 0.1450980392156863 0.008823529411764706 0.01568627450980392
4 0.2963235294117647 0.07320261437908497 0.009558823529411765 0.01045751633986928
1 0.29926470588235293 0.06928104575163399 0.004411764705882353 0.013071895424836602
