9 0.017625 0.39766666666666667 0.982375 0.23852083333333332
1 0.25207812500000004 0.27281249999999996 0.080703125 0.22985416666666666
1 0.424828125 0.3894375 0.0863125 0.18670833333333334
1 0.5353749999999999 0.40822916666666664 0.09325 0.17379166666666668
1 0.6516093749999999 0.39895833333333336 0.10490625 0.2044375
1 0.8626250000000001 0.411625 0.095046875 0.19629166666666667
1 0.752375 0.41502083333333334 0.105515625 0.17102083333333334
1 0.807984375 0.4012291666666667 0.060984375 0.14327083333333332
1 0.48442187499999995 0.3797083333333333 0.0563125 0.15389583333333334
1 0.595203125 0.40870833333333334 0.076125 0.12883333333333333
1 0.708515625 0.3999375 0.05671875 0.12852083333333333
1 0.526453125 0.12591666666666665 0.017859375 0.045187500000000005
3 0.295921875 0.11970833333333333 0.07190625 0.03139583333333333
3 0.36665625 0.12602083333333333 0.032937499999999995 0.022625
3 0.10478125 0.11160416666666667 0.05125 0.0336875
8 0.191984375 0.09547916666666666 0.0774375 0.050708333333333334
