4 0.11770833333333333 0.5518518518518518 0.020833333333333332 0.025925925925925925
4 0.14375 0.5296296296296297 0.01875 0.014814814814814815
1 0.15 0.5222222222222223 0.010416666666666666 0.024074074074074074
1 0.153125 0.5833333333333334 0.009375 0.03148148148148148
1 0.165625 0.5833333333333334 0.008333333333333333 0.03518518518518519
4 0.396875 0.6962962962962963 0.014583333333333334 0.03148148148148148
3 0.48020833333333335 0.9111111111111111 0.046875 0.08703703703703704
4 0.42291666666666666 0.6777777777777778 0.013541666666666667 0.03888888888888889
1 0.41041666666666665 0.725925925925926 0.008333333333333333 0.03888888888888889
1 0.42291666666666666 0.6703703703703704 0.013541666666666667 0.03518518518518519
1 0.421875 0.662962962962963 0.0125 0.03888888888888889
2 0.43645833333333334 0.6018518518518519 0.005208333333333333 0.027777777777777776
1 0.43645833333333334 0.5925925925925926 0.00625 0.02962962962962963
3 0.478125 0.6296296296296297 0.029166666666666667 0.05
3 0.48020833333333335 0.7 0.03125 0.06666666666666667
1 0.58125 0.9648148148148148 0.01875 0.03333333333333333
4 0.5510416666666667 0.8351851851851851 0.0125 0.044444444444444446
1 0.5510416666666667 0.8222222222222222 0.011458333333333333 0.046296296296296294
4 0.5729166666666666 0.7703703703703704 0.014583333333333334 0.040740740740740744
1 0.5739583333333333 0.7722222222222223 0.011458333333333333 0.03148148148148148
1 0.5760416666666667 0.7611111111111111 0.011458333333333333 0.03888888888888889
4 0.540625 0.6037037037037037 0.008333333333333333 0.025925925925925925
1 0.5416666666666666 0.5944444444444444 0.007291666666666667 0.03148148148148148
3 0.5260416666666666 0.5703703703703704 0.03958333333333333 0.037037037037037035
3 0.47708333333333336 0.46111111111111114 0.015625 0.03148148148148148
2 0.465625 0.5296296296296297 0.015625 0.018518518518518517
1 0.46875 0.5185185185185185 0.009375 0.022222222222222223
4 0.5208333333333334 0.5203703703703704 0.00625 0.018518518518518517
1 0.5208333333333334 0.512962962962963 0.005208333333333333 0.020370370370370372
4 0.4895833333333333 0.6018518518518519 0.010416666666666666 0.027777777777777776
1 0.48854166666666665 0.5944444444444444 0.009375 0.027777777777777776
4 0.44479166666666664 0.512962962962963 0.00625 0.022222222222222223
1 0.44375 0.5037037037037037 0.008333333333333333 0.024074074074074074
1 0.5572916666666666 0.4981481481481482 0.00625 0.018518518518518517
1 0.5625 0.5018518518518519 0.00625 0.014814814814814815
1 0.5385416666666667 0.48148148148148145 0.005208333333333333 0.02962962962962963
3 0.5114583333333333 0.40925925925925927 0.029166666666666667 0.020370370370370372
2 0.5302083333333333 0.4925925925925926 0.017708333333333333 0.016666666666666666
2 0.5010416666666667 0.4740740740740741 0.01875 0.014814814814814815
1 0.503125 0.4666666666666667 0.004166666666666667 0.020370370370370372
3 0.6416666666666667 0.47962962962962963 0.04375 0.02962962962962963
4 0.7010416666666667 0.5203703703703704 0.015625 0.018518518518518517
1 0.7052083333333333 0.512962962962963 0.007291666666666667 0.022222222222222223
4 0.7520833333333333 0.5351851851851852 0.016666666666666666 0.018518518518518517
1 0.7572916666666667 0.524074074074074 0.008333333333333333 0.022222222222222223
1 0.7625 0.5277777777777778 0.007291666666666667 0.024074074074074074
4 0.37604166666666666 0.4722222222222222 0.010416666666666666 0.011111111111111112
1 0.37916666666666665 0.4648148148148148 0.003125 0.016666666666666666
3 0.38125 0.4444444444444444 0.019791666666666666 0.03333333333333333
1 0.38229166666666664 0.5388888888888889 0.007291666666666667 0.020370370370370372
