38 0.31653125000000004 0.7825700934579439 0.138625 0.043621495327102806
38 0.57278125 0.764532710280374 0.16904687499999999 0.04551401869158878
38 0.8009999999999999 0.7556775700934579 0.174109375 0.04453271028037383
38 0.18746875000000002 0.417196261682243 0.01996875 0.01294392523364486
38 0.23828125 0.40745327102803736 0.010374999999999999 0.009532710280373832
38 0.2455 0.5814485981308412 0.034921875000000005 0.051588785046728966
38 0.532078125 0.5370327102803738 0.013875000000000002 0.008551401869158879
38 0.55415625 0.4902336448598131 0.010765625 0.013785046728971963
38 0.7793281249999999 0.5222663551401869 0.014921875000000001 0.011985981308411215
1 0.35154687500000004 0.6983644859813084 0.066625 0.11198598130841121
1 0.648578125 0.6789953271028037 0.031906250000000004 0.09665887850467289
1 0.29035937500000003 0.6614953271028038 0.009796875 0.04609813084112149
1 0.86815625 0.6833177570093457 0.038656249999999996 0.10007009345794392
1 0.25456249999999997 0.6646728971962618 0.01175 0.042663551401869164
1 0.331015625 0.6550934579439253 0.015109375 0.05677570093457944
1 0.234734375 0.659696261682243 0.007531250000000001 0.045070093457943924
1 0.42856249999999996 0.6626401869158879 0.007875 0.0291588785046729
1 0.21223437500000003 0.6575700934579439 0.011828125 0.043247663551401874
1 0.454 0.6561915887850468 0.010171875 0.03799065420560748
1 0.304234375 0.6602102803738318 0.5855937499999999 0.0466822429906542
1 0.5485781249999999 0.6505140186915889 0.0115625 0.041355140186915884
38 0.29689062499999996 0.5399065420560748 0.045921875 0.04147196261682243
38 0.25215624999999997 0.34175233644859815 0.013703125 0.009813084112149532
38 0.0 0.7094859813084112 0.08321875 0.04813084112149533
1 0.75809375 0.635233644859813 0.0115 0.04677570093457944
38 0.687671875 0.3927102803738318 0.025984374999999997 0.013271028037383177
38 0.0 0.34813084112149534 0.8125 0.32710280373831774
1 0.0 0.6261682242990654 0.878125 0.09813084112149532
