56 0.346875 0.13647058823529412 0.21875 0.32235294117647056
56 0.28215625 0.5988235294117648 0.208875 0.20891764705882354
56 0.7404375 0.6903764705882354 0.12471874999999999 0.19014117647058823
56 0.29096875 0.31625882352941176 0.186046875 0.2887764705882353
49 0.34173437500000003 0.02472941176470588 0.6582656250000001 0.5662823529411765
56 0.13615625 0.2625176470588235 0.080140625 0.14331764705882352
56 0.542859375 0.2691529411764706 0.09559375 0.1799529411764706
56 0.7629374999999999 0.1620235294117647 0.057859375000000005 0.08905882352941177
56 0.365609375 0.8044941176470589 0.0850625 0.1348235294117647
56 0.23374999999999999 0.19924705882352942 0.09078125000000001 0.14769411764705884
48 0.145109375 0.3151294117647059 0.27 0.6848705882352941
51 0.0 0.0 0.998671875 1.0
57 0.543546875 0.514964705882353 0.028968749999999998 0.05277647058823529
