4 0.9786764705882353 0.43790849673202614 0.021323529411764706 0.036601307189542485
4 0.8933823529411765 0.4196078431372549 0.03308823529411765 0.03790849673202614
1 0.9051470588235294 0.40522875816993464 0.014705882352941176 0.050980392156862744
1 0.8676470588235294 0.35294117647058826 0.016176470588235296 0.048366013071895426
8 0.7845588235294118 0.47581699346405226 0.11323529411764706 0.10196078431372549
1 0.8301470588235295 0.49019607843137253 0.021323529411764706 0.044444444444444446
1 0.8110294117647059 0.477124183006536 0.016911764705882352 0.048366013071895426
1 0.7779411764705882 0.4823529411764706 0.0125 0.050980392156862744
1 0.7551470588235294 0.5398692810457516 0.013970588235294118 0.05359477124183006
1 0.7654411764705882 0.5359477124183006 0.013235294117647059 0.036601307189542485
1 0.7779411764705882 0.5294117647058824 0.016176470588235296 0.043137254901960784
3 0.7330882352941176 0.33464052287581697 0.09926470588235294 0.08888888888888889
3 0.6455882352941177 0.3437908496732026 0.08970588235294118 0.07973856209150326
1 0.6426470588235295 0.3633986928104575 0.013235294117647059 0.058823529411764705
2 0.6213235294117647 0.5215686274509804 0.07794117647058824 0.06666666666666667
1 0.6426470588235295 0.5098039215686274 0.016176470588235296 0.0457516339869281
1 0.6176470588235294 0.4980392156862745 0.015441176470588236 0.03529411764705882
1 0.5816176470588236 0.41045751633986927 0.015441176470588236 0.03137254901960784
1 0.5580882352941177 0.3790849673202614 0.0125 0.058823529411764705
1 0.5470588235294118 0.38562091503267976 0.0125 0.05620915032679739
1 0.5330882352941176 0.38169934640522873 0.013970588235294118 0.06274509803921569
1 0.5426470588235294 0.46405228758169936 0.01911764705882353 0.06013071895424837
1 0.5426470588235294 0.4496732026143791 0.01838235294117647 0.06405228758169934
1 0.5227941176470589 0.5581699346405229 0.016911764705882352 0.03790849673202614
1 0.45 0.5098039215686274 0.016911764705882352 0.06666666666666667
1 0.4404411764705882 0.5411764705882353 0.015441176470588236 0.06666666666666667
3 0.35441176470588237 0.6078431372549019 0.12794117647058822 0.11764705882352941
1 0.26838235294117646 0.5477124183006536 0.01911764705882353 0.07058823529411765
1 0.19926470588235295 0.5751633986928104 0.01911764705882353 0.06535947712418301
2 0.12279411764705882 0.5803921568627451 0.08455882352941177 0.09934640522875816
2 0.24705882352941178 0.5228758169934641 0.08308823529411764 0.08496732026143791
2 0.4176470588235294 0.3607843137254902 0.06764705882352941 0.0718954248366013
1 0.39926470588235297 0.38300653594771245 0.013235294117647059 0.05751633986928104
1 0.3786764705882353 0.42091503267973857 0.021323529411764706 0.058823529411764705
1 0.37426470588235294 0.4418300653594771 0.013970588235294118 0.03790849673202614
4 0.3735294117647059 0.4196078431372549 0.03308823529411765 0.06405228758169934
4 0.32426470588235295 0.48104575163398694 0.04338235294117647 0.048366013071895426
1 0.3352941176470588 0.4718954248366013 0.020588235294117647 0.050980392156862744
1 0.34338235294117647 0.4235294117647059 0.013970588235294118 0.06405228758169934
1 0.3411764705882353 0.39869281045751637 0.0125 0.06013071895424837
2 0.33088235294117646 0.36470588235294116 0.07426470588235294 0.08366013071895424
2 0.31323529411764706 0.40261437908496733 0.029411764705882353 0.06013071895424837
2 0.19852941176470587 0.3686274509803922 0.11397058823529412 0.09803921568627451
1 0.1860294117647059 0.39477124183006534 0.014705882352941176 0.06666666666666667
1 0.1713235294117647 0.43790849673202614 0.016176470588235296 0.06143790849673202
4 0.1610294117647059 0.4522875816993464 0.0375 0.050980392156862744
1 0.07058823529411765 0.3660130718954248 0.016176470588235296 0.06013071895424837
1 0.04338235294117647 0.3150326797385621 0.01911764705882353 0.06013071895424837
1 0.057352941176470586 0.29673202614379085 0.01764705882352941 0.058823529411764705
1 0.008823529411764706 0.22091503267973855 0.021323529411764706 0.040522875816993466
4 0.004411764705882353 0.22483660130718955 0.028676470588235293 0.050980392156862744
3 0.175 0.20522875816993463 0.0838235294117647 0.07320261437908497
3 0.5625 0.25098039215686274 0.07573529411764705 0.07581699346405228
3 0.07720588235294118 0.08496732026143791 0.061764705882352944 0.05751633986928104
3 0.2 0.15555555555555556 0.08235294117647059 0.0718954248366013
3 0.33308823529411763 0.14640522875816994 0.06397058823529411 0.07581699346405228
1 0.03897058823529412 0.00130718954248366 0.009558823529411765 0.03790849673202614
1 0.1875 0.0457516339869281 0.010294117647058823 0.03529411764705882
1 0.19411764705882353 0.05228758169934641 0.009558823529411765 0.030065359477124184
4 0.1801470588235294 0.05620915032679739 0.025 0.027450980392156862
1 0.2580882352941177 0.09281045751633987 0.0125 0.043137254901960784
2 0.2514705882352941 0.10718954248366012 0.026470588235294117 0.03137254901960784
1 0.32941176470588235 0.05751633986928104 0.011029411764705883 0.032679738562091505
1 0.3382352941176471 0.048366013071895426 0.011029411764705883 0.02483660130718954
1 0.35 0.058823529411764705 0.010294117647058823 0.0196078431372549
2 0.3220588235294118 0.06405228758169934 0.039705882352941174 0.032679738562091505
3 0.4051470588235294 0.0 0.05808823529411765 0.02875816993464052
1 0.4073529411764706 0.058823529411764705 0.008823529411764706 0.03398692810457516
1 0.4022058823529412 0.06143790849673202 0.008088235294117648 0.032679738562091505
4 0.3941176470588235 0.06928104575163399 0.025 0.02875816993464052
3 0.5441176470588235 0.10196078431372549 0.07352941176470588 0.06143790849673202
4 0.5352941176470588 0.05228758169934641 0.026470588235294117 0.026143790849673203
3 0.8080882352941177 0.10588235294117647 0.07352941176470588 0.050980392156862744
3 0.8845588235294117 0.13986928104575164 0.07794117647058824 0.05620915032679739
3 0.6625 0.0 0.05220588235294118 0.01568627450980392
3 0.6102941176470589 0.0 0.045588235294117645 0.02091503267973856
