3 0.09739583333333333 0.8870370370370371 0.0796875 0.11296296296296296
3 0.1625 0.9064814814814814 0.06822916666666666 0.09351851851851851
3 0.0609375 0.6787037037037037 0.04583333333333333 0.0824074074074074
3 0.1125 0.7537037037037037 0.06197916666666667 0.09814814814814815
3 0.2078125 0.7222222222222222 0.05572916666666667 0.08981481481481482
3 0.1859375 0.6444444444444445 0.04583333333333333 0.07037037037037037
3 0.234375 0.6305555555555555 0.03958333333333333 0.06666666666666667
3 0.2916666666666667 0.6018518518518519 0.033854166666666664 0.058333333333333334
3 0.27447916666666666 0.5546296296296296 0.0328125 0.05462962962962963
3 0.3255208333333333 0.5333333333333333 0.028125 0.05
3 0.3458333333333333 0.5527777777777778 0.030729166666666665 0.062037037037037036
3 0.346875 0.4777777777777778 0.021875 0.04259259259259259
6 0.2520833333333333 0.44074074074074077 0.06041666666666667 0.10925925925925926
6 0.5192708333333333 0.4666666666666667 0.03697916666666667 0.11388888888888889
6 0.5083333333333333 0.4 0.0296875 0.06944444444444445
6 0.49583333333333335 0.3638888888888889 0.029166666666666667 0.07407407407407407
3 0.4270833333333333 0.625 0.0296875 0.058333333333333334
3 0.38958333333333334 0.7231481481481481 0.03697916666666667 0.08333333333333333
3 0.48854166666666665 0.6722222222222223 0.03697916666666667 0.07314814814814814
3 0.4140625 0.5481481481481482 0.025520833333333333 0.044444444444444446
3 0.4552083333333333 0.5472222222222223 0.0234375 0.04351851851851852
3 0.4817708333333333 0.4861111111111111 0.022916666666666665 0.03981481481481482
3 0.4270833333333333 0.47685185185185186 0.0203125 0.03518518518518519
3 0.46770833333333334 0.43425925925925923 0.018229166666666668 0.03425925925925926
3 0.4348958333333333 0.42407407407407405 0.01875 0.03333333333333333
3 0.4625 0.3990740740740741 0.014583333333333334 0.025925925925925925
3 0.440625 0.37407407407407406 0.013020833333333334 0.022222222222222223
3 0.37135416666666665 0.4388888888888889 0.018229166666666668 0.032407407407407406
3 0.32760416666666664 0.425 0.024479166666666666 0.040740740740740744
3 0.32760416666666664 0.3972222222222222 0.018229166666666668 0.032407407407407406
3 0.3421875 0.37962962962962965 0.0171875 0.024074074074074074
3 0.36354166666666665 0.38425925925925924 0.014583333333333334 0.023148148148148147
3 0.3729166666666667 0.4101851851851852 0.019791666666666666 0.027777777777777776
3 0.3807291666666667 0.39166666666666666 0.019270833333333334 0.026851851851851852
3 0.3880208333333333 0.37592592592592594 0.016145833333333335 0.024074074074074074
3 0.3619791666666667 0.3685185185185185 0.017708333333333333 0.022222222222222223
3 0.5682291666666667 0.9601851851851851 0.052083333333333336 0.03981481481481482
3 0.39166666666666666 0.32592592592592595 0.010416666666666666 0.017592592592592594
3 0.4088541666666667 0.32314814814814813 0.009895833333333333 0.016666666666666666
3 0.42604166666666665 0.3212962962962963 0.010416666666666666 0.016666666666666666
3 0.43020833333333336 0.3111111111111111 0.010416666666666666 0.01574074074074074
3 0.41041666666666665 0.3148148148148148 0.011458333333333333 0.016666666666666666
3 0.4171875 0.3111111111111111 0.0109375 0.014814814814814815
3 0.3953125 0.31574074074074077 0.010416666666666666 0.014814814814814815
3 0.4 0.30462962962962964 0.010416666666666666 0.01574074074074074
3 0.43072916666666666 0.3 0.008854166666666666 0.013888888888888888
3 0.4140625 0.30462962962962964 0.008854166666666666 0.013888888888888888
3 0.4161458333333333 0.30092592592592593 0.007291666666666667 0.012037037037037037
3 0.4203125 0.2935185185185185 0.0078125 0.014814814814814815
3 0.4046875 0.2916666666666667 0.009375 0.01574074074074074
3 0.4109375 0.2851851851851852 0.008333333333333333 0.013888888888888888
3 0.4125 0.27685185185185185 0.0078125 0.013888888888888888
6 0.4734375 0.25555555555555554 0.0140625 0.024074074074074074
6 0.4890625 0.2657407407407407 0.0125 0.026851851851851852
3 0.4359375 0.27314814814814814 0.008333333333333333 0.013888888888888888
3 0.4510416666666667 0.30185185185185187 0.009375 0.013888888888888888
3 0.4552083333333333 0.275 0.0078125 0.012037037037037037
3 0.45208333333333334 0.25462962962962965 0.007291666666666667 0.009259259259259259
3 0.4479166666666667 0.325 0.010416666666666666 0.013888888888888888
3 0.4822916666666667 0.32407407407407407 0.010416666666666666 0.014814814814814815
6 0.4635416666666667 0.30185185185185187 0.013541666666666667 0.03518518518518519
3 0.4671875 0.2935185185185185 0.008333333333333333 0.010185185185185186
3 0.4661458333333333 0.2777777777777778 0.0078125 0.012962962962962963
3 0.46510416666666665 0.26944444444444443 0.0067708333333333336 0.012037037037037037
6 0.36041666666666666 0.3148148148148148 0.021354166666666667 0.03425925925925926
6 0.3734375 0.2953703703703704 0.020833333333333332 0.037037037037037035
6 0.4265625 0.25555555555555554 0.009895833333333333 0.026851851851851852
6 0.40625 0.25 0.0125 0.026851851851851852
3 0.42291666666666666 0.287962962962963 0.008333333333333333 0.012962962962962963
3 0.4239583333333333 0.2824074074074074 0.007291666666666667 0.012037037037037037
3 0.4244791666666667 0.275 0.0078125 0.012037037037037037
3 0.415625 0.2722222222222222 0.007291666666666667 0.011111111111111112
3 0.41875 0.26666666666666666 0.00625 0.010185185185185186
3 0.440625 0.2657407407407407 0.00625 0.011111111111111112
3 0.4401041666666667 0.2601851851851852 0.00625 0.009259259259259259
1 0.6557291666666667 0.8296296296296296 0.017708333333333333 0.062037037037037036
1 0.6895833333333333 0.8083333333333333 0.013020833333333334 0.06111111111111111
2 0.6671875 0.8203703703703704 0.028125 0.040740740740740744
2 0.6583333333333333 0.9416666666666667 0.033854166666666664 0.058333333333333334
1 0.671875 0.9592592592592593 0.014583333333333334 0.03425925925925926
4 0.721875 0.8379629629629629 0.027083333333333334 0.06296296296296296
1 0.7619791666666667 0.8037037037037037 0.0125 0.05925925925925926
1 0.7770833333333333 0.7805555555555556 0.014583333333333334 0.040740740740740744
1 0.803125 0.774074074074074 0.009895833333333333 0.05462962962962963
1 0.7911458333333333 0.774074074074074 0.0125 0.053703703703703705
1 0.7958333333333333 0.8481481481481481 0.014583333333333334 0.05
2 0.7776041666666667 0.7944444444444444 0.013020833333333334 0.04722222222222222
1 0.7635416666666667 0.7712962962962963 0.011979166666666667 0.03611111111111111
1 0.5619791666666667 0.49166666666666664 0.005729166666666666 0.026851851851851852
1 0.5645833333333333 0.5685185185185185 0.0078125 0.02962962962962963
2 0.5651041666666666 0.5777777777777777 0.0067708333333333336 0.02962962962962963
1 0.1765625 0.55 0.008333333333333333 0.03611111111111111
1 0.022395833333333334 0.6 0.011458333333333333 0.046296296296296294
1 0.0015625 0.6703703703703704 0.015104166666666667 0.040740740740740744
2 0.0026041666666666665 0.6888888888888889 0.016666666666666666 0.037037037037037035
1 0.011458333333333333 0.637962962962963 0.013541666666666667 0.03981481481481482
4 0.010416666666666666 0.6527777777777778 0.019270833333333334 0.027777777777777776
1 0.06197916666666667 0.562037037037037 0.0078125 0.03888888888888889
1 0.06979166666666667 0.5601851851851852 0.008854166666666666 0.041666666666666664
1 0.03802083333333333 0.5314814814814814 0.0078125 0.03518518518518519
1 0.03177083333333333 0.5324074074074074 0.007291666666666667 0.03333333333333333
1 0.08177083333333333 0.4842592592592593 0.0067708333333333336 0.03148148148148148
1 0.0875 0.48055555555555557 0.010416666666666666 0.03611111111111111
1 0.10052083333333334 0.5296296296296297 0.008333333333333333 0.03148148148148148
1 0.08020833333333334 0.5268518518518519 0.008854166666666666 0.03796296296296296
1 0.08697916666666666 0.5287037037037037 0.008854166666666666 0.03518518518518519
1 0.0875 0.5111111111111111 0.007291666666666667 0.03148148148148148
1 0.140625 0.5296296296296297 0.008333333333333333 0.027777777777777776
4 0.13958333333333334 0.5407407407407407 0.009895833333333333 0.027777777777777776
3 0.5114583333333333 0.4666666666666667 0.021354166666666667 0.032407407407407406
3 0.15208333333333332 0.39166666666666666 0.0375 0.025
3 0.15260416666666668 0.412962962962963 0.028125 0.025925925925925925
3 0.17447916666666666 0.4046296296296296 0.027604166666666666 0.03796296296296296
3 0.2109375 0.3861111111111111 0.01875 0.030555555555555555
1 0.14635416666666667 0.42962962962962964 0.0046875 0.026851851851851852
1 0.1515625 0.4287037037037037 0.0067708333333333336 0.027777777777777776
1 0.1609375 0.43425925925925923 0.005729166666666666 0.028703703703703703
1 0.16458333333333333 0.4351851851851852 0.0046875 0.025925925925925925
1 0.16822916666666668 0.4361111111111111 0.005729166666666666 0.025925925925925925
1 0.18177083333333333 0.48148148148148145 0.0067708333333333336 0.032407407407407406
1 0.21302083333333333 0.47314814814814815 0.00625 0.03333333333333333
1 0.1515625 0.4842592592592593 0.009375 0.02962962962962963
2 0.1515625 0.4962962962962963 0.0078125 0.022222222222222223
1 0.16354166666666667 0.4648148148148148 0.0078125 0.019444444444444445
1 0.16770833333333332 0.48148148148148145 0.0067708333333333336 0.025
4 0.16458333333333333 0.475 0.005729166666666666 0.019444444444444445
4 0.16875 0.49166666666666664 0.0046875 0.020370370370370372
1 0.2046875 0.4046296296296296 0.005208333333333333 0.024074074074074074
1 0.24010416666666667 0.35 0.0067708333333333336 0.024074074074074074
1 0.28229166666666666 0.42592592592592593 0.005208333333333333 0.026851851851851852
1 0.23177083333333334 0.4666666666666667 0.0046875 0.03148148148148148
1 0.23958333333333334 0.4425925925925926 0.00625 0.026851851851851852
1 0.24010416666666667 0.43425925925925923 0.005729166666666666 0.019444444444444445
1 0.24270833333333333 0.40555555555555556 0.005208333333333333 0.028703703703703703
1 0.24635416666666668 0.4111111111111111 0.005208333333333333 0.027777777777777776
1 0.221875 0.475 0.00625 0.03148148148148148
1 0.22135416666666666 0.46944444444444444 0.005208333333333333 0.023148148148148147
1 0.2911458333333333 0.42592592592592593 0.005208333333333333 0.022222222222222223
1 0.29739583333333336 0.42592592592592593 0.005208333333333333 0.023148148148148147
1 0.2989583333333333 0.4185185185185185 0.005208333333333333 0.025925925925925925
1 0.22708333333333333 0.33055555555555555 0.00625 0.027777777777777776
1 0.2328125 0.3277777777777778 0.005208333333333333 0.023148148148148147
1 0.2625 0.32314814814814813 0.0067708333333333336 0.024074074074074074
1 0.303125 0.32685185185185184 0.005729166666666666 0.021296296296296296
1 0.3078125 0.3287037037037037 0.0046875 0.020370370370370372
1 0.321875 0.33240740740740743 0.0046875 0.020370370370370372
1 0.34010416666666665 0.325 0.005729166666666666 0.025925925925925925
1 0.34791666666666665 0.3296296296296296 0.0036458333333333334 0.023148148148148147
1 0.34791666666666665 0.325 0.0046875 0.021296296296296296
1 0.3671875 0.33240740740740743 0.0046875 0.018518518518518517
1 0.39166666666666666 0.32685185185185184 0.005208333333333333 0.022222222222222223
1 0.4 0.3333333333333333 0.004166666666666667 0.021296296296296296
1 0.428125 0.3388888888888889 0.004166666666666667 0.01574074074074074
1 0.4473958333333333 0.3296296296296296 0.004166666666666667 0.020370370370370372
1 0.41875 0.34074074074074073 0.0046875 0.01574074074074074
1 0.41041666666666665 0.3388888888888889 0.004166666666666667 0.018518518518518517
1 0.41354166666666664 0.3388888888888889 0.004166666666666667 0.017592592592592594
1 0.5708333333333333 0.3333333333333333 0.005208333333333333 0.026851851851851852
1 0.5802083333333333 0.33055555555555555 0.005208333333333333 0.025
1 0.5833333333333334 0.33240740740740743 0.005208333333333333 0.020370370370370372
1 0.5192708333333333 0.3333333333333333 0.00625 0.023148148148148147
4 0.27447916666666666 0.4222222222222222 0.008333333333333333 0.026851851851851852
