64 0.6100234192037471 0.50846875 0.1574473067915691 0.169171875
3 0.0 0.49320312499999996 0.275480093676815 0.329453125
85 0.44447306791569086 0.10120312499999999 0.21756440281030445 0.14515625000000001
3 0.2769086651053864 0.47634375 0.06772833723653396 0.045656249999999995
3 0.2036768149882904 0.46675000000000005 0.08814988290398126 0.064671875
64 0.5729742388758782 0.792390625 0.15295081967213114 0.083703125
64 0.3114285714285714 0.7905 0.15430913348946135 0.08842187500000001
64 0.4502341920374707 0.716890625 0.1914754098360656 0.065578125
64 0.3722482435597189 0.7079375 0.14124121779859486 0.069640625
64 0.5985011709601874 0.6745 0.15686182669789228 0.102609375
64 0.4101639344262295 0.6809999999999999 0.1152224824355972 0.032953125
3 0.00800936768149883 0.4655625 0.07482435597189695 0.024203125
