3 0.44191176470588234 0.6967320261437908 0.021323529411764706 0.06274509803921569
3 0.37279411764705883 0.6562091503267974 0.025 0.07450980392156863
3 0.45441176470588235 0.550326797385621 0.01838235294117647 0.047058823529411764
3 0.48161764705882354 0.4745098039215686 0.013970588235294118 0.044444444444444446
3 0.4551470588235294 0.45359477124183006 0.01838235294117647 0.0457516339869281
3 0.4235294117647059 0.4392156862745098 0.019852941176470587 0.050980392156862744
3 0.4235294117647059 0.3738562091503268 0.014705882352941176 0.044444444444444446
3 0.46176470588235297 0.3437908496732026 0.014705882352941176 0.03137254901960784
3 0.43676470588235294 0.3137254901960784 0.0125 0.032679738562091505
3 0.4647058823529412 0.2849673202614379 0.013970588235294118 0.026143790849673203
3 0.4455882352941177 0.19215686274509805 0.009558823529411765 0.026143790849673203
3 0.45073529411764707 0.13986928104575164 0.010294117647058823 0.022222222222222223
3 0.42426470588235293 0.1477124183006536 0.010294117647058823 0.02091503267973856
3 0.4485294117647059 0.08104575163398693 0.006617647058823529 0.01699346405228758
3 0.4323529411764706 0.08496732026143791 0.008823529411764706 0.01568627450980392
3 0.4963235294117647 0.25098039215686274 0.020588235294117647 0.02875816993464052
3 0.5058823529411764 0.6444444444444445 0.041176470588235294 0.07058823529411765
3 0.6286764705882353 0.8601307189542484 0.03161764705882353 0.08627450980392157
3 0.6110294117647059 0.7450980392156863 0.033823529411764704 0.09542483660130718
3 0.6154411764705883 0.6888888888888889 0.045588235294117645 0.06797385620915032
3 0.5558823529411765 0.6535947712418301 0.028676470588235293 0.05359477124183006
3 0.5919117647058824 0.5790849673202615 0.02426470588235294 0.05228758169934641
3 0.5639705882352941 0.5568627450980392 0.02426470588235294 0.07450980392156863
3 0.5830882352941177 0.5137254901960784 0.016176470588235296 0.044444444444444446
3 0.5786764705882353 0.45359477124183006 0.019852941176470587 0.0392156862745098
3 0.5713235294117647 0.40784313725490196 0.019852941176470587 0.03398692810457516
3 0.5639705882352941 0.36993464052287583 0.01838235294117647 0.036601307189542485
3 0.5514705882352942 0.3084967320261438 0.01911764705882353 0.036601307189542485
3 0.5632352941176471 0.3359477124183007 0.01764705882352941 0.030065359477124184
3 0.5566176470588236 0.28366013071895424 0.014705882352941176 0.027450980392156862
3 0.5794117647058824 0.22875816993464052 0.033823529411764704 0.02875816993464052
3 0.5573529411764706 0.19215686274509805 0.0125 0.026143790849673203
3 0.5470588235294118 0.1895424836601307 0.009558823529411765 0.022222222222222223
3 0.5411764705882353 0.15555555555555556 0.008823529411764706 0.018300653594771243
6 0.4764705882352941 0.7503267973856209 0.04338235294117647 0.17777777777777778
1 0.5419117647058823 0.9267973856209151 0.007352941176470588 0.032679738562091505
3 0.26176470588235295 0.6993464052287581 0.02426470588235294 0.07581699346405228
3 0.20220588235294118 0.7137254901960784 0.04852941176470588 0.05751633986928104
3 0.12279411764705882 0.9124183006535947 0.058823529411764705 0.08235294117647059
3 0.27941176470588236 0.534640522875817 0.02426470588235294 0.05751633986928104
3 0.29411764705882354 0.4875816993464052 0.022058823529411766 0.04967320261437908
3 0.3058823529411765 0.4496732026143791 0.01911764705882353 0.03790849673202614
3 0.3220588235294118 0.396078431372549 0.01764705882352941 0.03398692810457516
3 0.35294117647058826 0.257516339869281 0.015441176470588236 0.032679738562091505
3 0.35955882352941176 0.23006535947712417 0.0125 0.02875816993464052
3 0.3801470588235294 0.15816993464052287 0.010294117647058823 0.023529411764705882
3 0.39044117647058824 0.10457516339869281 0.011029411764705883 0.02483660130718954
3 0.38088235294117645 0.12549019607843137 0.013970588235294118 0.02091503267973856
3 0.46397058823529413 0.0 0.008088235294117648 0.013071895424836602
6 0.5301470588235294 0.040522875816993466 0.011764705882352941 0.030065359477124184
3 0.5308823529411765 0.06666666666666667 0.008088235294117648 0.01437908496732026
3 0.5419117647058823 0.07320261437908497 0.020588235294117647 0.018300653594771243
3 0.5367647058823529 0.10980392156862745 0.008823529411764706 0.01568627450980392
3 0.5375 0.12941176470588237 0.010294117647058823 0.01699346405228758
3 0.5375 0.1411764705882353 0.022794117647058822 0.01568627450980392
3 0.5448529411764705 0.17777777777777778 0.011764705882352941 0.018300653594771243
1 0.5595588235294118 0.25620915032679736 0.004411764705882353 0.018300653594771243
1 0.5639705882352941 0.25882352941176473 0.003676470588235294 0.022222222222222223
1 0.6125 0.5673202614379085 0.0058823529411764705 0.027450980392156862
4 0.5852941176470589 0.4980392156862745 0.014705882352941176 0.0196078431372549
3 0.5110294117647058 0.46143790849673205 0.01838235294117647 0.043137254901960784
3 0.5058823529411764 0.3032679738562091 0.013970588235294118 0.02483660130718954
2 0.4485294117647059 0.23006535947712417 0.010294117647058823 0.022222222222222223
1 0.4522058823529412 0.2326797385620915 0.006617647058823529 0.01568627450980392
4 0.4183823529411765 0.2549019607843137 0.004411764705882353 0.01437908496732026
1 0.41911764705882354 0.24836601307189543 0.003676470588235294 0.01568627450980392
4 0.49558823529411766 0.2954248366013072 0.003676470588235294 0.01699346405228758
1 0.49558823529411766 0.2901960784313726 0.003676470588235294 0.01437908496732026
2 0.44485294117647056 0.11633986928104575 0.004411764705882353 0.0196078431372549
1 0.43823529411764706 0.12679738562091503 0.0022058823529411764 0.01568627450980392
1 0.4338235294117647 0.12810457516339868 0.003676470588235294 0.01568627450980392
3 0.40147058823529413 0.11241830065359477 0.008823529411764706 0.022222222222222223
2 0.3492647058823529 0.29150326797385623 0.013970588235294118 0.01568627450980392
1 0.3360294117647059 0.3633986928104575 0.005147058823529412 0.022222222222222223
1 0.34411764705882353 0.2849673202614379 0.005147058823529412 0.02091503267973856
1 0.31985294117647056 0.26666666666666666 0.004411764705882353 0.022222222222222223
4 0.29926470588235293 0.29411764705882354 0.010294117647058823 0.013071895424836602
1 0.29411764705882354 0.29673202614379085 0.0058823529411764705 0.01437908496732026
1 0.2889705882352941 0.330718954248366 0.004411764705882353 0.022222222222222223
1 0.28161764705882353 0.3503267973856209 0.003676470588235294 0.0196078431372549
1 0.2977941176470588 0.3477124183006536 0.004411764705882353 0.013071895424836602
1 0.33088235294117646 0.32287581699346407 0.0029411764705882353 0.02483660130718954
1 0.29705882352941176 0.3660130718954248 0.006617647058823529 0.023529411764705882
1 0.2911764705882353 0.35294117647058826 0.0058823529411764705 0.02483660130718954
1 0.28823529411764703 0.3516339869281046 0.003676470588235294 0.023529411764705882
3 0.27205882352941174 0.41045751633986927 0.039705882352941174 0.027450980392156862
1 0.3191176470588235 0.515032679738562 0.006617647058823529 0.022222222222222223
4 0.31985294117647056 0.5228758169934641 0.0058823529411764705 0.022222222222222223
1 0.3830882352941177 0.4418300653594771 0.005147058823529412 0.023529411764705882
1 0.3779411764705882 0.4418300653594771 0.0058823529411764705 0.026143790849673203
2 0.2595588235294118 0.6326797385620915 0.009558823529411765 0.032679738562091505
1 0.29191176470588237 0.7490196078431373 0.0058823529411764705 0.023529411764705882
4 0.29044117647058826 0.7568627450980392 0.008823529411764706 0.027450980392156862
1 0.34191176470588236 0.7555555555555555 0.006617647058823529 0.030065359477124184
2 0.33676470588235297 0.7163398692810458 0.013970588235294118 0.0392156862745098
1 0.16838235294117648 0.6745098039215687 0.007352941176470588 0.02875816993464052
1 0.1625 0.665359477124183 0.006617647058823529 0.02875816993464052
1 0.14779411764705883 0.7111111111111111 0.013235294117647059 0.030065359477124184
4 0.15441176470588236 0.6928104575163399 0.015441176470588236 0.026143790849673203
1 0.14044117647058824 0.7359477124183007 0.007352941176470588 0.02875816993464052
4 0.13676470588235295 0.7450980392156863 0.019852941176470587 0.01568627450980392
1 0.10294117647058823 0.7777777777777778 0.011764705882352941 0.03529411764705882
1 0.10808823529411765 0.9124183006535947 0.008823529411764706 0.04183006535947712
1 0.20220588235294118 0.5947712418300654 0.0058823529411764705 0.027450980392156862
1 0.18455882352941178 0.5816993464052288 0.006617647058823529 0.027450980392156862
1 0.19926470588235295 0.5830065359477125 0.006617647058823529 0.02875816993464052
1 0.4323529411764706 0.1843137254901961 0.0022058823529411764 0.01568627450980392
4 0.4308823529411765 0.18823529411764706 0.005147058823529412 0.01568627450980392
1 0.5029411764705882 0.19607843137254902 0.0029411764705882353 0.01699346405228758
4 0.5029411764705882 0.20261437908496732 0.003676470588235294 0.01045751633986928
1 0.39926470588235297 0.13333333333333333 0.0029411764705882353 0.01437908496732026
2 0.39926470588235297 0.1411764705882353 0.003676470588235294 0.01045751633986928
1 0.38235294117647056 0.17647058823529413 0.004411764705882353 0.013071895424836602
2 0.38235294117647056 0.1830065359477124 0.0058823529411764705 0.013071895424836602
