3 0.628125 0.8861111111111111 0.034375 0.0787037037037037
1 0.6192708333333333 0.9231481481481482 0.0078125 0.03888888888888889
1 0.6104166666666667 0.9111111111111111 0.009895833333333333 0.04537037037037037
1 0.6114583333333333 0.9527777777777777 0.0067708333333333336 0.013888888888888888
1 0.5713541666666667 0.8592592592592593 0.011458333333333333 0.03333333333333333
4 0.5692708333333333 0.8666666666666667 0.013020833333333334 0.04814814814814815
4 0.58125 0.7472222222222222 0.0140625 0.044444444444444446
4 0.6234375 0.7592592592592593 0.026041666666666668 0.028703703703703703
3 0.5213541666666667 0.8435185185185186 0.041666666666666664 0.09444444444444444
3 0.5411458333333333 0.7481481481481481 0.034895833333333334 0.07592592592592592
3 0.4557291666666667 0.8583333333333333 0.0375 0.1037037037037037
3 0.4708333333333333 0.6694444444444444 0.029166666666666667 0.08148148148148149
1 0.571875 0.7083333333333334 0.0078125 0.04259259259259259
1 0.5739583333333333 0.6703703703703704 0.0078125 0.04537037037037037
1 0.5635416666666667 0.6731481481481482 0.009375 0.04351851851851852
3 0.5114583333333333 0.5898148148148148 0.023958333333333335 0.04814814814814815
3 0.3927083333333333 0.7555555555555555 0.033854166666666664 0.09351851851851851
3 0.40572916666666664 0.637962962962963 0.024479166666666666 0.06018518518518518
1 0.44947916666666665 0.6842592592592592 0.007291666666666667 0.01574074074074074
1 0.4510416666666667 0.6787037037037037 0.007291666666666667 0.021296296296296296
4 0.45 0.6925925925925925 0.0078125 0.032407407407407406
1 0.10364583333333334 0.9712962962962963 0.0140625 0.028703703703703703
1 0.034375 0.9351851851851852 0.0109375 0.03981481481481482
1 0.1609375 0.8601851851851852 0.009375 0.028703703703703703
1 0.159375 0.8407407407407408 0.008333333333333333 0.025925925925925925
1 0.14375 0.8675925925925926 0.011979166666666667 0.03425925925925926
1 0.13229166666666667 0.8657407407407407 0.011458333333333333 0.02962962962962963
1 0.12760416666666666 0.8555555555555555 0.009375 0.028703703703703703
4 0.15260416666666668 0.8287037037037037 0.028645833333333332 0.03611111111111111
4 0.1640625 0.8037037037037037 0.03229166666666667 0.027777777777777776
1 0.175 0.7796296296296297 0.011979166666666667 0.04351851851851852
4 0.1828125 0.7611111111111111 0.028645833333333332 0.030555555555555555
1 0.18854166666666666 0.6231481481481481 0.0078125 0.03981481481481482
1 0.20416666666666666 0.6157407407407407 0.0078125 0.04351851851851852
1 0.221875 0.6314814814814815 0.008333333333333333 0.03981481481481482
4 0.2453125 0.6407407407407407 0.023958333333333335 0.03333333333333333
1 0.4421875 0.5962962962962963 0.008854166666666666 0.030555555555555555
2 0.4453125 0.6083333333333333 0.004166666666666667 0.025
4 0.5796875 0.5861111111111111 0.014583333333333334 0.022222222222222223
1 0.5682291666666667 0.5638888888888889 0.008854166666666666 0.03611111111111111
1 0.55625 0.5222222222222223 0.00625 0.03333333333333333
1 0.5390625 0.4981481481481482 0.00625 0.025925925925925925
4 0.5401041666666667 0.5092592592592593 0.0036458333333333334 0.016666666666666666
3 0.5348958333333333 0.45 0.019270833333333334 0.027777777777777776
4 0.5666666666666667 0.48703703703703705 0.005729166666666666 0.024074074074074074
3 0.3609375 0.3101851851851852 0.019270833333333334 0.01574074074074074
3 0.37135416666666665 0.32037037037037036 0.015625 0.018518518518518517
3 0.3854166666666667 0.32592592592592595 0.021354166666666667 0.017592592592592594
3 0.38333333333333336 0.31203703703703706 0.020833333333333332 0.013888888888888888
1 0.38958333333333334 0.3138888888888889 0.0026041666666666665 0.014814814814814815
3 0.4791666666666667 0.23333333333333334 0.014583333333333334 0.008333333333333333
1 0.4713541666666667 0.23148148148148148 0.0020833333333333333 0.007407407407407408
4 0.46979166666666666 0.23425925925925925 0.005208333333333333 0.006481481481481481
1 0.503125 0.24166666666666667 0.0020833333333333333 0.007407407407407408
2 0.5036458333333333 0.24537037037037038 0.0015625 0.007407407407407408
1 0.4979166666666667 0.2462962962962963 0.0036458333333333334 0.008333333333333333
4 0.4973958333333333 0.25092592592592594 0.003125 0.010185185185185186
1 0.49895833333333334 0.24166666666666667 0.0026041666666666665 0.007407407407407408
1 0.4901041666666667 0.24166666666666667 0.0020833333333333333 0.005555555555555556
4 0.490625 0.2462962962962963 0.0020833333333333333 0.005555555555555556
1 0.4864583333333333 0.24259259259259258 0.0026041666666666665 0.005555555555555556
4 0.4869791666666667 0.24722222222222223 0.0020833333333333333 0.006481481481481481
1 0.4828125 0.23796296296296296 0.0020833333333333333 0.006481481481481481
4 0.4828125 0.24074074074074073 0.0015625 0.007407407407407408
1 0.4661458333333333 0.25925925925925924 0.0026041666666666665 0.007407407407407408
4 0.4661458333333333 0.2574074074074074 0.0020833333333333333 0.012962962962962963
2 0.490625 0.2601851851851852 0.005729166666666666 0.011111111111111112
1 0.5015625 0.2675925925925926 0.003125 0.006481481481481481
4 0.5010416666666667 0.26944444444444443 0.0036458333333333334 0.010185185185185186
1 0.5067708333333333 0.26851851851851855 0.003125 0.010185185185185186
4 0.5067708333333333 0.2722222222222222 0.003125 0.008333333333333333
1 0.475 0.4685185185185185 0.0046875 0.019444444444444445
4 0.47552083333333334 0.47685185185185186 0.004166666666666667 0.018518518518518517
1 0.4671875 0.42685185185185187 0.0036458333333333334 0.012037037037037037
1 0.4666666666666667 0.42685185185185187 0.0036458333333333334 0.010185185185185186
4 0.4666666666666667 0.4361111111111111 0.004166666666666667 0.013888888888888888
1 0.5052083333333334 0.4203703703703704 0.004166666666666667 0.014814814814814815
4 0.5046875 0.42777777777777776 0.004166666666666667 0.013888888888888888
2 0.5338541666666666 0.4212962962962963 0.008854166666666666 0.026851851851851852
2 0.5161458333333333 0.425 0.008333333333333333 0.026851851851851852
3 0.44583333333333336 0.387037037037037 0.011979166666666667 0.025
2 0.45416666666666666 0.3712962962962963 0.008333333333333333 0.018518518518518517
2 0.4421875 0.36203703703703705 0.009895833333333333 0.027777777777777776
1 0.4640625 0.37407407407407406 0.0046875 0.012962962962962963
2 0.46458333333333335 0.3824074074074074 0.003125 0.012037037037037037
1 0.525 0.3972222222222222 0.0046875 0.021296296296296296
1 0.5145833333333333 0.39537037037037037 0.005729166666666666 0.019444444444444445
4 0.5151041666666667 0.40185185185185185 0.004166666666666667 0.016666666666666666
1 0.5255208333333333 0.3712962962962963 0.0026041666666666665 0.022222222222222223
2 0.5197916666666667 0.3277777777777778 0.008854166666666666 0.019444444444444445
3 0.5145833333333333 0.3111111111111111 0.009375 0.013888888888888888
2 0.5125 0.2972222222222222 0.011458333333333333 0.014814814814814815
1 0.5088541666666667 0.3768518518518518 0.0036458333333333334 0.013888888888888888
2 0.5088541666666667 0.3861111111111111 0.003125 0.012037037037037037
1 0.4984375 0.38796296296296295 0.004166666666666667 0.014814814814814815
4 0.4979166666666667 0.39351851851851855 0.0036458333333333334 0.014814814814814815
1 0.49583333333333335 0.36574074074074076 0.0036458333333333334 0.011111111111111112
4 0.49635416666666665 0.3731481481481482 0.003125 0.012037037037037037
1 0.49947916666666664 0.3574074074074074 0.0026041666666666665 0.009259259259259259
4 0.4979166666666667 0.3611111111111111 0.0046875 0.012962962962962963
1 0.5046875 0.35 0.003125 0.009259259259259259
4 0.5046875 0.35648148148148145 0.003125 0.010185185185185186
1 0.5083333333333333 0.34444444444444444 0.003125 0.013888888888888888
1 0.5088541666666667 0.362962962962963 0.003125 0.010185185185185186
4 0.5078125 0.36018518518518516 0.005208333333333333 0.019444444444444445
3 0.5015625 0.33055555555555555 0.011979166666666667 0.019444444444444445
3 0.48541666666666666 0.32685185185185184 0.009375 0.01574074074074074
1 0.4822916666666667 0.3351851851851852 0.003125 0.010185185185185186
4 0.48125 0.3333333333333333 0.0046875 0.016666666666666666
1 0.4822916666666667 0.3212962962962963 0.003125 0.009259259259259259
4 0.48125 0.32592592592592595 0.005208333333333333 0.009259259259259259
3 0.45 0.33055555555555555 0.009895833333333333 0.019444444444444445
3 0.4625 0.3138888888888889 0.010416666666666666 0.016666666666666666
1 0.4666666666666667 0.2796296296296296 0.003125 0.007407407407407408
4 0.4666666666666667 0.28425925925925927 0.0026041666666666665 0.010185185185185186
1 0.46927083333333336 0.2851851851851852 0.003125 0.007407407407407408
4 0.46979166666666666 0.2898148148148148 0.0026041666666666665 0.007407407407407408
1 0.484375 0.275 0.0036458333333333334 0.009259259259259259
4 0.484375 0.28055555555555556 0.003125 0.008333333333333333
1 0.49114583333333334 0.27685185185185185 0.0026041666666666665 0.008333333333333333
4 0.49114583333333334 0.2814814814814815 0.0026041666666666665 0.009259259259259259
1 0.4947916666666667 0.2851851851851852 0.003125 0.009259259259259259
4 0.49583333333333335 0.29074074074074074 0.0015625 0.008333333333333333
1 0.503125 0.2814814814814815 0.0020833333333333333 0.010185185185185186
4 0.5015625 0.2861111111111111 0.0036458333333333334 0.009259259259259259
1 0.5052083333333334 0.3 0.0036458333333333334 0.013888888888888888
1 0.49635416666666665 0.30833333333333335 0.0026041666666666665 0.006481481481481481
1 0.4953125 0.30462962962962964 0.0036458333333333334 0.009259259259259259
4 0.49583333333333335 0.3101851851851852 0.0026041666666666665 0.009259259259259259
1 0.47708333333333336 0.3101851851851852 0.0026041666666666665 0.007407407407407408
4 0.47708333333333336 0.3148148148148148 0.0036458333333333334 0.010185185185185186
1 0.48020833333333335 0.30277777777777776 0.0026041666666666665 0.008333333333333333
4 0.4791666666666667 0.30833333333333335 0.004166666666666667 0.008333333333333333
1 0.47239583333333335 0.30185185185185187 0.0036458333333333334 0.010185185185185186
4 0.47291666666666665 0.3074074074074074 0.0026041666666666665 0.009259259259259259
