1 0.475671875 0.6263231850117096 0.09390625 0.2052927400468384
1 0.549359375 0.3162763466042155 0.029890624999999997 0.1251288056206089
1 0.8280312500000001 0.41911007025761127 0.065703125 0.14662763466042156
1 0.7183437500000001 0.2412646370023419 0.035359375 0.072903981264637
1 0.5957656250000001 0.341943793911007 0.026921875 0.1019672131147541
1 0.173921875 0.6015690866510539 0.08695312499999999 0.19325526932084308
1 0.698734375 0.183536299765808 0.021015625 0.032388758782201404
1 0.029890624999999997 0.3519672131147541 0.028109375 0.09107728337236534
1 0.598953125 0.37871194379391104 0.044437500000000005 0.157096018735363
37 0.45646875 0.5292505854800937 0.0074687500000000006 0.010608899297423887
62 0.5074062500000001 0.38489461358313815 0.026078125 0.0534192037470726
62 0.05178125 0.5303981264637002 0.043687500000000004 0.07655737704918032
62 0.08159374999999999 0.5179859484777518 0.021203125 0.030538641686182668
62 0.114421875 0.41911007025761127 0.019234375 0.05875878220140515
1 0.660515625 0.17201405152224825 0.02146875 0.04426229508196721
1 0.120796875 0.38569086651053863 0.0371875 0.09194379391100702
1 0.486765625 0.1623887587822014 0.030656250000000003 0.05187353629976581
1 0.773390625 0.1388992974238876 0.019921875 0.03278688524590164
62 0.10575000000000001 0.41950819672131145 0.01175 0.009929742388758782
62 0.20245312499999998 0.17505854800936768 0.018734375 0.014941451990632319
43 0.474703125 0.6790866510538642 0.0255625 0.03702576112412178
43 0.88065625 0.4446135831381733 0.01028125 0.013981264637002342
43 0.616765625 0.4274941451990632 0.017390625 0.020960187353629974
1 0.0015625 0.0 0.996875 0.6112412177985949
