3 0.39191176470588235 0.7098039215686275 0.04191176470588235 0.1411764705882353
3 0.5220588235294118 0.7686274509803922 0.04191176470588235 0.12156862745098039
3 0.5919117647058824 0.8339869281045752 0.04926470588235294 0.13333333333333333
3 0.4125 0.5751633986928104 0.03897058823529412 0.09281045751633987
3 0.5080882352941176 0.5712418300653594 0.03529411764705882 0.08104575163398693
3 0.5507352941176471 0.49019607843137253 0.03308823529411765 0.06797385620915032
3 0.5110294117647058 0.46013071895424834 0.028676470588235293 0.06666666666666667
3 0.4573529411764706 0.39477124183006534 0.027941176470588237 0.06928104575163399
3 0.4102941176470588 0.32679738562091504 0.03161764705882353 0.06405228758169934
3 0.43970588235294117 0.29934640522875816 0.022058823529411766 0.0457516339869281
3 0.46838235294117647 0.28104575163398693 0.021323529411764706 0.04183006535947712
3 0.30073529411764705 0.43790849673202614 0.061764705882352944 0.0718954248366013
3 0.6308823529411764 0.4065359477124183 0.05955882352941176 0.0457516339869281
3 0.5463235294117647 0.38300653594771245 0.051470588235294115 0.0457516339869281
3 0.5669117647058823 0.3503267973856209 0.03676470588235294 0.044444444444444446
3 0.5 0.26666666666666666 0.019852941176470587 0.043137254901960784
3 0.5220588235294118 0.28627450980392155 0.019852941176470587 0.036601307189542485
3 0.5470588235294118 0.29673202614379085 0.022794117647058822 0.040522875816993466
3 0.5301470588235294 0.24444444444444444 0.019852941176470587 0.0392156862745098
3 0.44485294117647056 0.23137254901960785 0.01911764705882353 0.040522875816993466
3 0.47352941176470587 0.22091503267973855 0.01911764705882353 0.036601307189542485
3 0.4727941176470588 0.17516339869281045 0.016911764705882352 0.032679738562091505
3 0.45 0.16209150326797386 0.016176470588235296 0.030065359477124184
8 0.4963235294117647 0.1411764705882353 0.028676470588235293 0.10718954248366012
3 0.5411764705882353 0.11633986928104575 0.013235294117647059 0.023529411764705882
3 0.4823529411764706 0.12941176470588237 0.013970588235294118 0.02875816993464052
6 0.45294117647058824 0.10326797385620914 0.021323529411764706 0.058823529411764705
3 0.47794117647058826 0.1084967320261438 0.013970588235294118 0.026143790849673203
3 0.5088235294117647 0.10196078431372549 0.0125 0.022222222222222223
1 0.4455882352941177 0.12941176470588237 0.004411764705882353 0.023529411764705882
1 0.5345588235294118 0.09411764705882353 0.004411764705882353 0.01437908496732026
4 0.5345588235294118 0.09803921568627451 0.004411764705882353 0.018300653594771243
4 0.5316176470588235 0.05751633986928104 0.003676470588235294 0.013071895424836602
1 0.5316176470588235 0.05228758169934641 0.003676470588235294 0.01437908496732026
3 0.4610294117647059 0.08366013071895424 0.011764705882352941 0.02091503267973856
8 0.48308823529411765 0.06666666666666667 0.016176470588235296 0.0457516339869281
3 0.5066176470588235 0.08104575163398693 0.011764705882352941 0.02091503267973856
3 0.5227941176470589 0.08104575163398693 0.0125 0.02091503267973856
3 0.46176470588235297 0.05620915032679739 0.011764705882352941 0.022222222222222223
3 0.4698529411764706 0.040522875816993466 0.009558823529411765 0.02483660130718954
3 0.5080882352941176 0.06535947712418301 0.011764705882352941 0.0196078431372549
3 0.5183823529411765 0.05359477124183006 0.011029411764705883 0.018300653594771243
3 0.5352941176470588 0.047058823529411764 0.008088235294117648 0.0196078431372549
3 0.5051470588235294 0.05228758169934641 0.009558823529411765 0.01699346405228758
3 0.48308823529411765 0.0392156862745098 0.010294117647058823 0.022222222222222223
3 0.5051470588235294 0.04183006535947712 0.010294117647058823 0.01568627450980392
3 0.5183823529411765 0.036601307189542485 0.009558823529411765 0.018300653594771243
3 0.5323529411764706 0.032679738562091505 0.008088235294117648 0.01437908496732026
3 0.5279411764705882 0.02091503267973856 0.008088235294117648 0.01437908496732026
3 0.5147058823529411 0.026143790849673203 0.010294117647058823 0.01437908496732026
3 0.5029411764705882 0.02875816993464052 0.010294117647058823 0.018300653594771243
3 0.5058823529411764 0.018300653594771243 0.008088235294117648 0.013071895424836602
3 0.5058823529411764 0.01045751633986928 0.008823529411764706 0.013071895424836602
3 0.4875 0.030065359477124184 0.009558823529411765 0.018300653594771243
3 0.47352941176470587 0.027450980392156862 0.009558823529411765 0.02091503267973856
3 0.8169117647058823 0.6980392156862745 0.07426470588235294 0.09803921568627451
3 0.7514705882352941 0.5516339869281046 0.08529411764705883 0.06405228758169934
3 0.9529411764705882 0.5620915032679739 0.047058823529411764 0.06013071895424837
3 0.8536764705882353 0.5032679738562091 0.06911764705882353 0.05359477124183006
3 0.8382352941176471 0.46405228758169936 0.0625 0.05228758169934641
3 0.8088235294117647 0.4287581699346405 0.06691176470588235 0.05751633986928104
3 0.8294117647058824 0.39869281045751637 0.05588235294117647 0.044444444444444446
3 0.7323529411764705 0.4169934640522876 0.05661764705882353 0.047058823529411764
3 0.9147058823529411 0.4522875816993464 0.06544117647058824 0.054901960784313725
3 0.8963235294117647 0.42483660130718953 0.06102941176470588 0.048366013071895426
3 0.9522058823529411 0.3790849673202614 0.04779411764705882 0.048366013071895426
3 0.9625 0.4091503267973856 0.0375 0.04967320261437908
1 0.9544117647058824 0.33464052287581697 0.011764705882352941 0.03529411764705882
3 0.0 0.657516339869281 0.057352941176470586 0.06535947712418301
3 0.0 0.7241830065359477 0.051470588235294115 0.06666666666666667
3 0.0 0.7764705882352941 0.05808823529411765 0.08758169934640522
1 0.2801470588235294 0.41830065359477125 0.013235294117647059 0.047058823529411764
1 0.8294117647058824 0.9529411764705882 0.016176470588235296 0.047058823529411764
1 0.9727941176470588 0.7516339869281046 0.015441176470588236 0.04183006535947712
1 0.9830882352941176 0.7477124183006536 0.0125 0.0392156862745098
4 0.9705882352941176 0.7568627450980392 0.029411764705882353 0.043137254901960784
1 0.6154411764705883 0.3176470588235294 0.005147058823529412 0.03529411764705882
1 0.6301470588235294 0.3359477124183007 0.008823529411764706 0.036601307189542485
1 0.6441176470588236 0.338562091503268 0.008088235294117648 0.03529411764705882
1 0.6529411764705882 0.33986928104575165 0.006617647058823529 0.036601307189542485
3 0.763235294117647 0.13333333333333333 0.03235294117647059 0.02483660130718954
3 0.7639705882352941 0.12549019607843137 0.03235294117647059 0.02483660130718954
3 0.8147058823529412 0.07450980392156863 0.025735294117647058 0.01699346405228758
3 0.8183823529411764 0.06928104575163399 0.023529411764705882 0.018300653594771243
3 0.022794117647058822 0.09673202614379085 0.027205882352941177 0.026143790849673203
3 0.03897058823529412 0.08235294117647059 0.03235294117647059 0.022222222222222223
3 0.06911764705882353 0.07058823529411765 0.016911764705882352 0.0196078431372549
3 0.08235294117647059 0.07320261437908497 0.020588235294117647 0.023529411764705882
3 0.12352941176470589 0.09803921568627451 0.025735294117647058 0.026143790849673203
3 0.125 0.07581699346405228 0.01838235294117647 0.02483660130718954
3 0.14705882352941177 0.07581699346405228 0.015441176470588236 0.023529411764705882
3 0.14411764705882352 0.05359477124183006 0.030147058823529412 0.023529411764705882
3 0.175 0.10065359477124183 0.019852941176470587 0.027450980392156862
3 0.20147058823529412 0.09803921568627451 0.020588235294117647 0.026143790849673203
3 0.22647058823529412 0.09673202614379085 0.01838235294117647 0.027450980392156862
3 0.24705882352941178 0.09673202614379085 0.015441176470588236 0.026143790849673203
3 0.26323529411764707 0.10065359477124183 0.01911764705882353 0.026143790849673203
8 0.21911764705882353 0.05620915032679739 0.03897058823529412 0.032679738562091505
3 0.2985294117647059 0.06143790849673202 0.013235294117647059 0.022222222222222223
1 0.7191176470588235 0.3803921568627451 0.009558823529411765 0.03790849673202614
4 0.7125 0.3895424836601307 0.019852941176470587 0.027450980392156862
3 0.9198529411764705 0.16993464052287582 0.03455882352941177 0.027450980392156862
3 0.9397058823529412 0.1830065359477124 0.03823529411764706 0.032679738562091505
3 0.836764705882353 0.16732026143790849 0.03235294117647059 0.02483660130718954
