1 0.12552083333333333 0.7472222222222222 0.030208333333333334 0.08703703703703704
2 0.24010416666666667 0.6546296296296297 0.0484375 0.1175925925925926
3 0.3776041666666667 0.3972222222222222 0.033854166666666664 0.06111111111111111
3 0.4901041666666667 0.4083333333333333 0.03697916666666667 0.07685185185185185
3 0.234375 0.38425925925925924 0.035416666666666666 0.06296296296296296
1 0.24791666666666667 0.4722222222222222 0.018229166666666668 0.049074074074074076
3 0.25104166666666666 0.28703703703703703 0.0234375 0.03611111111111111
3 0.2635416666666667 0.26851851851851855 0.022916666666666665 0.037037037037037035
3 0.3765625 0.27037037037037037 0.020833333333333332 0.046296296296296294
6 0.4661458333333333 0.2222222222222222 0.0265625 0.07314814814814814
3 0.5692708333333333 0.33240740740740743 0.0578125 0.03518518518518519
3 0.5421875 0.30185185185185187 0.05416666666666667 0.032407407407407406
4 0.284375 0.2351851851851852 0.014583333333333334 0.018518518518518517
4 0.4421875 0.26666666666666666 0.00625 0.020370370370370372
4 0.42135416666666664 0.24166666666666667 0.0046875 0.018518518518518517
1 0.4427083333333333 0.2601851851851852 0.005729166666666666 0.020370370370370372
1 0.42083333333333334 0.23425925925925925 0.005729166666666666 0.021296296296296296
3 0.29791666666666666 0.21851851851851853 0.017708333333333333 0.032407407407407406
3 0.27760416666666665 0.21574074074074073 0.0265625 0.022222222222222223
8 0.4635416666666667 0.2037037037037037 0.015625 0.02962962962962963
3 0.4234375 0.1925925925925926 0.013020833333333334 0.018518518518518517
3 0.42864583333333334 0.16666666666666666 0.009895833333333333 0.013888888888888888
6 0.45989583333333334 0.1787037037037037 0.016666666666666666 0.041666666666666664
6 0.45729166666666665 0.15185185185185185 0.0125 0.032407407407407406
8 0.4557291666666667 0.1425925925925926 0.009895833333333333 0.020370370370370372
2 0.4005208333333333 0.2064814814814815 0.008333333333333333 0.016666666666666666
1 0.45208333333333334 0.1425925925925926 0.0026041666666666665 0.012037037037037037
3 0.43802083333333336 0.1361111111111111 0.0067708333333333336 0.009259259259259259
8 0.5078125 0.6222222222222222 0.096875 0.21666666666666667
8 0.5385416666666667 0.7537037037037037 0.1140625 0.2462962962962963
