3 0.41354166666666664 0.8898148148148148 0.05364583333333333 0.11018518518518519
1 0.6416666666666667 0.6694444444444444 0.0125 0.06296296296296296
4 0.5510416666666667 0.6342592592592593 0.0140625 0.04722222222222222
1 0.5526041666666667 0.6314814814814815 0.013020833333333334 0.03425925925925926
3 0.1390625 0.7018518518518518 0.0609375 0.10648148148148148
3 0.24791666666666667 0.525 0.03802083333333333 0.05555555555555555
8 0.234375 0.475 0.035416666666666666 0.05
3 0.4270833333333333 0.4027777777777778 0.021354166666666667 0.03425925925925926
3 0.3067708333333333 0.42962962962962964 0.027083333333333334 0.044444444444444446
3 0.26614583333333336 0.4148148148148148 0.028645833333333332 0.046296296296296294
2 0.2598958333333333 0.3888888888888889 0.015104166666666667 0.02962962962962963
1 0.2604166666666667 0.3888888888888889 0.009375 0.025
3 0.31354166666666666 0.3435185185185185 0.022395833333333334 0.032407407407407406
3 0.3619791666666667 0.3611111111111111 0.020833333333333332 0.04537037037037037
3 0.41041666666666665 0.3435185185185185 0.017708333333333333 0.02962962962962963
3 0.390625 0.2916666666666667 0.015625 0.030555555555555555
3 0.3515625 0.25462962962962965 0.0140625 0.021296296296296296
3 0.36875 0.25277777777777777 0.0125 0.024074074074074074
3 0.3932291666666667 0.2574074074074074 0.013020833333333334 0.022222222222222223
3 0.39739583333333334 0.23333333333333334 0.011458333333333333 0.016666666666666666
3 0.39166666666666666 0.2212962962962963 0.009895833333333333 0.016666666666666666
2 0.38125 0.21481481481481482 0.004166666666666667 0.011111111111111112
1 0.38177083333333334 0.21203703703703702 0.0026041666666666665 0.011111111111111112
3 0.4041666666666667 0.19907407407407407 0.009375 0.013888888888888888
3 0.41302083333333334 0.2037037037037037 0.008854166666666666 0.018518518518518517
3 0.4192708333333333 0.18981481481481483 0.008333333333333333 0.012962962962962963
3 0.43645833333333334 0.23148148148148148 0.0109375 0.016666666666666666
3 0.440625 0.21944444444444444 0.009895833333333333 0.01574074074074074
3 0.44114583333333335 0.21574074074074073 0.009375 0.011111111111111112
3 0.4432291666666667 0.20925925925925926 0.008854166666666666 0.012962962962962963
3 0.4703125 0.2175925925925926 0.008854166666666666 0.01574074074074074
3 0.4453125 0.20277777777777778 0.009375 0.012962962962962963
3 0.44583333333333336 0.19907407407407407 0.009375 0.011111111111111112
3 0.4479166666666667 0.19074074074074074 0.0078125 0.012037037037037037
