67 0.152125 0.1698125 0.737609375 0.8136875
47 0.311640625 0.2464375 0.171015625 0.17479166666666668
48 0.574984375 0.6882291666666667 0.2380625 0.23791666666666667
48 0.458203125 0.8504791666666667 0.29700000000000004 0.091875
49 0.47037500000000004 0.7760625 0.28959375 0.1323125
59 0.207296875 0.5139166666666667 0.315171875 0.4427083333333333
50 0.557640625 0.4286875 0.156484375 0.067625
52 0.702359375 0.5711875000000001 0.045984375 0.06583333333333334
52 0.6639999999999999 0.6059375 0.043859375 0.059520833333333335
52 0.6934375 0.6227083333333333 0.067328125 0.07070833333333333
52 0.755 0.6299166666666667 0.04503125 0.08537499999999999
52 0.7907656249999999 0.67325 0.04584375 0.0830625
52 0.28040625 0.5703125 0.0715625 0.0566875
52 0.23034374999999999 0.6348333333333334 0.059046875 0.06002083333333333
52 0.739875 0.6279375 0.023390625 0.0331875
47 0.49090625 0.3688333333333333 0.15390625 0.15843749999999998
52 0.40549999999999997 0.663625 0.03621875 0.09425
