40 0.24597999999999998 0.5005705705705705 0.017 0.023963963963963966
1 0.18902000000000002 0.41864864864864865 0.07490000000000001 0.2437837837837838
1 0.34646 0.45186186186186184 0.09179999999999999 0.24552552552552553
1 0.94956 0.11384384384384383 0.04768 0.19342342342342342
1 0.5118199999999999 0.005615615615615616 0.07206 0.1847147147147147
1 0.57894 0.46549549549549546 0.1055 0.24636636636636638
1 0.48288 0.4803603603603604 0.08126 0.2378078078078078
1 0.03102 0.0 0.04468 0.17195195195195195
1 0.30432 0.0 0.038439999999999995 0.07270270270270271
1 0.3609 0.0013213213213213214 0.0585 0.11096096096096097
1 0.58458 0.0 0.02826 0.0833933933933934
1 0.5419400000000001 0.4548648648648649 0.07692 0.24555555555555555
1 0.43768 0.47885885885885887 0.05754 0.23102102102102104
1 0.39882 0.44336336336336335 0.07232 0.2588888888888889
1 0.1 0.0 0.808 0.7237237237237237
