44 0.17284375000000002 0.478169014084507 0.058875 0.26255868544600935
62 0.247359375 0.24436619718309857 0.29234375 0.3873943661971831
62 0.78678125 0.26673708920187794 0.21321875 0.7123474178403756
67 0.0 0.4786150234741784 0.5535625 0.5101408450704226
47 0.367484375 0.6875117370892019 0.068984375 0.09392018779342723
47 0.25720312500000003 0.8869014084507042 0.077625 0.11309859154929577
47 0.3589375 0.8908685446009389 0.074015625 0.10913145539906104
49 0.393453125 0.6260328638497652 0.07853125 0.03615023474178404
50 0.298515625 0.7363380281690141 0.06215625 0.027769953051643193
55 0.292546875 0.6858450704225353 0.033203125 0.05131455399061033
1 0.4218125 0.013474178403755869 0.562421875 0.9730516431924883
51 0.15603125 0.8233568075117371 0.09440625 0.11406103286384978
51 0.39651562500000004 0.7545070422535212 0.157890625 0.12762910798122065
44 0.1159375 0.6596009389671361 0.07775 0.18605633802816904
50 0.173390625 0.7805399061032864 0.1086875 0.10481220657276995
