3 0.3926470588235294 0.06797385620915032 0.003676470588235294 0.006535947712418301
3 0.3941176470588235 0.07581699346405228 0.003676470588235294 0.00522875816993464
3 0.3860294117647059 0.07450980392156863 0.003676470588235294 0.00392156862745098
3 0.3845588235294118 0.0784313725490196 0.003676470588235294 0.00784313725490196
3 0.38382352941176473 0.09411764705882353 0.005147058823529412 0.00784313725490196
3 0.3779411764705882 0.0915032679738562 0.005147058823529412 0.006535947712418301
3 0.37426470588235294 0.09281045751633987 0.003676470588235294 0.00784313725490196
3 0.3941176470588235 0.09019607843137255 0.005147058823529412 0.00784313725490196
3 0.3941176470588235 0.09673202614379085 0.005147058823529412 0.00784313725490196
3 0.4036764705882353 0.09934640522875816 0.005147058823529412 0.006535947712418301
3 0.4 0.10457516339869281 0.004411764705882353 0.00784313725490196
8 0.4022058823529412 0.10588235294117647 0.0058823529411764705 0.01045751633986928
3 0.3941176470588235 0.10588235294117647 0.0058823529411764705 0.009150326797385621
1 0.4117647058823529 0.10326797385620914 0.0029411764705882353 0.00784313725490196
4 0.4117647058823529 0.10718954248366012 0.0029411764705882353 0.00784313725490196
1 0.3801470588235294 0.1111111111111111 0.003676470588235294 0.009150326797385621
1 0.3683823529411765 0.12026143790849673 0.0029411764705882353 0.006535947712418301
4 0.3683823529411765 0.12418300653594772 0.0029411764705882353 0.006535947712418301
3 0.36617647058823527 0.10980392156862745 0.0058823529411764705 0.01045751633986928
3 0.39705882352941174 0.12549019607843137 0.007352941176470588 0.01045751633986928
3 0.3948529411764706 0.12810457516339868 0.008088235294117648 0.013071895424836602
3 0.3963235294117647 0.13856209150326798 0.007352941176470588 0.011764705882352941
3 0.41691176470588237 0.13725490196078433 0.007352941176470588 0.009150326797385621
3 0.4183823529411765 0.13986928104575164 0.005147058823529412 0.01045751633986928
3 0.42058823529411765 0.14248366013071895 0.008088235294117648 0.011764705882352941
1 0.41102941176470587 0.13333333333333333 0.0029411764705882353 0.006535947712418301
1 0.4088235294117647 0.13725490196078433 0.0022058823529411764 0.00784313725490196
4 0.4117647058823529 0.13856209150326798 0.0022058823529411764 0.006535947712418301
4 0.40955882352941175 0.14248366013071895 0.0014705882352941176 0.00522875816993464
1 0.35073529411764703 0.09934640522875816 0.0029411764705882353 0.01045751633986928
3 0.3492647058823529 0.09673202614379085 0.0058823529411764705 0.006535947712418301
3 0.3463235294117647 0.10196078431372549 0.005147058823529412 0.009150326797385621
3 0.3382352941176471 0.11503267973856209 0.006617647058823529 0.01045751633986928
3 0.33455882352941174 0.12156862745098039 0.006617647058823529 0.01045751633986928
3 0.3272058823529412 0.11503267973856209 0.010294117647058823 0.00784313725490196
3 0.3272058823529412 0.12941176470588237 0.007352941176470588 0.01045751633986928
3 0.4426470588235294 0.12941176470588237 0.009558823529411765 0.01045751633986928
3 0.44632352941176473 0.13333333333333333 0.008823529411764706 0.01045751633986928
3 0.4441176470588235 0.13856209150326798 0.009558823529411765 0.01045751633986928
8 0.45 0.13986928104575164 0.008823529411764706 0.013071895424836602
3 0.4235294117647059 0.1542483660130719 0.009558823529411765 0.01568627450980392
3 0.425 0.17254901960784313 0.011029411764705883 0.01568627450980392
1 0.4176470588235294 0.16470588235294117 0.004411764705882353 0.009150326797385621
4 0.4176470588235294 0.17124183006535948 0.003676470588235294 0.009150326797385621
1 0.4102941176470588 0.15816993464052287 0.0029411764705882353 0.009150326797385621
2 0.40955882352941175 0.16209150326797386 0.0058823529411764705 0.013071895424836602
3 0.3963235294117647 0.17254901960784313 0.011029411764705883 0.01699346405228758
3 0.3911764705882353 0.15947712418300652 0.010294117647058823 0.01568627450980392
3 0.34852941176470587 0.134640522875817 0.010294117647058823 0.01437908496732026
3 0.35661764705882354 0.14640522875816994 0.008088235294117648 0.011764705882352941
3 0.3522058823529412 0.15163398692810456 0.009558823529411765 0.01437908496732026
3 0.30808823529411766 0.1450980392156863 0.008823529411764706 0.01568627450980392
3 0.31691176470588234 0.14901960784313725 0.010294117647058823 0.01437908496732026
3 0.31985294117647056 0.17124183006535948 0.009558823529411765 0.013071895424836602
3 0.3073529411764706 0.16209150326797386 0.011764705882352941 0.018300653594771243
3 0.3014705882352941 0.1738562091503268 0.011764705882352941 0.01699346405228758
3 0.4588235294117647 0.15163398692810456 0.009558823529411765 0.01699346405228758
3 0.4588235294117647 0.16339869281045752 0.014705882352941176 0.01699346405228758
3 0.46691176470588236 0.17777777777777778 0.013235294117647059 0.01568627450980392
3 0.47205882352941175 0.19084967320261437 0.010294117647058823 0.018300653594771243
3 0.4801470588235294 0.19215686274509805 0.016176470588235296 0.02091503267973856
1 0.46397058823529413 0.18169934640522875 0.005147058823529412 0.0196078431372549
3 0.4323529411764706 0.1934640522875817 0.011029411764705883 0.018300653594771243
1 0.4441176470588235 0.21176470588235294 0.003676470588235294 0.018300653594771243
1 0.44191176470588234 0.20784313725490197 0.003676470588235294 0.02091503267973856
1 0.42720588235294116 0.2 0.004411764705882353 0.011764705882352941
4 0.42720588235294116 0.20784313725490197 0.005147058823529412 0.011764705882352941
1 0.41544117647058826 0.2 0.004411764705882353 0.011764705882352941
4 0.4147058823529412 0.2065359477124183 0.005147058823529412 0.011764705882352941
3 0.3764705882352941 0.21830065359477124 0.013235294117647059 0.02091503267973856
3 0.3375 0.23006535947712417 0.015441176470588236 0.02483660130718954
1 0.3375 0.2 0.004411764705882353 0.01045751633986928
4 0.3375 0.20522875816993463 0.003676470588235294 0.013071895424836602
1 0.31029411764705883 0.19869281045751633 0.005147058823529412 0.01045751633986928
4 0.31029411764705883 0.20522875816993463 0.004411764705882353 0.01045751633986928
1 0.27058823529411763 0.23398692810457516 0.005147058823529412 0.023529411764705882
3 0.2235294117647059 0.2326797385620915 0.030147058823529412 0.027450980392156862
3 0.23455882352941176 0.27712418300653596 0.026470588235294117 0.0392156862745098
1 0.26838235294117646 0.27320261437908494 0.005147058823529412 0.026143790849673203
1 0.26323529411764707 0.27058823529411763 0.005147058823529412 0.030065359477124184
1 0.25 0.2758169934640523 0.0058823529411764705 0.0196078431372549
3 0.17720588235294119 0.30196078431372547 0.04191176470588235 0.02875816993464052
3 0.175 0.3738562091503268 0.03529411764705882 0.0392156862745098
3 0.12794117647058822 0.4522875816993464 0.04044117647058824 0.06666666666666667
4 0.09485294117647058 0.44575163398692813 0.022794117647058822 0.030065359477124184
4 0.08014705882352942 0.43529411764705883 0.026470588235294117 0.03398692810457516
4 0.08676470588235294 0.4339869281045752 0.019852941176470587 0.02875816993464052
4 0.057352941176470586 0.39215686274509803 0.025 0.02483660130718954
4 0.039705882352941174 0.40522875816993464 0.013235294117647059 0.030065359477124184
1 0.09191176470588236 0.7084967320261438 0.01911764705882353 0.06797385620915032
1 0.31838235294117645 0.25359477124183005 0.005147058823529412 0.026143790849673203
4 0.3220588235294118 0.2601307189542484 0.004411764705882353 0.022222222222222223
3 0.36470588235294116 0.265359477124183 0.016911764705882352 0.02875816993464052
3 0.3977941176470588 0.2522875816993464 0.01764705882352941 0.027450980392156862
1 0.41544117647058826 0.2601307189542484 0.004411764705882353 0.026143790849673203
1 0.4176470588235294 0.25882352941176473 0.005147058823529412 0.02483660130718954
3 0.4514705882352941 0.2549019607843137 0.028676470588235293 0.023529411764705882
1 0.4625 0.2928104575163399 0.0058823529411764705 0.01437908496732026
2 0.4632352941176471 0.3045751633986928 0.005147058823529412 0.0196078431372549
3 0.35441176470588237 0.330718954248366 0.023529411764705882 0.043137254901960784
1 0.37279411764705883 0.4444444444444444 0.009558823529411765 0.026143790849673203
2 0.3713235294117647 0.44575163398692813 0.01838235294117647 0.0457516339869281
3 0.42205882352941176 0.6130718954248366 0.04485294117647059 0.09019607843137255
1 0.35808823529411765 0.5620915032679739 0.013970588235294118 0.036601307189542485
2 0.3352941176470588 0.5633986928104575 0.03602941176470588 0.06013071895424837
1 0.30808823529411766 0.5673202614379085 0.011764705882352941 0.058823529411764705
1 0.24338235294117647 0.5686274509803921 0.014705882352941176 0.05359477124183006
2 0.24411764705882352 0.5895424836601307 0.011029411764705883 0.043137254901960784
3 0.4933823529411765 0.2261437908496732 0.016911764705882352 0.01699346405228758
3 0.49558823529411766 0.23660130718954248 0.013970588235294118 0.02091503267973856
3 0.5 0.25098039215686274 0.03529411764705882 0.022222222222222223
3 0.5051470588235294 0.26666666666666666 0.01838235294117647 0.026143790849673203
3 0.5191176470588236 0.2758169934640523 0.020588235294117647 0.03529411764705882
3 0.5301470588235294 0.2928104575163399 0.022058823529411766 0.03790849673202614
3 0.5573529411764706 0.3464052287581699 0.025 0.03790849673202614
3 0.5860294117647059 0.4143790849673203 0.03308823529411765 0.044444444444444446
3 0.6066176470588235 0.43137254901960786 0.054411764705882354 0.050980392156862744
3 0.6477941176470589 0.5137254901960784 0.05 0.0718954248366013
3 0.6852941176470588 0.6052287581699346 0.05588235294117647 0.07058823529411765
3 0.7286764705882353 0.6758169934640523 0.07720588235294118 0.11241830065359477
3 0.9720588235294118 0.9019607843137255 0.027941176470588237 0.08235294117647059
3 0.8698529411764706 0.730718954248366 0.07573529411764705 0.13202614379084968
1 0.8647058823529412 0.7215686274509804 0.0125 0.07320261437908497
1 0.875 0.722875816993464 0.0058823529411764705 0.026143790849673203
3 0.9014705882352941 0.6666666666666666 0.08088235294117647 0.08888888888888889
3 0.836764705882353 0.6235294117647059 0.10808823529411765 0.08888888888888889
3 0.7985294117647059 0.5738562091503268 0.09338235294117647 0.06143790849673202
3 0.7610294117647058 0.5477124183006536 0.08602941176470588 0.054901960784313725
3 0.7139705882352941 0.5228758169934641 0.08235294117647059 0.06274509803921569
3 0.7213235294117647 0.4888888888888889 0.07205882352941176 0.050980392156862744
3 0.7036764705882353 0.45751633986928103 0.07794117647058824 0.048366013071895426
3 0.6919117647058823 0.43790849673202614 0.06985294117647059 0.0457516339869281
3 0.6772058823529412 0.4222222222222222 0.05514705882352941 0.036601307189542485
3 0.7102941176470589 0.38823529411764707 0.03676470588235294 0.047058823529411764
1 0.5632352941176471 0.29411764705882354 0.005147058823529412 0.02875816993464052
3 0.5625 0.27450980392156865 0.03602941176470588 0.030065359477124184
3 0.6022058823529411 0.23660130718954248 0.029411764705882353 0.027450980392156862
1 0.5970588235294118 0.26666666666666666 0.008088235294117648 0.018300653594771243
3 0.6683823529411764 0.23006535947712417 0.026470588235294117 0.026143790849673203
2 0.6882352941176471 0.2849673202614379 0.01911764705882353 0.047058823529411764
1 0.7110294117647059 0.2980392156862745 0.008088235294117648 0.023529411764705882
1 0.711764705882353 0.2928104575163399 0.0058823529411764705 0.011764705882352941
1 0.7066176470588236 0.28888888888888886 0.0058823529411764705 0.01568627450980392
1 0.7308823529411764 0.2901960784313726 0.006617647058823529 0.026143790849673203
1 0.7338235294117647 0.28627450980392155 0.004411764705882353 0.02483660130718954
1 0.725735294117647 0.28888888888888886 0.004411764705882353 0.022222222222222223
1 0.7845588235294118 0.27320261437908494 0.006617647058823529 0.023529411764705882
1 0.7764705882352941 0.27320261437908494 0.004411764705882353 0.022222222222222223
1 0.7779411764705882 0.2679738562091503 0.004411764705882353 0.02091503267973856
1 0.7808823529411765 0.2627450980392157 0.004411764705882353 0.01568627450980392
2 0.7727941176470589 0.2718954248366013 0.015441176470588236 0.01437908496732026
3 0.7522058823529412 0.25882352941176473 0.029411764705882353 0.023529411764705882
1 0.7529411764705882 0.27320261437908494 0.0058823529411764705 0.011764705882352941
2 0.7485294117647059 0.28366013071895424 0.011029411764705883 0.009150326797385621
3 0.8 0.25882352941176473 0.013970588235294118 0.018300653594771243
4 0.7691176470588236 0.3045751633986928 0.015441176470588236 0.0196078431372549
4 0.775 0.29150326797385623 0.010294117647058823 0.01699346405228758
4 0.7669117647058824 0.2928104575163399 0.0125 0.011764705882352941
4 0.7625 0.28627450980392155 0.008088235294117648 0.0196078431372549
2 0.7286764705882353 0.3150326797385621 0.013235294117647059 0.03529411764705882
2 0.725 0.2954248366013072 0.03676470588235294 0.043137254901960784
3 0.7485294117647059 0.3215686274509804 0.04926470588235294 0.026143790849673203
3 0.7580882352941176 0.33464052287581697 0.05073529411764706 0.02875816993464052
3 0.7522058823529412 0.3464052287581699 0.05661764705882353 0.030065359477124184
1 0.7294117647058823 0.34901960784313724 0.009558823529411765 0.03398692810457516
3 0.7625 0.35947712418300654 0.04632352941176471 0.03529411764705882
3 0.8007352941176471 0.3686274509803922 0.051470588235294115 0.030065359477124184
3 0.8110294117647059 0.3803921568627451 0.051470588235294115 0.03790849673202614
8 0.8352941176470589 0.3934640522875817 0.07352941176470588 0.043137254901960784
3 0.8669117647058824 0.41830065359477125 0.05661764705882353 0.0392156862745098
3 0.9029411764705882 0.4366013071895425 0.06323529411764706 0.0457516339869281
3 0.9272058823529412 0.4588235294117647 0.06838235294117648 0.044444444444444446
3 0.9529411764705882 0.4823529411764706 0.047058823529411764 0.044444444444444446
3 0.9852941176470589 0.5202614379084968 0.014705882352941176 0.02483660130718954
3 0.9536764705882353 0.534640522875817 0.04632352941176471 0.06143790849673202
2 0.9669117647058824 0.4235294117647059 0.015441176470588236 0.03529411764705882
4 0.9823529411764705 0.42745098039215684 0.011764705882352941 0.030065359477124184
