4 0.13428571428571429 0.013333333333333334 0.014285714285714285 0.011428571428571429
4 0.13285714285714287 0.02761904761904762 0.014285714285714285 0.010476190476190476
4 0.13214285714285715 0.037142857142857144 0.012142857142857143 0.008571428571428572
4 0.12928571428571428 0.045714285714285714 0.016428571428571428 0.007619047619047619
8 0.16785714285714284 0.02666666666666667 0.020714285714285713 0.045714285714285714
3 0.22714285714285715 0.03428571428571429 0.018571428571428572 0.040952380952380955
3 0.2671428571428571 0.037142857142857144 0.017857142857142856 0.04285714285714286
8 0.3264285714285714 0.0 0.022857142857142857 0.07047619047619047
3 0.32785714285714285 0.0761904761904762 0.016428571428571428 0.04380952380952381
3 0.30714285714285716 0.07047619047619047 0.014285714285714285 0.04666666666666667
3 0.2842857142857143 0.07428571428571429 0.017142857142857144 0.045714285714285714
3 0.20642857142857143 0.07523809523809524 0.016428571428571428 0.04
3 0.185 0.0761904761904762 0.016428571428571428 0.035238095238095235
3 0.28285714285714286 0.1619047619047619 0.035 0.023809523809523808
3 0.2807142857142857 0.18476190476190477 0.03857142857142857 0.023809523809523808
3 0.2785714285714286 0.20761904761904762 0.039285714285714285 0.025714285714285714
3 0.28214285714285714 0.23714285714285716 0.03642857142857143 0.023809523809523808
3 0.275 0.2619047619047619 0.04071428571428572 0.022857142857142857
3 0.27785714285714286 0.2904761904761905 0.03857142857142857 0.024761904761904763
3 0.27285714285714285 0.32 0.04357142857142857 0.024761904761904763
3 0.4328571428571429 0.037142857142857144 0.012857142857142857 0.040952380952380955
3 0.47214285714285714 0.03619047619047619 0.012857142857142857 0.0380952380952381
3 0.49 0.0380952380952381 0.015 0.0380952380952381
3 0.4907142857142857 0.07523809523809524 0.013571428571428571 0.039047619047619046
3 0.51 0.07714285714285714 0.014285714285714285 0.0380952380952381
3 0.5707142857142857 0.08285714285714285 0.015714285714285715 0.04
3 0.57 0.03619047619047619 0.014285714285714285 0.045714285714285714
3 0.55 0.035238095238095235 0.016428571428571428 0.04
8 0.5292857142857142 0.03238095238095238 0.016428571428571428 0.05047619047619047
3 0.51 0.02857142857142857 0.015714285714285715 0.04380952380952381
3 0.45 0.07714285714285714 0.015714285714285715 0.04285714285714286
3 0.42928571428571427 0.08190476190476191 0.015714285714285715 0.04
3 0.4514285714285714 0.16380952380952382 0.03642857142857143 0.024761904761904763
3 0.44571428571428573 0.18571428571428572 0.039285714285714285 0.02761904761904762
3 0.44642857142857145 0.21428571428571427 0.03785714285714286 0.023809523809523808
3 0.44285714285714284 0.2361904761904762 0.03857142857142857 0.02761904761904762
3 0.4442857142857143 0.26 0.04071428571428572 0.02666666666666667
3 0.44642857142857145 0.2876190476190476 0.03857142857142857 0.024761904761904763
3 0.022857142857142857 0.5314285714285715 0.04857142857142857 0.024761904761904763
2 0.03642857142857143 0.37142857142857144 0.02142857142857143 0.0380952380952381
4 0.05857142857142857 0.379047619047619 0.012142857142857143 0.022857142857142857
4 0.07142857142857142 0.37333333333333335 0.01 0.03142857142857143
4 0.15928571428571428 0.4095238095238095 0.019285714285714285 0.015238095238095238
1 0.165 0.40285714285714286 0.007857142857142858 0.01619047619047619
1 0.29214285714285715 0.4219047619047619 0.007142857142857143 0.009523809523809525
4 0.2892857142857143 0.4238095238095238 0.015 0.008571428571428572
3 0.5628571428571428 0.5238095238095238 0.041428571428571426 0.025714285714285714
3 0.65 0.37142857142857144 0.04357142857142857 0.02857142857142857
1 0.7692857142857142 0.5038095238095238 0.007857142857142858 0.011428571428571429
4 0.7628571428571429 0.5057142857142857 0.017857142857142856 0.010476190476190476
4 0.7707142857142857 0.5533333333333333 0.008571428571428572 0.023809523809523808
2 0.8364285714285714 0.5514285714285714 0.015714285714285715 0.030476190476190476
1 0.985 0.4895238095238095 0.007142857142857143 0.012380952380952381
4 0.9792857142857143 0.49047619047619045 0.014285714285714285 0.011428571428571429
