3 0.5878571428571429 0.48095238095238096 0.05714285714285714 0.07428571428571429
3 0.49357142857142855 0.40476190476190477 0.04928571428571429 0.04285714285714286
3 0.42714285714285716 0.34095238095238095 0.03214285714285714 0.030476190476190476
3 0.3192857142857143 0.32571428571428573 0.03 0.03428571428571429
3 0.2592857142857143 0.2057142857142857 0.02 0.023809523809523808
3 0.2985714285714286 0.1980952380952381 0.014285714285714285 0.017142857142857144
3 0.2735714285714286 0.1895238095238095 0.015714285714285715 0.01904761904761905
3 0.21428571428571427 0.1580952380952381 0.008571428571428572 0.01619047619047619
3 0.35 0.2695238095238095 0.02142857142857143 0.02095238095238095
4 0.5621428571428572 0.52 0.025714285714285714 0.02095238095238095
1 0.5685714285714286 0.5076190476190476 0.012142857142857143 0.02761904761904762
1 0.21928571428571428 0.5495238095238095 0.017857142857142856 0.037142857142857144
1 0.18785714285714286 0.5571428571428572 0.017142857142857144 0.0380952380952381
1 0.17785714285714285 0.5647619047619048 0.019285714285714285 0.04380952380952381
1 0.8307142857142857 0.5419047619047619 0.018571428571428572 0.049523809523809526
2 0.8192857142857143 0.5542857142857143 0.037142857142857144 0.029523809523809525
2 0.7442857142857143 0.4828571428571429 0.02642857142857143 0.035238095238095235
1 0.7528571428571429 0.47714285714285715 0.015714285714285715 0.03238095238095238
