3 0.5092857142857142 0.0 0.03 0.03619047619047619
3 0.4064285714285714 0.12285714285714286 0.06285714285714286 0.0380952380952381
2 0.5335714285714286 0.09047619047619047 0.016428571428571428 0.04380952380952381
3 0.4107142857142857 0.013333333333333334 0.05857142857142857 0.04
4 0.41928571428571426 0.22857142857142856 0.023571428571428573 0.01904761904761905
4 0.4057142857142857 0.21904761904761905 0.029285714285714286 0.015238095238095238
4 0.4085714285714286 0.20095238095238097 0.02857142857142857 0.017142857142857144
1 0.38571428571428573 0.17523809523809525 0.012142857142857143 0.023809523809523808
2 0.5107142857142857 0.18666666666666668 0.016428571428571428 0.04380952380952381
1 0.4692857142857143 0.3657142857142857 0.010714285714285714 0.02095238095238095
1 0.3842857142857143 0.32285714285714284 0.012857142857142857 0.015238095238095238
4 0.3985714285714286 0.32095238095238093 0.011428571428571429 0.03333333333333333
3 0.3892857142857143 0.4066666666666667 0.055714285714285716 0.04
3 0.38142857142857145 0.5019047619047619 0.06571428571428571 0.03619047619047619
3 0.3807142857142857 0.5457142857142857 0.07 0.037142857142857144
1 0.48 0.6523809523809524 0.010714285714285714 0.02
3 0.5207142857142857 0.5933333333333334 0.030714285714285715 0.09619047619047619
3 0.5207142857142857 0.7161904761904762 0.030714285714285715 0.09428571428571429
4 0.6507142857142857 0.7209523809523809 0.009285714285714286 0.03428571428571429
3 0.6778571428571428 0.72 0.03 0.10095238095238095
1 0.6871428571428572 0.5904761904761905 0.011428571428571429 0.025714285714285714
3 0.6664285714285715 0.4 0.02857142857142857 0.0838095238095238
3 0.6028571428571429 0.2780952380952381 0.024285714285714285 0.06190476190476191
3 0.6628571428571428 0.21142857142857144 0.02857142857142857 0.07333333333333333
3 0.5314285714285715 0.3019047619047619 0.027142857142857142 0.07238095238095238
3 0.6642857142857143 0.12476190476190477 0.03 0.07047619047619047
3 0.6585714285714286 0.0 0.02857142857142857 0.02666666666666667
3 0.485 0.8628571428571429 0.024285714285714285 0.0980952380952381
