3 0.42588726513569936 0.8051948051948052 0.050626304801670144 0.0862708719851577
3 0.4780793319415449 0.7458256029684601 0.04749478079331942 0.0862708719851577
3 0.3298538622129436 0.9137291280148423 0.04749478079331942 0.08534322820037106
3 0.7583507306889353 0.39053803339517623 0.0407098121085595 0.04823747680890538
3 0.7927974947807933 0.3228200371057514 0.0407098121085595 0.045454545454545456
3 0.8089770354906054 0.2922077922077922 0.038100208768267224 0.04359925788497217
3 0.9123173277661796 0.24397031539888683 0.022964509394572025 0.04359925788497217
3 0.8914405010438413 0.24768089053803338 0.02244258872651357 0.03710575139146568
8 0.7792275574112735 0.16883116883116883 0.07254697286012526 0.06957328385899815
3 0.9008350730688935 0.026901669758812616 0.014613778705636743 0.03432282003710575
3 0.9446764091858038 0.04823747680890538 0.015135699373695199 0.030612244897959183
3 0.9613778705636743 0.05009276437847866 0.01722338204592902 0.032467532467532464
3 0.9822546972860126 0.0575139146567718 0.016701461377870562 0.03339517625231911
3 0.524008350730689 0.13543599257884972 0.024008350730688934 0.03153988868274583
3 0.5083507306889353 0.11873840445269017 0.02244258872651357 0.0287569573283859
3 0.1069937369519833 0.5510204081632653 0.03392484342379958 0.06771799628942486
3 0.075678496868476 0.564935064935065 0.033402922755741124 0.07050092764378478
3 0.016701461377870562 0.6029684601113172 0.033402922755741124 0.07606679035250463
3 0.0 0.40166975881261596 0.022964509394572025 0.05102040816326531
2 0.14561586638830898 0.6298701298701299 0.0360125260960334 0.075139146567718
