6 0.6064285714285714 0.9352791878172588 0.11357142857142857 0.06345177664974619
3 0.5921428571428572 0.8692893401015228 0.04214285714285714 0.05203045685279188
3 0.71 0.9390862944162437 0.041428571428571426 0.048223350253807105
3 0.8121428571428572 0.8439086294416244 0.04214285714285714 0.0532994923857868
3 0.7335714285714285 0.748730964467005 0.03357142857142857 0.05583756345177665
3 0.5392857142857143 0.5456852791878173 0.018571428571428572 0.0583756345177665
3 0.5585714285714286 0.5685279187817259 0.018571428571428572 0.06852791878172589
6 0.5778571428571428 0.4733502538071066 0.03357142857142857 0.17258883248730963
6 0.6035714285714285 0.4733502538071066 0.035 0.17385786802030456
3 0.565 0.4860406091370558 0.018571428571428572 0.06472081218274112
4 0.55 0.49111675126903553 0.007857142857142858 0.02918781725888325
1 0.5507142857142857 0.49238578680203043 0.007142857142857143 0.02030456852791878
1 0.4692857142857143 0.41243654822335024 0.0064285714285714285 0.012690355329949238
4 0.4692857142857143 0.4086294416243655 0.007142857142857143 0.024111675126903553
3 0.5514285714285714 0.37817258883248733 0.019285714285714285 0.06979695431472081
3 0.575 0.3934010152284264 0.017857142857142856 0.06345177664974619
3 0.6192857142857143 0.37944162436548223 0.020714285714285713 0.07487309644670051
3 0.6028571428571429 0.3147208121827411 0.02142857142857143 0.07233502538071065
3 0.5271428571428571 0.03680203045685279 0.017857142857142856 0.05456852791878172
3 0.285 0.649746192893401 0.04 0.04060913705583756
3 0.29285714285714287 0.6091370558375635 0.03857142857142857 0.04060913705583756
3 0.24071428571428571 0.6294416243654822 0.039285714285714285 0.04187817258883249
3 0.24357142857142858 0.5824873096446701 0.039285714285714285 0.04568527918781726
3 0.18357142857142858 0.5545685279187818 0.030714285714285715 0.03680203045685279
