2 0.9352818371607515 0.37291280148423006 0.031837160751565764 0.04452690166975881
3 0.6852818371607515 0.39332096474953615 0.038622129436325675 0.05844155844155844
3 0.6534446764091858 0.41187384044526903 0.037578288100208766 0.06771799628942486
3 0.576722338204593 0.45454545454545453 0.0511482254697286 0.05658627087198516
3 0.5568893528183716 0.4777365491651206 0.038100208768267224 0.055658627087198514
3 0.5120041753653445 0.4972170686456401 0.044363256784968684 0.0575139146567718
2 0.5 0.549165120593692 0.012004175365344467 0.0287569573283859
2 0.5036534446764092 0.5315398886827458 0.018789144050104383 0.01855287569573284
2 0.5099164926931107 0.549165120593692 0.016179540709812108 0.02040816326530612
3 0.4311064718162839 0.5426716141001855 0.04123173277661795 0.07050092764378478
1 0.3966597077244259 0.5714285714285714 0.007828810020876827 0.01855287569573284
1 0.4081419624217119 0.6066790352504638 0.007828810020876827 0.015769944341372914
1 0.41283924843423797 0.5825602968460112 0.008350730688935281 0.022263450834879406
1 0.39091858037578286 0.6066790352504638 0.008350730688935281 0.02040816326530612
1 0.3945720250521921 0.6122448979591837 0.0041753653444676405 0.01020408163265306
1 0.4034446764091858 0.5899814471243042 0.006784968684759917 0.016697588126159554
1 0.3930062630480167 0.5899814471243042 0.007828810020876827 0.012987012987012988
1 0.4055323590814196 0.5760667903525046 0.006784968684759917 0.01948051948051948
3 0.35281837160751567 0.5871985157699443 0.031837160751565764 0.07792207792207792
3 0.32150313152400833 0.6057513914656771 0.03549060542797495 0.08256029684601113
4 0.2186847599164927 0.6576994434137291 0.02244258872651357 0.025974025974025976
3 0.08559498956158663 0.7560296846011132 0.049060542797494784 0.07050092764378478
3 0.4144050104384134 0.839517625231911 0.05793319415448852 0.07792207792207792
3 0.41492693110647183 0.9471243042671614 0.06263048016701461 0.05194805194805195
3 0.2546972860125261 0.87569573283859 0.06837160751565761 0.06493506493506493
3 0.26148225469728603 0.9406307977736549 0.06367432150313153 0.05844155844155844
