3 0.2907142857142857 0.5371428571428571 0.1407142857142857 0.18
3 0.6335714285714286 0.8371428571428572 0.15571428571428572 0.16285714285714287
3 0.5135714285714286 0.058095238095238096 0.08571428571428572 0.08
3 0.6221428571428571 0.002857142857142857 0.07571428571428572 0.06761904761904762
3 0.6607142857142857 0.2438095238095238 0.10928571428571429 0.0980952380952381
1 0.5464285714285714 0.8666666666666667 0.027857142857142858 0.05047619047619047
1 0.5135714285714286 0.900952380952381 0.03142857142857143 0.035238095238095235
1 0.38 0.840952380952381 0.04357142857142857 0.04666666666666667
4 0.375 0.8228571428571428 0.06785714285714285 0.07523809523809524
1 0.4157142857142857 0.2752380952380952 0.017857142857142856 0.05047619047619047
1 0.36714285714285716 0.24857142857142858 0.018571428571428572 0.05523809523809524
1 0.35 0.259047619047619 0.020714285714285713 0.054285714285714284
1 0.345 0.19047619047619047 0.02142857142857143 0.06190476190476191
1 0.32857142857142857 0.20285714285714285 0.023571428571428573 0.054285714285714284
1 0.26357142857142857 0.2342857142857143 0.017857142857142856 0.049523809523809526
1 0.23285714285714285 0.21047619047619048 0.022857142857142857 0.05523809523809524
1 0.24 0.1742857142857143 0.02142857142857143 0.05047619047619047
1 0.22071428571428572 0.17047619047619048 0.024285714285714285 0.05333333333333334
1 0.24285714285714285 0.14095238095238094 0.025 0.06095238095238095
1 0.2835714285714286 0.1761904761904762 0.02214285714285714 0.05714285714285714
1 0.295 0.1523809523809524 0.02142857142857143 0.05523809523809524
1 0.31214285714285717 0.14285714285714285 0.018571428571428572 0.05333333333333334
1 0.2692857142857143 0.1295238095238095 0.025 0.06571428571428571
1 0.39 0.07047619047619047 0.017142857142857144 0.03619047619047619
2 0.3921428571428571 0.08571428571428572 0.017142857142857144 0.04666666666666667
