1 0.32857142857142857 0.004761904761904762 0.0035714285714285713 0.015238095238095238
1 0.3392857142857143 0.06571428571428571 0.005 0.017142857142857144
1 0.32285714285714284 0.0 0.002857142857142857 0.009523809523809525
1 0.3107142857142857 0.40476190476190477 0.004285714285714286 0.02095238095238095
1 0.315 0.4 0.004285714285714286 0.021904761904761906
3 0.27785714285714286 0.43333333333333335 0.024285714285714285 0.06190476190476191
3 0.31 0.45904761904761904 0.03214285714285714 0.06190476190476191
3 0.295 0.6038095238095238 0.029285714285714286 0.07904761904761905
3 0.295 0.6980952380952381 0.032857142857142856 0.08666666666666667
1 0.335 0.7771428571428571 0.005714285714285714 0.021904761904761906
1 0.34214285714285714 0.7790476190476191 0.002857142857142857 0.021904761904761906
1 0.3485714285714286 0.7628571428571429 0.002857142857142857 0.018095238095238095
1 0.3535714285714286 0.7685714285714286 0.002857142857142857 0.022857142857142857
1 0.3607142857142857 0.7657142857142857 0.007142857142857143 0.02666666666666667
1 0.3578571428571429 0.8266666666666667 0.004285714285714286 0.02761904761904762
1 0.35214285714285715 0.820952380952381 0.005 0.02
1 0.4185714285714286 0.7609523809523809 0.007142857142857143 0.03142857142857143
1 0.4085714285714286 0.7695238095238095 0.007142857142857143 0.030476190476190476
3 0.4664285714285714 0.9419047619047619 0.10642857142857143 0.05714285714285714
3 0.4707142857142857 0.8828571428571429 0.085 0.07523809523809524
3 0.465 0.8238095238095238 0.08142857142857143 0.05619047619047619
3 0.45357142857142857 0.7704761904761904 0.07428571428571429 0.05714285714285714
3 0.4471428571428571 0.7104761904761905 0.07142857142857142 0.06190476190476191
3 0.43714285714285717 0.6666666666666666 0.07071428571428572 0.05904761904761905
3 0.43 0.6352380952380953 0.06428571428571428 0.05333333333333334
3 0.4235714285714286 0.6066666666666667 0.062142857142857146 0.045714285714285714
3 0.42142857142857143 0.5685714285714286 0.06928571428571428 0.049523809523809526
3 0.4114285714285714 0.5361904761904762 0.05785714285714286 0.039047619047619046
3 0.4057142857142857 0.5019047619047619 0.05357142857142857 0.04666666666666667
1 0.40714285714285714 0.6114285714285714 0.004285714285714286 0.022857142857142857
1 0.4114285714285714 0.6142857142857143 0.004285714285714286 0.022857142857142857
1 0.3964285714285714 0.6114285714285714 0.007857142857142858 0.03142857142857143
3 0.54 0.518095238095238 0.03357142857142857 0.06857142857142857
3 0.62 0.4657142857142857 0.03571428571428571 0.05619047619047619
3 0.5457142857142857 0.439047619047619 0.03857142857142857 0.06190476190476191
3 0.5092857142857142 0.38095238095238093 0.045 0.05142857142857143
3 0.3985714285714286 0.4438095238095238 0.055 0.04
3 0.5721428571428572 0.36 0.03 0.04666666666666667
3 0.605 0.3323809523809524 0.029285714285714286 0.04380952380952381
3 0.6307142857142857 0.38666666666666666 0.030714285714285715 0.04857142857142857
3 0.39071428571428574 0.4219047619047619 0.04642857142857143 0.035238095238095235
3 0.3992857142857143 0.3676190476190476 0.04642857142857143 0.03333333333333333
3 0.38642857142857145 0.3923809523809524 0.05 0.04285714285714286
3 0.3921428571428571 0.3342857142857143 0.03785714285714286 0.02857142857142857
3 0.5357142857142857 0.2819047619047619 0.024285714285714285 0.037142857142857144
3 0.5835714285714285 0.2857142857142857 0.027142857142857142 0.04285714285714286
3 0.565 0.23904761904761904 0.020714285714285713 0.030476190476190476
3 0.5142857142857142 0.22476190476190477 0.03214285714285714 0.035238095238095235
3 0.5335714285714286 0.16857142857142857 0.020714285714285713 0.029523809523809525
3 0.38785714285714284 0.3161904761904762 0.04857142857142857 0.025714285714285714
3 0.38785714285714284 0.29619047619047617 0.04214285714285714 0.022857142857142857
3 0.3842857142857143 0.28285714285714286 0.04357142857142857 0.018095238095238095
3 0.37714285714285717 0.259047619047619 0.04071428571428572 0.02761904761904762
3 0.3821428571428571 0.24476190476190476 0.039285714285714285 0.023809523809523808
3 0.36857142857142855 0.23047619047619047 0.04 0.025714285714285714
3 0.3657142857142857 0.21523809523809523 0.03214285714285714 0.023809523809523808
3 0.36642857142857144 0.19238095238095237 0.03785714285714286 0.024761904761904763
3 0.47928571428571426 0.14666666666666667 0.016428571428571428 0.02761904761904762
3 0.5192857142857142 0.14 0.019285714285714285 0.024761904761904763
3 0.445 0.09428571428571429 0.015714285714285715 0.02761904761904762
3 0.4642857142857143 0.0980952380952381 0.016428571428571428 0.02095238095238095
3 0.5085714285714286 0.11238095238095239 0.019285714285714285 0.02761904761904762
3 0.49142857142857144 0.07428571428571429 0.015714285714285715 0.02095238095238095
3 0.4564285714285714 0.029523809523809525 0.015714285714285715 0.02095238095238095
3 0.43785714285714283 0.03238095238095238 0.014285714285714285 0.018095238095238095
3 0.4135714285714286 0.011428571428571429 0.012857142857142857 0.021904761904761906
3 0.435 0.0038095238095238095 0.010714285714285714 0.01619047619047619
8 0.4685714285714286 0.015238095238095238 0.012857142857142857 0.021904761904761906
3 0.36357142857142855 0.18285714285714286 0.03214285714285714 0.01619047619047619
3 0.37214285714285716 0.16666666666666666 0.027142857142857142 0.02
3 0.36428571428571427 0.15047619047619049 0.03214285714285714 0.021904761904761906
3 0.3607142857142857 0.13714285714285715 0.027857142857142858 0.014285714285714285
3 0.36 0.12095238095238095 0.030714285714285715 0.018095238095238095
3 0.35714285714285715 0.11142857142857143 0.027857142857142858 0.01619047619047619
3 0.3485714285714286 0.1 0.03428571428571429 0.01619047619047619
3 0.3464285714285714 0.08285714285714285 0.030714285714285715 0.02
3 0.3507142857142857 0.07238095238095238 0.027142857142857142 0.015238095238095238
3 0.3457142857142857 0.06 0.02857142857142857 0.018095238095238095
3 0.35 0.05142857142857143 0.03 0.018095238095238095
3 0.3457142857142857 0.04476190476190476 0.027142857142857142 0.015238095238095238
3 0.34714285714285714 0.03619047619047619 0.02642857142857143 0.012380952380952381
3 0.3485714285714286 0.02666666666666667 0.025714285714285714 0.015238095238095238
3 0.34785714285714286 0.018095238095238095 0.023571428571428573 0.014285714285714285
3 0.3414285714285714 0.009523809523809525 0.025714285714285714 0.015238095238095238
3 0.3342857142857143 0.002857142857142857 0.02214285714285714 0.014285714285714285
3 0.46 0.007619047619047619 0.013571428571428571 0.02
3 0.48214285714285715 0.05714285714285714 0.020714285714285713 0.02095238095238095
3 0.5014285714285714 0.09428571428571429 0.016428571428571428 0.022857142857142857
3 0.5321428571428571 0.20857142857142857 0.025 0.03142857142857143
3 0.5485714285714286 0.1980952380952381 0.02214285714285714 0.03142857142857143
1 0.3464285714285714 0.06666666666666667 0.002857142857142857 0.010476190476190476
1 0.515 0.02095238095238095 0.004285714285714286 0.013333333333333334
1 0.49642857142857144 0.037142857142857144 0.002857142857142857 0.012380952380952381
1 0.5878571428571429 0.06380952380952382 0.002857142857142857 0.011428571428571429
1 0.5742857142857143 0.11047619047619048 0.004285714285714286 0.013333333333333334
1 0.5692857142857143 0.11333333333333333 0.002857142857142857 0.011428571428571429
4 0.3942857142857143 0.12 0.011428571428571429 0.010476190476190476
1 0.4085714285714286 0.16285714285714287 0.0035714285714285713 0.015238095238095238
1 0.48428571428571426 0.21333333333333335 0.007142857142857143 0.01904761904761905
3 0.4521428571428571 0.22285714285714286 0.02 0.03333333333333333
3 0.4692857142857143 0.30952380952380953 0.029285714285714286 0.040952380952380955
1 0.5014285714285714 0.12095238095238095 0.004285714285714286 0.01904761904761905
1 0.5071428571428571 0.12380952380952381 0.0035714285714285713 0.014285714285714285
3 0.535 0.01619047619047619 0.014285714285714285 0.01619047619047619
3 0.5535714285714286 0.013333333333333334 0.015 0.018095238095238095
3 0.5285714285714286 0.0380952380952381 0.029285714285714286 0.01619047619047619
3 0.5885714285714285 0.010476190476190476 0.014285714285714285 0.015238095238095238
3 0.6057142857142858 0.009523809523809525 0.012857142857142857 0.014285714285714285
3 0.6121428571428571 0.05047619047619047 0.017142857142857144 0.022857142857142857
3 0.5692857142857143 0.0 0.015714285714285715 0.007619047619047619
4 0.6042857142857143 0.1438095238095238 0.011428571428571429 0.012380952380952381
4 0.5785714285714286 0.0980952380952381 0.013571428571428571 0.011428571428571429
4 0.5685714285714286 0.08666666666666667 0.01 0.008571428571428572
4 0.5628571428571428 0.07333333333333333 0.010714285714285714 0.009523809523809525
4 0.505 0.32476190476190475 0.011428571428571429 0.03333333333333333
1 0.5057142857142857 0.32476190476190475 0.007142857142857143 0.017142857142857144
1 0.68 0.22095238095238096 0.002857142857142857 0.01619047619047619
1 0.6864285714285714 0.2523809523809524 0.002857142857142857 0.01619047619047619
1 0.6571428571428571 0.24857142857142858 0.004285714285714286 0.01619047619047619
3 0.6342857142857142 0.18666666666666668 0.047857142857142855 0.05714285714285714
1 0.6692857142857143 0.14666666666666667 0.002857142857142857 0.013333333333333334
4 0.6921428571428572 0.9314285714285714 0.012857142857142857 0.03619047619047619
1 0.6942857142857143 0.9342857142857143 0.0064285714285714285 0.013333333333333334
3 0.665 0.7647619047619048 0.054285714285714284 0.10571428571428572
3 0.6992857142857143 0.6761904761904762 0.05 0.08285714285714285
3 0.7371428571428571 0.621904761904762 0.045714285714285714 0.08095238095238096
3 0.7057142857142857 0.5561904761904762 0.045 0.06571428571428571
3 0.6714285714285714 0.4838095238095238 0.04 0.06190476190476191
3 0.6485714285714286 0.43047619047619046 0.03571428571428571 0.05142857142857143
3 0.71 0.32285714285714284 0.032857142857142856 0.03619047619047619
3 0.69 0.2742857142857143 0.02642857142857143 0.045714285714285714
1 0.7278571428571429 0.2780952380952381 0.005 0.017142857142857144
1 0.7007142857142857 0.21714285714285714 0.005 0.014285714285714285
1 0.695 0.25523809523809526 0.004285714285714286 0.014285714285714285
1 0.6935714285714286 0.20666666666666667 0.005714285714285714 0.018095238095238095
1 0.7571428571428571 0.2714285714285714 0.002857142857142857 0.01619047619047619
1 0.75 0.2714285714285714 0.002857142857142857 0.009523809523809525
4 0.8135714285714286 0.2914285714285714 0.007142857142857143 0.018095238095238095
4 0.8221428571428572 0.29333333333333333 0.007142857142857143 0.018095238095238095
4 0.8328571428571429 0.2876190476190476 0.009285714285714286 0.01904761904761905
4 0.8478571428571429 0.2866666666666667 0.005 0.018095238095238095
1 0.7471428571428571 0.2914285714285714 0.007142857142857143 0.02
3 0.7807142857142857 0.7209523809523809 0.054285714285714284 0.09333333333333334
3 0.8442857142857143 0.861904761904762 0.07357142857142857 0.11714285714285715
4 0.8264285714285714 0.8914285714285715 0.011428571428571429 0.0380952380952381
4 0.8092857142857143 0.8761904761904762 0.01 0.02761904761904762
1 0.8114285714285714 0.878095238095238 0.0064285714285714285 0.012380952380952381
1 0.8292857142857143 0.8904761904761904 0.0064285714285714285 0.01619047619047619
