3 0.09214285714285714 0.7106598984771574 0.05142857142857143 0.116751269035533
3 0.13357142857142856 0.7322335025380711 0.041428571428571426 0.10786802030456853
3 0.30857142857142855 0.8299492385786802 0.07285714285714286 0.06979695431472081
3 0.315 0.7626903553299492 0.07 0.06725888324873096
3 0.35214285714285715 0.6598984771573604 0.037142857142857144 0.1065989847715736
3 0.3157142857142857 0.633248730964467 0.04428571428571428 0.12309644670050761
3 0.285 0.6256345177664975 0.041428571428571426 0.116751269035533
3 0.2057142857142857 0.5241116751269036 0.039285714285714285 0.09644670050761421
3 0.1707142857142857 0.5139593908629442 0.04071428571428572 0.10532994923857868
3 0.49857142857142855 0.7741116751269036 0.07214285714285715 0.09263959390862944
3 0.4942857142857143 0.7246192893401016 0.05071428571428571 0.07868020304568528
3 0.4714285714285714 0.6675126903553299 0.062142857142857146 0.09390862944162437
3 0.45571428571428574 0.6281725888324873 0.056428571428571425 0.08248730964467005
3 0.43142857142857144 0.5926395939086294 0.055714285714285716 0.07614213197969544
3 0.4 0.5050761421319797 0.05357142857142857 0.07233502538071065
3 0.3842857142857143 0.46954314720812185 0.055 0.07233502538071065
3 0.3692857142857143 0.42258883248730966 0.06 0.08248730964467005
3 0.3535714285714286 0.3883248730964467 0.055 0.07868020304568528
3 0.3435714285714286 0.36421319796954316 0.047142857142857146 0.06979695431472081
3 0.32785714285714285 0.33756345177664976 0.054285714285714284 0.06598984771573604
3 0.3242857142857143 0.315989847715736 0.04642857142857143 0.05203045685279188
3 0.31285714285714283 0.27918781725888325 0.04642857142857143 0.06472081218274112
3 0.30428571428571427 0.25888324873096447 0.04357142857142857 0.0583756345177665
3 0.2985714285714286 0.2233502538071066 0.04214285714285714 0.06472081218274112
3 0.2892857142857143 0.32741116751269034 0.039285714285714285 0.08629441624365482
3 0.27 0.24746192893401014 0.03428571428571429 0.08883248730964467
3 0.25214285714285717 0.2817258883248731 0.03142857142857143 0.09517766497461928
3 0.2292857142857143 0.44416243654822335 0.041428571428571426 0.08756345177664974
3 0.2007142857142857 0.44289340101522845 0.03571428571428571 0.07868020304568528
3 0.17285714285714285 0.4302030456852792 0.037142857142857144 0.08756345177664974
3 0.11142857142857143 0.5038071065989848 0.04642857142857143 0.11548223350253807
3 0.14214285714285715 0.5126903553299492 0.04428571428571428 0.10279187817258884
3 0.18071428571428572 0.2779187817258883 0.03857142857142857 0.09898477157360407
3 0.2092857142857143 0.2817258883248731 0.03642857142857143 0.10025380710659898
3 0.235 0.19289340101522842 0.030714285714285715 0.10532994923857868
3 0.19857142857142857 0.20558375634517767 0.041428571428571426 0.08629441624365482
8 0.24 0.1218274111675127 0.039285714285714285 0.09390862944162437
3 0.49214285714285716 0.33121827411167515 0.054285714285714284 0.07360406091370558
3 0.5042857142857143 0.22588832487309646 0.03857142857142857 0.05964467005076142
3 0.5078571428571429 0.17385786802030456 0.04357142857142857 0.06598984771573604
3 0.46714285714285714 0.1548223350253807 0.039285714285714285 0.06979695431472081
3 0.47714285714285715 0.06979695431472081 0.027142857142857142 0.0532994923857868
3 0.5171428571428571 0.031725888324873094 0.047857142857142855 0.044416243654822336
3 0.6671428571428571 0.044416243654822336 0.04214285714285714 0.05710659898477157
3 0.7078571428571429 0.09263959390862944 0.04071428571428572 0.06725888324873096
3 0.7528571428571429 0.15101522842639595 0.04928571428571429 0.07487309644670051
3 0.8107142857142857 0.24111675126903553 0.04928571428571429 0.06979695431472081
3 0.8842857142857142 0.3197969543147208 0.05857142857142857 0.08883248730964467
3 0.8307142857142857 0.10786802030456853 0.04428571428571428 0.07487309644670051
1 0.6128571428571429 0.2982233502538071 0.009285714285714286 0.03934010152284264
1 0.44285714285714284 0.9403553299492385 0.01 0.021573604060913704
1 0.4514285714285714 0.9517766497461929 0.01 0.0266497461928934
1 0.4471428571428571 0.9720812182741116 0.011428571428571429 0.01903553299492386
1 0.16785714285714284 0.8629441624365483 0.017142857142857144 0.027918781725888325
1 0.1792857142857143 0.8730964467005076 0.017857142857142856 0.024111675126903553
1 0.19857142857142857 0.8743654822335025 0.012857142857142857 0.03299492385786802
1 0.175 0.850253807106599 0.010714285714285714 0.02030456852791878
6 0.7457142857142857 0.8718274111675127 0.1392857142857143 0.1116751269035533
3 0.02 0.9263959390862944 0.08857142857142856 0.06725888324873096
3 0.16714285714285715 0.934010152284264 0.04071428571428572 0.06472081218274112
