3 0.505 0.5666666666666667 0.055 0.03238095238095238
3 0.44571428571428573 0.5447619047619048 0.054285714285714284 0.029523809523809525
3 0.385 0.5323809523809524 0.047142857142857146 0.03428571428571429
3 0.30857142857142855 0.6666666666666666 0.06857142857142857 0.04
3 0.18357142857142858 0.66 0.07571428571428572 0.037142857142857144
3 0.015 0.6580952380952381 0.09 0.04666666666666667
3 0.6221428571428571 0.5533333333333333 0.05 0.030476190476190476
3 0.59 0.5190476190476191 0.04928571428571429 0.02761904761904762
3 0.49357142857142855 0.5304761904761904 0.04428571428571428 0.02
3 0.7828571428571428 0.5447619047619048 0.047142857142857146 0.02666666666666667
3 0.6842857142857143 0.5 0.041428571428571426 0.023809523809523808
3 0.7878571428571428 0.5095238095238095 0.04285714285714286 0.023809523809523808
3 0.9 0.4847619047619048 0.041428571428571426 0.018095238095238095
3 0.6907142857142857 0.4723809523809524 0.035 0.02
3 0.6271428571428571 0.47714285714285715 0.03857142857142857 0.021904761904761906
3 0.5585714285714286 0.4542857142857143 0.020714285714285713 0.025714285714285714
3 0.5807142857142857 0.5676190476190476 0.04642857142857143 0.039047619047619046
6 0.18642857142857142 0.540952380952381 0.135 0.07523809523809524
3 0.17 0.638095238095238 0.08071428571428571 0.04380952380952381
3 0.07071428571428572 0.6323809523809524 0.08214285714285714 0.037142857142857144
3 0.36214285714285716 0.6095238095238096 0.06357142857142857 0.037142857142857144
3 0.3607142857142857 0.5914285714285714 0.06142857142857143 0.03238095238095238
3 0.4092857142857143 0.47333333333333333 0.020714285714285713 0.025714285714285714
3 0.37357142857142855 0.4657142857142857 0.018571428571428572 0.022857142857142857
3 0.3914285714285714 0.45904761904761904 0.022857142857142857 0.02
3 0.3628571428571429 0.4580952380952381 0.017142857142857144 0.022857142857142857
3 0.3535714285714286 0.44571428571428573 0.015 0.01904761904761905
3 0.37714285714285717 0.4380952380952381 0.02142857142857143 0.02857142857142857
3 0.36714285714285716 0.439047619047619 0.016428571428571428 0.01619047619047619
3 0.3457142857142857 0.4 0.016428571428571428 0.014285714285714285
3 0.6607142857142857 0.4704761904761905 0.02214285714285714 0.01904761904761905
3 0.6828571428571428 0.4685714285714286 0.03214285714285714 0.018095238095238095
3 0.6735714285714286 0.46476190476190476 0.025714285714285714 0.01904761904761905
3 0.6628571428571428 0.4580952380952381 0.03214285714285714 0.021904761904761906
3 0.7614285714285715 0.46476190476190476 0.035 0.01904761904761905
3 0.7492857142857143 0.4561904761904762 0.03142857142857143 0.02
3 0.7378571428571429 0.4552380952380952 0.030714285714285715 0.017142857142857144
3 0.8785714285714286 0.47904761904761906 0.03642857142857143 0.02095238095238095
3 0.7364285714285714 0.518095238095238 0.045714285714285714 0.022857142857142857
3 0.7592857142857142 0.5038095238095238 0.04214285714285714 0.024761904761904763
1 0.6692857142857143 0.64 0.010714285714285714 0.03238095238095238
1 0.8335714285714285 0.6466666666666666 0.007857142857142858 0.02666666666666667
1 0.8392857142857143 0.6438095238095238 0.008571428571428572 0.02761904761904762
1 0.42857142857142855 0.5095238095238095 0.008571428571428572 0.01904761904761905
1 0.3485714285714286 0.4961904761904762 0.007857142857142858 0.015238095238095238
1 0.335 0.49714285714285716 0.008571428571428572 0.013333333333333334
1 0.4685714285714286 0.5076190476190476 0.009285714285714286 0.01619047619047619
1 0.5114285714285715 0.5104761904761905 0.008571428571428572 0.01619047619047619
1 0.4442857142857143 0.4695238095238095 0.005714285714285714 0.011428571428571429
1 0.44142857142857145 0.44761904761904764 0.005 0.011428571428571429
4 0.44285714285714284 0.4723809523809524 0.01 0.014285714285714285
4 0.44142857142857145 0.4523809523809524 0.007857142857142858 0.010476190476190476
4 0.4635714285714286 0.5152380952380953 0.017142857142857144 0.013333333333333334
2 0.4257142857142857 0.5161904761904762 0.015714285714285715 0.011428571428571429
4 0.5071428571428571 0.5161904761904762 0.016428571428571428 0.012380952380952381
4 0.3464285714285714 0.5009523809523809 0.011428571428571429 0.014285714285714285
4 0.33285714285714285 0.5028571428571429 0.011428571428571429 0.012380952380952381
4 0.485 0.64 0.016428571428571428 0.021904761904761906
1 0.4857142857142857 0.6352380952380953 0.010714285714285714 0.02095238095238095
3 0.24785714285714286 0.4819047619047619 0.03142857142857143 0.029523809523809525
3 0.2307142857142857 0.4247619047619048 0.030714285714285715 0.017142857142857144
3 0.22142857142857142 0.4380952380952381 0.024285714285714285 0.01904761904761905
3 0.22214285714285714 0.3914285714285714 0.018571428571428572 0.021904761904761906
3 0.2742857142857143 0.45904761904761904 0.019285714285714285 0.022857142857142857
1 0.23714285714285716 0.518095238095238 0.009285714285714286 0.022857142857142857
1 0.25642857142857145 0.5114285714285715 0.007857142857142858 0.025714285714285714
1 0.6892857142857143 0.6371428571428571 0.012857142857142857 0.023809523809523808
1 0.7821428571428571 0.6885714285714286 0.012857142857142857 0.025714285714285714
4 0.7785714285714286 0.6923809523809524 0.018571428571428572 0.02857142857142857
4 0.6885714285714286 0.6438095238095238 0.014285714285714285 0.02666666666666667
4 0.7178571428571429 0.5333333333333333 0.017857142857142856 0.015238095238095238
1 0.7257142857142858 0.5257142857142857 0.005714285714285714 0.01619047619047619
1 0.82 0.599047619047619 0.007857142857142858 0.01904761904761905
2 0.8164285714285714 0.6095238095238096 0.015714285714285715 0.015238095238095238
1 0.8771428571428571 0.6561904761904762 0.012857142857142857 0.02095238095238095
1 0.9378571428571428 0.7380952380952381 0.016428571428571428 0.024761904761904763
1 0.9485714285714286 0.7523809523809524 0.016428571428571428 0.024761904761904763
1 0.8757142857142857 0.6504761904761904 0.012142857142857143 0.021904761904761906
3 0.46785714285714286 0.8276190476190476 0.08 0.13904761904761906
