3 0.6207142857142857 0.6091370558375635 0.047142857142857146 0.16243654822335024
3 0.5885714285714285 0.7677664974619289 0.05142857142857143 0.15862944162436549
3 0.6757142857142857 0.8121827411167513 0.05714285714285714 0.1751269035532995
3 0.7271428571428571 0.8591370558375635 0.05285714285714286 0.13959390862944163
3 0.8371428571428572 0.7373096446700508 0.055714285714285716 0.17258883248730963
3 0.8871428571428571 0.7728426395939086 0.055714285714285716 0.18781725888324874
3 0.95 0.8020304568527918 0.05 0.18527918781725888
3 0.7578571428571429 0.682741116751269 0.05 0.15101522842639595
3 0.7085714285714285 0.6687817258883249 0.05142857142857143 0.13324873096446702
3 0.6621428571428571 0.6218274111675127 0.04857142857142857 0.1548223350253807
3 0.5778571428571428 0.5621827411167513 0.05857142857142857 0.1649746192893401
3 0.5392857142857143 0.5393401015228426 0.04857142857142857 0.16116751269035534
3 0.48714285714285716 0.5215736040609137 0.054285714285714284 0.15736040609137056
3 0.49714285714285716 0.6903553299492385 0.052142857142857144 0.16370558375634517
3 0.445 0.5139593908629442 0.041428571428571426 0.13705583756345177
3 0.835 0.4251269035532995 0.04642857142857143 0.15609137055837563
3 0.9421428571428572 0.3604060913705584 0.04428571428571428 0.1319796954314721
3 0.75 0.39086294416243655 0.047142857142857146 0.14593908629441624
3 0.7085714285714285 0.37055837563451777 0.04428571428571428 0.13959390862944163
3 0.8571428571428571 0.30456852791878175 0.04642857142857143 0.12690355329949238
3 0.8164285714285714 0.2779187817258883 0.04642857142857143 0.12944162436548223
3 0.7742857142857142 0.2512690355329949 0.045 0.13959390862944163
3 0.7342857142857143 0.24873096446700507 0.045 0.11421319796954314
3 0.6685714285714286 0.3362944162436548 0.047857142857142855 0.1434010152284264
3 0.6257142857142857 0.31218274111675126 0.052142857142857144 0.1434010152284264
3 0.5471428571428572 0.2652284263959391 0.05142857142857143 0.13959390862944163
3 0.6542857142857142 0.19543147208121828 0.047142857142857146 0.11802030456852793
3 0.6185714285714285 0.1751269035532995 0.045714285714285714 0.11928934010152284
3 0.5742857142857143 0.14213197969543148 0.05142857142857143 0.1319796954314721
3 0.5057142857142857 0.22588832487309646 0.045714285714285714 0.1548223350253807
3 0.5364285714285715 0.12309644670050761 0.041428571428571426 0.116751269035533
3 0.9285714285714286 0.09390862944162437 0.04071428571428572 0.116751269035533
3 0.7307142857142858 0.0 0.05 0.10913705583756345
3 0.3157142857142857 0.1713197969543147 0.047142857142857146 0.11294416243654823
3 0.2507142857142857 0.1281725888324873 0.052142857142857144 0.116751269035533
3 0.3964285714285714 0.01903553299492386 0.07428571428571429 0.0799492385786802
3 0.215 0.1116751269035533 0.05357142857142857 0.12309644670050761
3 0.1492857142857143 0.07487309644670051 0.056428571428571425 0.11548223350253807
3 0.08 0.03934010152284264 0.07142857142857142 0.11294416243654823
3 0.05142857142857143 0.01649746192893401 0.06642857142857143 0.09771573604060914
3 0.0 0.0012690355329949238 0.05714285714285714 0.09263959390862944
3 0.3485714285714286 0.18527918781725888 0.055714285714285716 0.13705583756345177
3 0.175 0.08248730964467005 0.060714285714285714 0.13324873096446702
3 0.5828571428571429 0.2753807106598985 0.05785714285714286 0.1484771573604061
3 0.585 0.0 0.037142857142857144 0.050761421319796954
3 0.6185714285714285 0.0 0.04 0.07741116751269035
3 0.6621428571428571 0.0 0.03642857142857143 0.0799492385786802
3 0.6971428571428572 0.0 0.04642857142857143 0.10152284263959391
3 0.9671428571428572 0.0901015228426396 0.032857142857142856 0.1484771573604061
3 0.7778571428571428 0.015228426395939087 0.041428571428571426 0.116751269035533
8 0.24642857142857144 0.2652284263959391 0.08142857142857143 0.23223350253807107
8 0.11714285714285715 0.17766497461928935 0.09214285714285714 0.22715736040609136
8 0.0 0.10406091370558376 0.10214285714285715 0.25380710659898476
8 0.0 0.5774111675126904 0.08 0.21573604060913706
8 0.0 0.6205583756345178 0.11857142857142858 0.2652284263959391
8 0.08785714285714286 0.700507614213198 0.12357142857142857 0.23604060913705585
8 0.07142857142857142 0.1484771573604061 0.08571428571428572 0.24238578680203046
1 0.48 0.09517766497461928 0.013571428571428571 0.046954314720812185
