3 0.4514285714285714 0.8533333333333334 0.04 0.13428571428571429
3 0.45714285714285713 0.580952380952381 0.02142857142857143 0.04380952380952381
3 0.49642857142857144 0.5485714285714286 0.02 0.047619047619047616
3 0.5071428571428571 0.4657142857142857 0.012857142857142857 0.02
3 0.4992857142857143 0.39714285714285713 0.012857142857142857 0.017142857142857144
3 0.5171428571428571 0.38476190476190475 0.011428571428571429 0.01619047619047619
3 0.5014285714285714 0.37142857142857144 0.010714285714285714 0.012380952380952381
3 0.5085714285714286 0.3419047619047619 0.01 0.014285714285714285
3 0.5414285714285715 0.2923809523809524 0.008571428571428572 0.010476190476190476
1 0.32857142857142857 0.40476190476190477 0.0035714285714285713 0.011428571428571429
3 0.17 0.6323809523809524 0.04357142857142857 0.054285714285714284
1 0.2664285714285714 0.6523809523809524 0.009285714285714286 0.022857142857142857
1 0.22642857142857142 0.7095238095238096 0.010714285714285714 0.02095238095238095
1 0.1992857142857143 0.7647619047619048 0.012142857142857143 0.024761904761904763
2 0.2664285714285714 0.6561904761904762 0.008571428571428572 0.02857142857142857
2 0.2257142857142857 0.7161904761904762 0.011428571428571429 0.022857142857142857
2 0.19785714285714287 0.7733333333333333 0.015 0.025714285714285714
