3 0.0007142857142857143 0.8114285714285714 0.16142857142857142 0.18285714285714286
3 0.41285714285714287 0.8485714285714285 0.2864285714285714 0.14952380952380953
3 0.4635714285714286 0.0009523809523809524 0.08642857142857142 0.029523809523809525
3 0.44642857142857145 0.015238095238095238 0.08928571428571429 0.045714285714285714
3 0.4635714285714286 0.07142857142857142 0.09428571428571429 0.03238095238095238
3 0.465 0.09333333333333334 0.10285714285714286 0.040952380952380955
3 0.4642857142857143 0.1219047619047619 0.09785714285714285 0.04380952380952381
3 0.46285714285714286 0.1523809523809524 0.11714285714285715 0.06190476190476191
3 0.45714285714285713 0.22476190476190477 0.13214285714285715 0.06666666666666667
3 0.45785714285714285 0.18761904761904763 0.12 0.054285714285714284
3 0.4564285714285714 0.2742857142857143 0.13714285714285715 0.07809523809523809
3 0.45 0.3438095238095238 0.15071428571428572 0.07238095238095238
3 0.45071428571428573 0.47714285714285715 0.15571428571428572 0.10285714285714286
3 0.43714285714285717 0.5714285714285714 0.20714285714285716 0.12285714285714286
3 0.4585714285714286 0.38571428571428573 0.1457142857142857 0.0980952380952381
3 0.7 0.09142857142857143 0.09714285714285714 0.06095238095238095
4 0.7821428571428571 0.5447619047619048 0.04071428571428572 0.0980952380952381
4 0.7678571428571429 0.44666666666666666 0.02142857142857143 0.07428571428571429
4 0.485 0.6952380952380952 0.1 0.07428571428571429
2 0.7507142857142857 0.41333333333333333 0.03571428571428571 0.06476190476190476
3 0.6221428571428571 0.0380952380952381 0.04928571428571429 0.06857142857142857
3 0.5578571428571428 0.047619047619047616 0.062142857142857146 0.07428571428571429
1 0.5564285714285714 0.0019047619047619048 0.012142857142857143 0.04476190476190476
1 0.6364285714285715 0.18476190476190477 0.018571428571428572 0.06285714285714286
2 0.7178571428571429 0.24761904761904763 0.019285714285714285 0.05619047619047619
2 0.7357142857142858 0.2704761904761905 0.02214285714285714 0.05523809523809524
