1 0.46085594989561585 0.5983302411873841 0.015657620041753653 0.10018552875695733
1 0.48956158663883087 0.5816326530612245 0.014613778705636743 0.11688311688311688
1 0.5093945720250522 0.6493506493506493 0.012004175365344467 0.05194805194805195
1 0.5328810020876826 0.62430426716141 0.015657620041753653 0.07421150278293136
1 0.7901878914405011 0.551948051948052 0.013569937369519834 0.06215213358070501
1 0.819937369519833 0.549165120593692 0.008872651356993737 0.04359925788497217
1 0.8126304801670147 0.5157699443413729 0.014091858037578288 0.06957328385899815
1 0.6503131524008351 0.5714285714285714 0.027661795407098122 0.1038961038961039
1 0.982776617954071 0.47031539888682744 0.013048016701461378 0.06586270871985157
1 0.32150313152400833 0.42578849721706863 0.006263048016701462 0.0287569573283859
1 0.3298538622129436 0.4109461966604824 0.0036534446764091857 0.01855287569573284
1 0.3335073068893528 0.4100185528756957 0.0041753653444676405 0.017625231910946195
