3 0.4092857142857143 0.7030456852791879 0.06 0.09263959390862944
3 0.47928571428571426 0.8807106598984772 0.060714285714285714 0.10279187817258884
3 0.3457142857142857 0.6852791878172588 0.055 0.08756345177664974
3 0.29285714285714287 0.549492385786802 0.04642857142857143 0.06979695431472081
3 0.18142857142857144 0.6649746192893401 0.04 0.06598984771573604
3 0.05285714285714286 0.3819796954314721 0.027142857142857142 0.05710659898477157
3 0.03357142857142857 0.2436548223350254 0.03357142857142857 0.050761421319796954
3 0.3078571428571429 0.4416243654822335 0.03 0.044416243654822336
6 0.20714285714285716 0.3604060913705584 0.07285714285714286 0.11040609137055837
6 0.34 0.3489847715736041 0.06357142857142857 0.12563451776649745
6 0.30214285714285716 0.3489847715736041 0.05785714285714286 0.10152284263959391
6 0.2671428571428571 0.24746192893401014 0.062142857142857146 0.10279187817258884
6 0.245 0.2753807106598985 0.060714285714285714 0.09644670050761421
6 0.21142857142857144 0.1814720812182741 0.06142857142857143 0.09390862944162437
6 0.185 0.18908629441624367 0.06285714285714286 0.09898477157360407
6 0.13642857142857143 0.17766497461928935 0.04857142857142857 0.07868020304568528
6 0.13 0.12690355329949238 0.06357142857142857 0.09137055837563451
3 0.11 0.15355329949238578 0.027857142857142858 0.04060913705583756
6 0.09357142857142857 0.07233502538071065 0.04857142857142857 0.08375634517766498
6 0.06928571428571428 0.08756345177664974 0.037142857142857144 0.05964467005076142
3 0.08142857142857143 0.05583756345177665 0.017142857142857144 0.03680203045685279
3 0.09357142857142857 0.6230964467005076 0.02857142857142857 0.046954314720812185
3 0.06642857142857143 0.5824873096446701 0.027142857142857142 0.04568527918781726
3 0.032857142857142856 0.5329949238578681 0.03 0.044416243654822336
3 0.9635714285714285 0.1383248730964467 0.03214285714285714 0.04187817258883249
3 0.9142857142857143 0.10279187817258884 0.03357142857142857 0.027918781725888325
3 0.92 0.1218274111675127 0.032857142857142856 0.03934010152284264
1 0.010714285714285714 0.025380710659898477 0.01 0.02030456852791878
1 0.095 0.030456852791878174 0.0064285714285714285 0.017766497461928935
1 0.09142857142857143 0.0266497461928934 0.0064285714285714285 0.01903553299492386
1 0.1442857142857143 0.06598984771573604 0.007857142857142858 0.02284263959390863
1 0.1692857142857143 0.09771573604060914 0.007857142857142858 0.021573604060913704
1 0.16428571428571428 0.10279187817258884 0.009285714285714286 0.021573604060913704
1 0.3821428571428571 0.35152284263959394 0.0064285714285714285 0.02030456852791878
1 0.37714285714285717 0.35786802030456855 0.007142857142857143 0.021573604060913704
1 0.20142857142857143 0.9302030456852792 0.015 0.02284263959390863
1 0.16071428571428573 0.8197969543147208 0.010714285714285714 0.017766497461928935
1 0.15714285714285714 0.7385786802030457 0.012857142857142857 0.0266497461928934
1 0.11285714285714285 0.7182741116751269 0.011428571428571429 0.02284263959390863
1 0.115 0.6878172588832487 0.010714285714285714 0.025380710659898477
1 0.005714285714285714 0.4873096446700508 0.03428571428571429 0.04568527918781726
