1 0.4235 0.8413333333333334 0.0265 0.054
1 0.5125 0.6993333333333334 0.0225 0.044
1 0.532 0.678 0.02 0.04666666666666667
1 0.553 0.65 0.017 0.06
1 0.493 0.6226666666666667 0.024 0.038
1 0.6795 0.6286666666666667 0.0315 0.05266666666666667
1 0.5395 0.7506666666666667 0.031 0.048
1 0.547 0.7526666666666667 0.012 0.028666666666666667
1 0.5035 0.836 0.042 0.050666666666666665
4 0.4955 0.8146666666666667 0.0525 0.07533333333333334
1 0.7465 0.546 0.038 0.058666666666666666
1 0.7925 0.5793333333333334 0.046 0.062
1 0.8845 0.5506666666666666 0.0425 0.06666666666666667
1 0.736 0.476 0.0335 0.07266666666666667
1 0.7415 0.4026666666666667 0.0295 0.056666666666666664
1 0.667 0.4633333333333333 0.0335 0.058666666666666666
1 0.684 0.436 0.0225 0.046
1 0.677 0.418 0.0395 0.06
1 0.713 0.422 0.0215 0.03666666666666667
1 0.72 0.382 0.026 0.04666666666666667
1 0.7245 0.39066666666666666 0.014 0.03133333333333333
1 0.6595 0.348 0.0235 0.036
1 0.6815 0.33866666666666667 0.0185 0.04733333333333333
1 0.793 0.31733333333333336 0.03 0.06
1 0.796 0.304 0.0185 0.03866666666666667
1 0.764 0.30466666666666664 0.027 0.06066666666666667
1 0.79 0.282 0.024 0.04533333333333334
1 0.9485 0.4706666666666667 0.0515 0.06133333333333333
1 0.964 0.498 0.036 0.038
1 0.7195 0.2866666666666667 0.029 0.03266666666666666
1 0.828 0.208 0.029 0.064
1 0.787 0.19666666666666666 0.028 0.03933333333333333
1 0.786 0.17933333333333334 0.0315 0.038
1 0.879 0.17666666666666667 0.0355 0.05466666666666667
4 0.843 0.21866666666666668 0.048 0.04066666666666666
2 0.8805 0.194 0.0225 0.054
1 0.8395 0.184 0.017 0.030666666666666665
1 0.853 0.196 0.0145 0.025333333333333333
1 0.838 0.12866666666666668 0.0195 0.03933333333333333
1 0.8375 0.12 0.0205 0.03133333333333333
1 0.8785 0.144 0.028 0.054
1 0.8915 0.122 0.0255 0.062
1 0.8705 0.092 0.0155 0.03933333333333333
1 0.92 0.12466666666666666 0.026 0.06066666666666667
2 0.909 0.146 0.02 0.04733333333333333
1 0.913 0.102 0.0295 0.05466666666666667
1 0.959 0.094 0.0285 0.05266666666666667
2 0.946 0.09666666666666666 0.0275 0.050666666666666665
1 0.9175 0.015333333333333332 0.0295 0.056666666666666664
1 0.9715 0.016 0.0285 0.058666666666666666
1 0.96 0.0 0.026 0.056666666666666664
1 0.9425 0.0 0.023 0.04733333333333333
1 0.885 0.8233333333333334 0.052 0.056666666666666664
2 0.9485 0.7573333333333333 0.0515 0.18666666666666668
1 0.3995 0.010666666666666666 0.02 0.058666666666666666
1 0.3085 0.7826666666666666 0.0355 0.042666666666666665
