3 0.4164285714285714 0.23809523809523808 0.010714285714285714 0.02095238095238095
3 0.4785714285714286 0.3676190476190476 0.013571428571428571 0.03142857142857143
3 0.4742857142857143 0.4657142857142857 0.015 0.03619047619047619
3 0.4707142857142857 0.6276190476190476 0.017142857142857144 0.05238095238095238
3 0.4635714285714286 0.719047619047619 0.02142857142857143 0.06571428571428571
3 0.445 0.9495238095238095 0.03428571428571429 0.05047619047619047
3 0.4357142857142857 0.3047619047619048 0.012857142857142857 0.029523809523809525
3 0.4085714285714286 0.28285714285714286 0.013571428571428571 0.024761904761904763
4 0.4664285714285714 0.8180952380952381 0.010714285714285714 0.03619047619047619
4 0.495 0.8104761904761905 0.014285714285714285 0.04285714285714286
4 0.465 0.379047619047619 0.005 0.017142857142857144
4 0.475 0.3180952380952381 0.004285714285714286 0.015238095238095238
4 0.47928571428571426 0.21142857142857144 0.0035714285714285713 0.011428571428571429
4 0.4828571428571429 0.14 0.0035714285714285713 0.010476190476190476
4 0.48214285714285715 0.12380952380952381 0.002857142857142857 0.008571428571428572
4 0.47714285714285715 0.11333333333333333 0.002857142857142857 0.009523809523809525
4 0.47714285714285715 0.09333333333333334 0.002857142857142857 0.008571428571428572
4 0.48214285714285715 0.04 0.002857142857142857 0.007619047619047619
4 0.48214285714285715 0.03238095238095238 0.002857142857142857 0.006666666666666667
3 0.47785714285714287 0.0 0.007142857142857143 0.007619047619047619
2 0.4714285714285714 0.2571428571428571 0.004285714285714286 0.013333333333333334
2 0.4664285714285714 0.4228571428571429 0.004285714285714286 0.017142857142857144
2 0.465 0.44476190476190475 0.005714285714285714 0.018095238095238095
4 0.4585714285714286 0.4266666666666667 0.005714285714285714 0.01619047619047619
2 0.5278571428571428 0.7133333333333334 0.007857142857142858 0.022857142857142857
1 0.42142857142857143 0.3171428571428571 0.0035714285714285713 0.013333333333333334
1 0.42428571428571427 0.3161904761904762 0.0035714285714285713 0.014285714285714285
1 0.4442857142857143 0.2752380952380952 0.0035714285714285713 0.012380952380952381
1 0.4014285714285714 0.7638095238095238 0.007857142857142858 0.018095238095238095
1 0.4685714285714286 0.8276190476190476 0.0064285714285714285 0.01619047619047619
1 0.4685714285714286 0.82 0.008571428571428572 0.018095238095238095
1 0.5292857142857142 0.7133333333333334 0.005714285714285714 0.014285714285714285
1 0.4657142857142857 0.38 0.0035714285714285713 0.008571428571428572
1 0.4657142857142857 0.44571428571428573 0.004285714285714286 0.010476190476190476
1 0.46714285714285714 0.4228571428571429 0.002857142857142857 0.010476190476190476
1 0.4592857142857143 0.4276190476190476 0.004285714285714286 0.010476190476190476
1 0.47214285714285714 0.2571428571428571 0.002857142857142857 0.009523809523809525
1 0.4757142857142857 0.3180952380952381 0.002857142857142857 0.009523809523809525
