3 0.5771428571428572 0.037142857142857144 0.07285714285714286 0.05904761904761905
3 0.6457142857142857 0.21047619047619048 0.08214285714285714 0.10761904761904761
3 0.4878571428571429 0.08666666666666667 0.08928571428571429 0.09523809523809523
3 0.37642857142857145 0.1742857142857143 0.10785714285714286 0.10666666666666667
3 0.27 0.26571428571428574 0.10785714285714286 0.11238095238095239
3 0.4257142857142857 0.42095238095238097 0.10785714285714286 0.13047619047619047
3 0.5542857142857143 0.44476190476190475 0.10714285714285714 0.1295238095238095
3 0.0 0.8438095238095238 0.16428571428571428 0.15619047619047619
3 0.12714285714285714 0.37238095238095237 0.1407142857142857 0.1361904761904762
3 0.0014285714285714286 0.5028571428571429 0.11857142857142858 0.1580952380952381
3 0.6707142857142857 0.5685714285714286 0.175 0.24095238095238095
