3 0.17357142857142857 0.6523809523809524 0.12928571428571428 0.2571428571428571
3 0.59 0.5342857142857143 0.20714285714285716 0.12571428571428572
3 0.5514285714285714 0.38761904761904764 0.15714285714285714 0.09619047619047619
3 0.5507142857142857 0.3171428571428571 0.14857142857142858 0.08285714285714285
3 0.5664285714285714 0.24952380952380954 0.115 0.06952380952380953
3 0.5028571428571429 0.17047619047619048 0.05357142857142857 0.06476190476190476
3 0.32 0.20952380952380953 0.06428571428571428 0.08952380952380952
3 0.06928571428571428 0.35333333333333333 0.10928571428571429 0.12
3 0.20285714285714285 0.19047619047619047 0.06571428571428571 0.09428571428571429
3 0.5542857142857143 0.2057142857142857 0.09714285714285714 0.07333333333333333
3 0.5628571428571428 0.1895238095238095 0.11285714285714285 0.06476190476190476
3 0.305 0.09523809523809523 0.05857142857142857 0.07238095238095238
3 0.3435714285714286 0.05904761904761905 0.052142857142857144 0.06380952380952382
3 0.5328571428571428 0.12095238095238095 0.03142857142857143 0.06095238095238095
3 0.45785714285714285 0.07142857142857142 0.045714285714285714 0.05238095238095238
1 0.185 0.14761904761904762 0.016428571428571428 0.04
1 0.205 0.13904761904761906 0.018571428571428572 0.04666666666666667
1 0.2757142857142857 0.18666666666666668 0.018571428571428572 0.049523809523809526
1 0.30214285714285716 0.18095238095238095 0.019285714285714285 0.05142857142857143
1 0.3007142857142857 0.04857142857142857 0.06 0.037142857142857144
3 0.32071428571428573 0.006666666666666667 0.05 0.040952380952380955
3 0.29214285714285715 0.006666666666666667 0.047857142857142855 0.04
1 0.4642857142857143 0.03333333333333333 0.009285714285714286 0.03619047619047619
3 0.4564285714285714 0.021904761904761906 0.04857142857142857 0.04
3 0.5257142857142857 0.05523809523809524 0.04 0.0419047619047619
3 0.5092857142857142 0.03619047619047619 0.045 0.04
3 0.5557142857142857 0.03428571428571429 0.03142857142857143 0.04
3 0.5735714285714286 0.012380952380952381 0.04214285714285714 0.040952380952380955
3 0.5078571428571429 0.0 0.04285714285714286 0.03333333333333333
3 0.77 0.06857142857142857 0.041428571428571426 0.047619047619047616
3 0.8171428571428572 0.07333333333333333 0.03571428571428571 0.05142857142857143
3 0.8257142857142857 0.02095238095238095 0.032857142857142856 0.05238095238095238
3 0.7857142857142857 0.015238095238095238 0.04071428571428572 0.049523809523809526
3 0.0 0.46476190476190476 0.08571428571428572 0.17142857142857143
