3 0.6007142857142858 0.23730964467005075 0.019285714285714285 0.06598984771573604
6 0.205 0.29441624365482233 0.06928571428571428 0.06091370558375635
6 0.5478571428571428 0.7055837563451777 0.15357142857142858 0.1700507614213198
6 0.2621428571428571 0.7829949238578681 0.22857142857142856 0.21573604060913706
3 0.45285714285714285 0.6878172588832487 0.07785714285714286 0.10152284263959391
4 0.725 0.7258883248730964 0.027142857142857142 0.07233502538071065
4 0.7421428571428571 0.7106598984771574 0.03642857142857143 0.07233502538071065
4 0.7364285714285714 0.7170050761421319 0.03357142857142857 0.08629441624365482
4 0.7728571428571429 0.6916243654822335 0.03571428571428571 0.07106598984771574
4 0.7878571428571428 0.682741116751269 0.032857142857142856 0.06598984771573604
4 0.8007142857142857 0.6763959390862944 0.029285714285714286 0.07487309644670051
4 0.8428571428571429 0.6522842639593909 0.03214285714285714 0.07233502538071065
4 0.86 0.6510152284263959 0.02857142857142857 0.06472081218274112
4 0.8214285714285714 0.6725888324873096 0.032857142857142856 0.06725888324873096
4 0.8357142857142857 0.6624365482233503 0.027857142857142858 0.06091370558375635
4 0.8721428571428571 0.6383248730964467 0.022857142857142857 0.06725888324873096
1 0.6007142857142858 0.9048223350253807 0.012857142857142857 0.048223350253807105
1 0.565 0.9454314720812182 0.020714285714285713 0.03807106598984772
1 0.8328571428571429 0.37944162436548223 0.012857142857142857 0.04060913705583756
1 0.8214285714285714 0.36421319796954316 0.011428571428571429 0.031725888324873094
1 0.7985714285714286 0.37182741116751267 0.012142857142857143 0.03553299492385787
1 0.7814285714285715 0.41624365482233505 0.011428571428571429 0.031725888324873094
1 0.8142857142857143 0.3946700507614213 0.015714285714285715 0.03934010152284264
1 0.37857142857142856 0.5812182741116751 0.010714285714285714 0.04187817258883249
1 0.325 0.5964467005076142 0.014285714285714285 0.03934010152284264
1 0.2957142857142857 0.6040609137055838 0.017857142857142856 0.04060913705583756
1 0.10071428571428571 0.6928934010152284 0.016428571428571428 0.04187817258883249
1 0.3464285714285714 0.41878172588832485 0.007142857142857143 0.027918781725888325
1 0.46214285714285713 0.06725888324873096 0.005714285714285714 0.024111675126903553
1 0.45714285714285713 0.06472081218274112 0.005714285714285714 0.02284263959390863
1 0.18571428571428572 0.27284263959390864 0.007857142857142858 0.02918781725888325
1 0.1742857142857143 0.2703045685279188 0.007857142857142858 0.02284263959390863
1 0.7 0.15609137055837563 0.007857142857142858 0.0266497461928934
1 0.6907142857142857 0.16116751269035534 0.007142857142857143 0.024111675126903553
1 0.7057142857142857 0.1446700507614213 0.007142857142857143 0.025380710659898477
1 0.7021428571428572 0.24111675126903553 0.007142857142857143 0.024111675126903553
1 0.7471428571428571 0.19035532994923857 0.0064285714285714285 0.02284263959390863
3 0.765 0.017766497461928935 0.016428571428571428 0.05964467005076142
1 0.325 0.5609137055837563 0.008571428571428572 0.030456852791878174
1 0.335 0.4035532994923858 0.011428571428571429 0.024111675126903553
4 0.2307142857142857 0.5812182741116751 0.012857142857142857 0.03680203045685279
1 0.8714285714285714 0.7766497461928934 0.015714285714285715 0.04060913705583756
