1 0.895 0.9485714285714286 0.025714285714285714 0.025714285714285714
1 0.3242857142857143 0.878095238095238 0.020714285714285713 0.03428571428571429
1 0.6442857142857142 0.4857142857142857 0.016428571428571428 0.01904761904761905
1 0.6335714285714286 0.41619047619047617 0.022857142857142857 0.03238095238095238
1 0.6028571428571429 0.35523809523809524 0.017142857142857144 0.018095238095238095
1 0.9664285714285714 0.3952380952380952 0.012857142857142857 0.03238095238095238
2 0.9771428571428571 0.3980952380952381 0.010714285714285714 0.03333333333333333
1 0.8571428571428571 0.1961904761904762 0.012142857142857143 0.02095238095238095
2 0.85 0.2038095238095238 0.018571428571428572 0.018095238095238095
1 0.6207142857142857 0.31523809523809526 0.014285714285714285 0.02666666666666667
1 0.5992857142857143 0.30095238095238097 0.012142857142857143 0.030476190476190476
1 0.6271428571428571 0.26476190476190475 0.0064285714285714285 0.02666666666666667
1 0.6207142857142857 0.25142857142857145 0.01 0.023809523809523808
1 0.6292857142857143 0.24761904761904763 0.010714285714285714 0.023809523809523808
1 0.6057142857142858 0.21428571428571427 0.009285714285714286 0.02666666666666667
1 0.6 0.15142857142857144 0.008571428571428572 0.02857142857142857
1 0.7721428571428571 0.049523809523809526 0.010714285714285714 0.017142857142857144
1 0.7792857142857142 0.04666666666666667 0.009285714285714286 0.015238095238095238
1 0.765 0.05238095238095238 0.005714285714285714 0.01619047619047619
1 0.7557142857142857 0.047619047619047616 0.005714285714285714 0.015238095238095238
3 0.8178571428571428 0.021904761904761906 0.03142857142857143 0.04666666666666667
4 0.8392857142857143 0.06761904761904762 0.015714285714285715 0.022857142857142857
4 0.8578571428571429 0.03142857142857143 0.014285714285714285 0.01904761904761905
4 0.88 0.05904761904761905 0.014285714285714285 0.017142857142857144
4 0.8835714285714286 0.07238095238095238 0.012142857142857143 0.023809523809523808
4 0.895 0.06571428571428571 0.012142857142857143 0.023809523809523808
2 0.8607142857142858 0.049523809523809526 0.018571428571428572 0.02
2 0.5692857142857143 0.02857142857142857 0.007142857142857143 0.023809523809523808
1 0.5328571428571428 0.04666666666666667 0.012857142857142857 0.023809523809523808
3 0.5321428571428571 0.009523809523809525 0.023571428571428573 0.03619047619047619
3 0.5607142857142857 0.0 0.017857142857142856 0.025714285714285714
1 0.525 0.2704761904761905 0.010714285714285714 0.029523809523809525
1 0.5378571428571428 0.3180952380952381 0.007857142857142858 0.02857142857142857
1 0.5407142857142857 0.34095238095238095 0.015 0.03428571428571429
1 0.48857142857142855 0.4361904761904762 0.015 0.03238095238095238
1 0.48928571428571427 0.3142857142857143 0.015 0.02761904761904762
1 0.5014285714285714 0.3904761904761905 0.017142857142857144 0.022857142857142857
1 0.4635714285714286 0.6 0.024285714285714285 0.017142857142857144
1 0.4585714285714286 0.5714285714285714 0.024285714285714285 0.017142857142857144
1 0.44571428571428573 0.4876190476190476 0.023571428571428573 0.018095238095238095
1 0.47 0.4857142857142857 0.02 0.018095238095238095
1 0.4764285714285714 0.5123809523809524 0.020714285714285713 0.01619047619047619
1 0.44 0.44476190476190475 0.02142857142857143 0.017142857142857144
1 0.43142857142857144 0.41714285714285715 0.025 0.02095238095238095
1 0.44285714285714284 0.31333333333333335 0.017857142857142856 0.021904761904761906
1 0.425 0.32095238095238093 0.016428571428571428 0.02095238095238095
1 0.43214285714285716 0.26 0.02 0.018095238095238095
1 0.45 0.15333333333333332 0.011428571428571429 0.024761904761904763
2 0.41928571428571426 0.004761904761904762 0.012142857142857143 0.017142857142857144
1 0.465 0.439047619047619 0.018571428571428572 0.03428571428571429
1 0.47285714285714286 0.5380952380952381 0.011428571428571429 0.022857142857142857
1 0.3742857142857143 0.46190476190476193 0.012857142857142857 0.029523809523809525
1 0.36428571428571427 0.5 0.011428571428571429 0.021904761904761906
1 0.395 0.5095238095238095 0.018571428571428572 0.03142857142857143
1 0.37285714285714283 0.31333333333333335 0.015 0.02666666666666667
2 0.3578571428571429 0.21333333333333335 0.02 0.017142857142857144
1 0.3442857142857143 0.17714285714285713 0.011428571428571429 0.02666666666666667
1 0.3535714285714286 0.1761904761904762 0.009285714285714286 0.024761904761904763
1 0.2885714285714286 0.49523809523809526 0.012857142857142857 0.03333333333333333
1 0.32071428571428573 0.5704761904761905 0.015714285714285715 0.03333333333333333
1 0.305 0.5619047619047619 0.015714285714285715 0.021904761904761906
1 0.27071428571428574 0.5819047619047619 0.017857142857142856 0.030476190476190476
1 0.31642857142857145 0.6104761904761905 0.017142857142857144 0.030476190476190476
1 0.2642857142857143 0.42095238095238097 0.02 0.03333333333333333
1 0.18214285714285713 0.54 0.019285714285714285 0.025714285714285714
1 0.19285714285714287 0.5323809523809524 0.016428571428571428 0.02857142857142857
1 0.18857142857142858 0.37714285714285717 0.02142857142857143 0.03142857142857143
1 0.13428571428571429 0.35904761904761906 0.02 0.029523809523809525
1 0.13785714285714284 0.42857142857142855 0.02214285714285714 0.03238095238095238
1 0.18285714285714286 0.41619047619047617 0.018571428571428572 0.037142857142857144
1 0.14857142857142858 0.38952380952380955 0.02142857142857143 0.03333333333333333
1 0.15785714285714286 0.43333333333333335 0.019285714285714285 0.03142857142857143
1 0.11785714285714285 0.5895238095238096 0.015714285714285715 0.021904761904761906
4 0.04642857142857143 0.3923809523809524 0.032857142857142856 0.022857142857142857
2 0.007142857142857143 0.3476190476190476 0.037142857142857144 0.021904761904761906
1 0.055714285714285716 0.2980952380952381 0.015 0.022857142857142857
1 0.16 0.31047619047619046 0.012857142857142857 0.022857142857142857
1 0.17 0.3028571428571429 0.017142857142857144 0.02095238095238095
2 0.27714285714285714 0.14952380952380953 0.030714285714285715 0.040952380952380955
1 0.3092857142857143 0.18666666666666668 0.015 0.029523809523809525
2 0.47 0.5495238095238095 0.025 0.01904761904761905
2 0.22857142857142856 0.6980952380952381 0.047142857142857146 0.040952380952380955
