3 0.2792857142857143 0.8657142857142858 0.145 0.13428571428571429
3 0.11071428571428571 0.8238095238095238 0.17714285714285713 0.1761904761904762
3 0.05785714285714286 0.7314285714285714 0.17357142857142857 0.19047619047619047
3 0.44142857142857145 0.6428571428571429 0.12071428571428572 0.15428571428571428
3 0.37357142857142855 0.5952380952380952 0.11285714285714285 0.1180952380952381
3 0.28 0.5742857142857143 0.115 0.11619047619047619
1 0.3242857142857143 0.44666666666666666 0.02 0.0380952380952381
1 0.35285714285714287 0.42 0.014285714285714285 0.04857142857142857
1 0.32571428571428573 0.44666666666666666 0.012142857142857143 0.02666666666666667
1 0.3585714285714286 0.4180952380952381 0.008571428571428572 0.02857142857142857
3 0.165 0.3580952380952381 0.08857142857142856 0.07142857142857142
3 0.10142857142857142 0.3619047619047619 0.08714285714285715 0.07142857142857142
3 0.21 0.3 0.08 0.06
3 0.30714285714285716 0.2580952380952381 0.06428571428571428 0.05238095238095238
3 0.38142857142857145 0.20952380952380953 0.055 0.058095238095238096
3 0.43642857142857144 0.18666666666666668 0.045 0.04476190476190476
3 0.4857142857142857 0.16095238095238096 0.04214285714285714 0.040952380952380955
1 0.09928571428571428 0.2895238095238095 0.017857142857142856 0.040952380952380955
1 0.019285714285714285 0.19904761904761906 0.016428571428571428 0.03238095238095238
1 0.041428571428571426 0.17714285714285713 0.013571428571428571 0.03333333333333333
1 0.17357142857142857 0.0419047619047619 0.0064285714285714285 0.01619047619047619
3 0.007857142857142858 0.09238095238095238 0.05285714285714286 0.025714285714285714
3 0.04428571428571428 0.07904761904761905 0.045 0.02095238095238095
3 0.015714285714285715 0.03238095238095238 0.045714285714285714 0.02095238095238095
3 0.01 0.02761904761904762 0.03571428571428571 0.02095238095238095
3 0.0 0.025714285714285714 0.032857142857142856 0.021904761904761906
3 0.03428571428571429 0.018095238095238095 0.041428571428571426 0.02095238095238095
3 0.0 0.008571428571428572 0.03 0.014285714285714285
3 0.0 0.021904761904761906 0.024285714285714285 0.024761904761904763
6 0.14714285714285713 0.006666666666666667 0.054285714285714284 0.035238095238095235
3 0.08857142857142856 0.0 0.025714285714285714 0.018095238095238095
3 0.07428571428571429 0.0 0.02142857142857143 0.014285714285714285
4 0.19857142857142857 0.03428571428571429 0.010714285714285714 0.022857142857142857
1 0.6414285714285715 0.4838095238095238 0.013571428571428571 0.04857142857142857
1 0.6628571428571428 0.46190476190476193 0.015 0.04380952380952381
6 0.5871428571428572 0.18857142857142858 0.08642857142857142 0.10666666666666667
1 0.5835714285714285 0.12571428571428572 0.007857142857142858 0.025714285714285714
1 0.55 0.11047619047619048 0.005714285714285714 0.02857142857142857
1 0.5364285714285715 0.10095238095238095 0.005 0.02666666666666667
4 0.5628571428571428 0.10476190476190476 0.015714285714285715 0.024761904761904763
1 0.5671428571428572 0.10571428571428572 0.005714285714285714 0.017142857142857144
3 0.9164285714285715 0.23333333333333334 0.055 0.06666666666666667
3 0.5328571428571428 0.02857142857142857 0.037142857142857144 0.022857142857142857
3 0.5342857142857143 0.04476190476190476 0.03142857142857143 0.02
6 0.43214285714285716 0.02761904761904762 0.09142857142857143 0.05333333333333334
3 0.3514285714285714 0.03238095238095238 0.024285714285714285 0.01619047619047619
3 0.36857142857142855 0.021904761904761906 0.018571428571428572 0.015238095238095238
3 0.2885714285714286 0.02095238095238095 0.02142857142857143 0.017142857142857144
1 0.8707142857142857 0.03619047619047619 0.008571428571428572 0.01904761904761905
1 0.93 0.025714285714285714 0.0064285714285714285 0.018095238095238095
