3 0.17 0.28 0.02 0.04285714285714286
3 0.5578571428571428 0.3619047619047619 0.03571428571428571 0.03428571428571429
3 0.5735714285714286 0.37714285714285717 0.03428571428571429 0.0380952380952381
3 0.4542857142857143 0.5923809523809523 0.04857142857142857 0.04285714285714286
3 0.5857142857142857 0.3961904761904762 0.035 0.0419047619047619
3 0.6014285714285714 0.41523809523809524 0.037142857142857144 0.0419047619047619
3 0.6214285714285714 0.439047619047619 0.03357142857142857 0.037142857142857144
3 0.6442857142857142 0.4561904761904762 0.030714285714285715 0.0380952380952381
3 0.6571428571428571 0.4742857142857143 0.032857142857142856 0.04285714285714286
3 0.6728571428571428 0.5009523809523809 0.037142857142857144 0.04857142857142857
3 0.5792857142857143 0.7514285714285714 0.05142857142857143 0.07809523809523809
3 0.5607142857142857 0.7952380952380952 0.04285714285714286 0.07238095238095238
3 0.5364285714285715 0.8276190476190476 0.05142857142857143 0.07047619047619047
3 0.4007142857142857 0.8142857142857143 0.03785714285714286 0.08857142857142856
3 0.43 0.9352380952380952 0.03642857142857143 0.06476190476190476
3 0.6914285714285714 0.5266666666666666 0.039285714285714285 0.049523809523809526
3 0.5621428571428572 0.29619047619047617 0.032857142857142856 0.039047619047619046
3 0.43785714285714283 0.3476190476190476 0.03357142857142857 0.023809523809523808
3 0.45071428571428573 0.4142857142857143 0.027857142857142858 0.02095238095238095
3 0.45285714285714285 0.439047619047619 0.03357142857142857 0.02
3 0.45571428571428574 0.46476190476190476 0.03642857142857143 0.02857142857142857
3 0.44857142857142857 0.3923809523809524 0.03214285714285714 0.023809523809523808
3 0.44 0.36666666666666664 0.03857142857142857 0.02666666666666667
8 0.5557142857142857 0.22380952380952382 0.03785714285714286 0.047619047619047616
4 0.22714285714285715 0.36952380952380953 0.008571428571428572 0.021904761904761906
1 0.22642857142857142 0.37047619047619046 0.007857142857142858 0.014285714285714285
