3 0.135 0.021573604060913704 0.008571428571428572 0.008883248730964468
3 0.2292857142857143 0.3248730964467005 0.012142857142857143 0.012690355329949238
3 0.2357142857142857 0.3134517766497462 0.013571428571428571 0.01015228426395939
3 0.24 0.3083756345177665 0.012857142857142857 0.011421319796954314
3 0.24214285714285713 0.3020304568527919 0.012857142857142857 0.011421319796954314
3 0.24571428571428572 0.2956852791878173 0.015 0.012690355329949238
3 0.25285714285714284 0.2817258883248731 0.015714285714285715 0.01015228426395939
3 0.25857142857142856 0.26776649746192893 0.013571428571428571 0.01649746192893401
3 0.3057142857142857 0.282994923857868 0.010714285714285714 0.013959390862944163
3 0.09642857142857143 0.5545685279187818 0.018571428571428572 0.013959390862944163
3 0.1 0.5444162436548223 0.02142857142857143 0.01649746192893401
3 0.10785714285714286 0.5317258883248731 0.019285714285714285 0.01649746192893401
3 0.11357142857142857 0.5241116751269036 0.017142857142857144 0.013959390862944163
3 0.12142857142857143 0.5126903553299492 0.017142857142857144 0.01649746192893401
3 0.12857142857142856 0.5038071065989848 0.014285714285714285 0.015228426395939087
3 0.13142857142857142 0.4949238578680203 0.017142857142857144 0.012690355329949238
3 0.1392857142857143 0.4847715736040609 0.015714285714285715 0.015228426395939087
3 0.14 0.4746192893401015 0.019285714285714285 0.015228426395939087
3 0.15285714285714286 0.4606598984771574 0.017142857142857144 0.012690355329949238
3 0.155 0.45050761421319796 0.018571428571428572 0.015228426395939087
3 0.04928571428571429 0.6129441624365483 0.02214285714285714 0.021573604060913704
3 0.12142857142857143 0.5583756345177665 0.018571428571428572 0.027918781725888325
3 0.08785714285714286 0.5647208121827412 0.02142857142857143 0.017766497461928935
6 0.20714285714285716 0.5101522842639594 0.03642857142857143 0.07487309644670051
3 0.03428571428571429 0.916243654822335 0.03 0.0583756345177665
8 0.3221428571428571 0.3895939086294416 0.027142857142857142 0.05964467005076142
3 0.5342857142857143 0.6903553299492385 0.012857142857142857 0.0266497461928934
3 0.52 0.6345177664974619 0.013571428571428571 0.02918781725888325
8 0.48142857142857143 0.49746192893401014 0.020714285714285713 0.04949238578680203
3 0.47 0.4593908629441624 0.01 0.017766497461928935
3 0.4607142857142857 0.4200507614213198 0.009285714285714286 0.02284263959390863
3 0.3964285714285714 0.09644670050761421 0.008571428571428572 0.007614213197969543
3 0.3871428571428571 0.10279187817258884 0.0064285714285714285 0.005076142131979695
8 0.3678571428571429 0.10279187817258884 0.018571428571428572 0.013959390862944163
3 0.4092857142857143 0.24873096446700507 0.012142857142857143 0.015228426395939087
6 0.4135714285714286 0.27918781725888325 0.016428571428571428 0.030456852791878174
3 0.4785714285714286 0.1916243654822335 0.007857142857142858 0.01015228426395939
3 0.5378571428571428 0.1484771573604061 0.009285714285714286 0.01015228426395939
3 0.5657142857142857 0.1218274111675127 0.010714285714285714 0.011421319796954314
3 0.5742857142857143 0.11928934010152284 0.013571428571428571 0.01649746192893401
3 0.5821428571428572 0.031725888324873094 0.0064285714285714285 0.007614213197969543
3 0.6414285714285715 0.04314720812182741 0.009285714285714286 0.008883248730964468
3 0.6864285714285714 0.03680203045685279 0.008571428571428572 0.006345177664974619
3 0.705 0.017766497461928935 0.0064285714285714285 0.006345177664974619
3 0.7035714285714286 0.02030456852791878 0.007857142857142858 0.007614213197969543
3 0.6992857142857143 0.04568527918781726 0.009285714285714286 0.013959390862944163
3 0.68 0.24746192893401014 0.010714285714285714 0.02030456852791878
3 0.6435714285714286 0.2550761421319797 0.010714285714285714 0.01903553299492386
3 0.6314285714285715 0.25888324873096447 0.008571428571428572 0.01903553299492386
3 0.6235714285714286 0.2614213197969543 0.010714285714285714 0.01903553299492386
3 0.6185714285714285 0.2639593908629442 0.008571428571428572 0.01649746192893401
3 0.6064285714285714 0.3020304568527919 0.01 0.015228426395939087
3 0.575 0.30710659898477155 0.010714285714285714 0.01649746192893401
3 0.5685714285714286 0.2753807106598985 0.009285714285714286 0.01903553299492386
3 0.5621428571428572 0.31091370558375636 0.01 0.017766497461928935
3 0.5585714285714286 0.27284263959390864 0.009285714285714286 0.02284263959390863
3 0.6021428571428571 0.2715736040609137 0.01 0.013959390862944163
3 0.6221428571428571 0.29949238578680204 0.01 0.012690355329949238
3 0.6157142857142858 0.3020304568527919 0.007857142857142858 0.012690355329949238
3 0.7142857142857143 0.021573604060913704 0.008571428571428572 0.008883248730964468
3 0.7321428571428571 0.031725888324873094 0.009285714285714286 0.01015228426395939
3 0.715 0.24111675126903553 0.009285714285714286 0.01649746192893401
3 0.7228571428571429 0.23730964467005075 0.008571428571428572 0.015228426395939087
3 0.73 0.233502538071066 0.007857142857142858 0.02030456852791878
3 0.7414285714285714 0.23223350253807107 0.011428571428571429 0.01649746192893401
3 0.7057142857142857 0.2753807106598985 0.011428571428571429 0.013959390862944163
3 0.7142857142857143 0.27411167512690354 0.01 0.013959390862944163
3 0.7214285714285714 0.27284263959390864 0.010714285714285714 0.01649746192893401
3 0.73 0.2715736040609137 0.008571428571428572 0.012690355329949238
3 0.7357142857142858 0.26776649746192893 0.01 0.015228426395939087
3 0.7428571428571429 0.26776649746192893 0.01 0.015228426395939087
3 0.7485714285714286 0.2652284263959391 0.010714285714285714 0.017766497461928935
3 0.755 0.2626903553299492 0.010714285714285714 0.01649746192893401
3 0.7728571428571429 0.3565989847715736 0.016428571428571428 0.015228426395939087
3 0.745 0.36548223350253806 0.017857142857142856 0.015228426395939087
3 0.7621428571428571 0.3743654822335025 0.017857142857142856 0.012690355329949238
8 0.5785714285714286 0.3299492385786802 0.02857142857142857 0.02284263959390863
3 0.7828571428571428 0.4847715736040609 0.017857142857142856 0.015228426395939087
3 0.8121428571428572 0.4860406091370558 0.016428571428571428 0.015228426395939087
3 0.7992857142857143 0.5025380710659898 0.017142857142857144 0.01649746192893401
3 0.8121428571428572 0.4517766497461929 0.015714285714285715 0.013959390862944163
3 0.8 0.43274111675126903 0.015714285714285715 0.013959390862944163
3 0.8221428571428572 0.47081218274111675 0.016428571428571428 0.015228426395939087
3 0.8028571428571428 0.47715736040609136 0.016428571428571428 0.01649746192893401
3 0.7957142857142857 0.4682741116751269 0.018571428571428572 0.015228426395939087
3 0.7907142857142857 0.4593908629441624 0.017857142857142856 0.012690355329949238
3 0.7664285714285715 0.3895939086294416 0.018571428571428572 0.015228426395939087
3 0.7721428571428571 0.39847715736040606 0.018571428571428572 0.015228426395939087
3 0.7778571428571428 0.40609137055837563 0.017857142857142856 0.01649746192893401
3 0.7864285714285715 0.41624365482233505 0.017142857142857144 0.012690355329949238
3 0.7921428571428571 0.42385786802030456 0.016428571428571428 0.012690355329949238
3 0.8314285714285714 0.4796954314720812 0.015714285714285715 0.015228426395939087
3 0.8492857142857143 0.4746192893401015 0.017857142857142856 0.01903553299492386
3 0.84 0.4631979695431472 0.017857142857142856 0.013959390862944163
3 0.8378571428571429 0.45558375634517767 0.015 0.012690355329949238
3 0.83 0.44543147208121825 0.017857142857142856 0.013959390862944163
3 0.8235714285714286 0.4365482233502538 0.015714285714285715 0.012690355329949238
3 0.8114285714285714 0.41878172588832485 0.015 0.012690355329949238
3 0.8042857142857143 0.4098984771573604 0.016428571428571428 0.013959390862944163
3 0.7957142857142857 0.4022842639593909 0.018571428571428572 0.012690355329949238
3 0.7914285714285715 0.3934010152284264 0.015714285714285715 0.012690355329949238
3 0.785 0.38451776649746194 0.018571428571428572 0.013959390862944163
3 0.8585714285714285 0.48096446700507617 0.019285714285714285 0.02030456852791878
3 0.8378571428571429 0.4873096446700508 0.019285714285714285 0.01903553299492386
3 0.8635714285714285 0.3286802030456853 0.015 0.01903553299492386
3 0.8778571428571429 0.34390862944162437 0.015 0.02030456852791878
3 0.8942857142857142 0.16878172588832488 0.008571428571428572 0.01015228426395939
3 0.8828571428571429 0.15862944162436549 0.009285714285714286 0.008883248730964468
3 0.905 0.17766497461928935 0.008571428571428572 0.013959390862944163
3 0.855 0.549492385786802 0.016428571428571428 0.0266497461928934
3 0.9014285714285715 0.6637055837563451 0.02142857142857143 0.017766497461928935
3 0.8964285714285715 0.6459390862944162 0.020714285714285713 0.01903553299492386
3 0.885 0.633248730964467 0.02 0.02030456852791878
3 0.8778571428571429 0.6192893401015228 0.022857142857142857 0.01903553299492386
3 0.8721428571428571 0.6065989847715736 0.017857142857142856 0.013959390862944163
3 0.8621428571428571 0.5951776649746193 0.02142857142857143 0.01649746192893401
3 0.8521428571428571 0.5786802030456852 0.020714285714285713 0.017766497461928935
3 0.8442857142857143 0.5647208121827412 0.019285714285714285 0.017766497461928935
3 0.91 0.6954314720812182 0.024285714285714285 0.03807106598984772
3 0.9157142857142857 0.6802030456852792 0.023571428571428573 0.01649746192893401
3 0.94 0.41116751269035534 0.02 0.027918781725888325
6 0.9642857142857143 0.4352791878172589 0.027857142857142858 0.03553299492385787
3 0.8235714285714286 0.07741116751269035 0.007857142857142858 0.01015228426395939
