3 0.2735 0.16 0.009 0.009333333333333334
3 0.277 0.15733333333333333 0.0095 0.008666666666666666
3 0.2795 0.15266666666666667 0.012 0.008
3 0.2905 0.146 0.0075 0.009333333333333334
3 0.318 0.128 0.008 0.006
3 0.3255 0.12533333333333332 0.0065 0.006
3 0.25 0.17533333333333334 0.0125 0.01
3 0.261 0.17533333333333334 0.0115 0.01
3 0.2725 0.17266666666666666 0.008 0.012666666666666666
3 0.3655 0.18933333333333333 0.019 0.011333333333333334
3 0.383 0.184 0.018 0.01
1 0.388 0.18866666666666668 0.003 0.010666666666666666
3 0.3955 0.188 0.0175 0.012666666666666666
3 0.4035 0.192 0.0185 0.015333333333333332
3 0.443 0.15933333333333333 0.0075 0.009333333333333334
3 0.4575 0.15933333333333333 0.0065 0.008666666666666666
3 0.412 0.21 0.01 0.018666666666666668
3 0.415 0.224 0.0095 0.02
3 0.4535 0.196 0.0095 0.012
3 0.468 0.178 0.015 0.013333333333333334
2 0.4705 0.19133333333333333 0.003 0.008666666666666666
1 0.4705 0.188 0.0025 0.01
1 0.4755 0.19866666666666666 0.002 0.012666666666666666
1 0.441 0.20933333333333334 0.004 0.014
1 0.442 0.19866666666666666 0.004 0.012666666666666666
1 0.4105 0.2673333333333333 0.003 0.017333333333333333
1 0.4135 0.2653333333333333 0.005 0.018666666666666668
1 0.4205 0.282 0.0055 0.018
3 0.4115 0.3 0.018 0.027333333333333334
3 0.4455 0.27466666666666667 0.015 0.022
1 0.45 0.25266666666666665 0.004 0.016666666666666666
2 0.4575 0.25266666666666665 0.004 0.011333333333333334
1 0.4575 0.248 0.0035 0.012
1 0.4845 0.23266666666666666 0.005 0.015333333333333332
3 0.467 0.2786666666666667 0.0165 0.024
8 0.4215 0.324 0.0455 0.028666666666666667
1 0.4575 0.332 0.005 0.02266666666666667
3 0.41 0.37533333333333335 0.0525 0.04
1 0.4665 0.42333333333333334 0.0055 0.02666666666666667
1 0.4845 0.42333333333333334 0.005 0.026
1 0.4795 0.428 0.0085 0.014666666666666666
4 0.465 0.45266666666666666 0.0105 0.018666666666666668
1 0.4675 0.7273333333333334 0.0115 0.043333333333333335
1 0.4685 0.76 0.008 0.027333333333333334
8 0.388 0.682 0.0725 0.266
1 0.542 0.7633333333333333 0.016 0.05
8 0.475 0.5506666666666666 0.0475 0.11133333333333334
8 0.473 0.4866666666666667 0.0365 0.064
3 0.57 0.4593333333333333 0.033 0.056666666666666664
1 0.4895 0.23466666666666666 0.0035 0.014
3 0.487 0.25733333333333336 0.014 0.017333333333333333
3 0.488 0.28 0.0175 0.021333333333333333
3 0.475 0.304 0.017 0.024666666666666667
1 0.4795 0.20533333333333334 0.004 0.01
1 0.5155 0.32266666666666666 0.005 0.019333333333333334
1 0.514 0.31666666666666665 0.0045 0.019333333333333334
8 0.5085 0.2906666666666667 0.018 0.028666666666666667
1 0.4905 0.43066666666666664 0.007 0.03
1 0.4965 0.42933333333333334 0.0065 0.018666666666666668
1 0.502 0.4246666666666667 0.0065 0.02666666666666667
2 0.498 0.43933333333333335 0.005 0.013333333333333334
1 0.5065 0.4726666666666667 0.007 0.03333333333333333
1 0.534 0.42533333333333334 0.0105 0.029333333333333333
1 0.5055 0.5093333333333333 0.004 0.009333333333333334
1 0.495 0.49 0.015 0.026
1 0.5085 0.6006666666666667 0.0155 0.034
1 0.5075 0.5833333333333334 0.015 0.034
1 0.643 0.9733333333333334 0.0235 0.02666666666666667
4 0.64 0.9613333333333334 0.0265 0.03866666666666667
1 0.824 0.934 0.023 0.050666666666666665
1 0.789 0.9106666666666666 0.02 0.04466666666666667
1 0.788 0.89 0.029 0.04933333333333333
3 0.6475 0.6986666666666667 0.075 0.11933333333333333
1 0.637 0.566 0.012 0.035333333333333335
1 0.5835 0.582 0.0105 0.034666666666666665
1 0.5965 0.5786666666666667 0.0075 0.016
1 0.5905 0.5606666666666666 0.0065 0.02266666666666667
1 0.591 0.5493333333333333 0.0095 0.030666666666666665
8 0.597 0.482 0.0625 0.076
1 0.55 0.39266666666666666 0.0125 0.02266666666666667
8 0.5285 0.364 0.0275 0.042666666666666665
