3 0.019 0.7526666666666667 0.053 0.034666666666666665
3 0.0 0.7833333333333333 0.071 0.058666666666666666
2 0.018 0.66 0.0355 0.04
3 0.047 0.55 0.036 0.024666666666666667
3 0.51 0.9166666666666666 0.047 0.08066666666666666
3 0.536 0.7633333333333333 0.033 0.059333333333333335
3 0.5455 0.708 0.029 0.048
3 0.4975 0.7093333333333334 0.03 0.044
1 0.795 0.5346666666666666 0.0065 0.013333333333333334
4 0.788 0.5433333333333333 0.016 0.010666666666666666
2 0.622 0.47533333333333333 0.0215 0.025333333333333333
1 0.527 0.49666666666666665 0.0055 0.008
4 0.528 0.5046666666666667 0.005 0.009333333333333334
1 0.384 0.524 0.006 0.012666666666666666
4 0.3805 0.5306666666666666 0.013 0.012
3 0.5675 0.4653333333333333 0.015 0.018666666666666668
1 0.474 0.47933333333333333 0.003 0.005333333333333333
4 0.4735 0.4826666666666667 0.004 0.010666666666666666
8 0.476 0.4646666666666667 0.017 0.035333333333333335
8 0.493 0.45066666666666666 0.026 0.06133333333333333
3 0.489 0.4533333333333333 0.013 0.016666666666666666
3 0.5095 0.456 0.012 0.015333333333333332
3 0.5165 0.44133333333333336 0.0125 0.016666666666666666
3 0.5175 0.43066666666666664 0.0115 0.014666666666666666
3 0.4995 0.442 0.013 0.014
3 0.5035 0.42866666666666664 0.011 0.016
3 0.5105 0.42333333333333334 0.009 0.013333333333333334
8 0.5085 0.41133333333333333 0.0115 0.016666666666666666
3 0.512 0.4046666666666667 0.0085 0.014
3 0.517 0.402 0.01 0.012666666666666666
3 0.5305 0.402 0.011 0.012666666666666666
3 0.533 0.3913333333333333 0.009 0.010666666666666666
3 0.538 0.37933333333333336 0.007 0.010666666666666666
8 0.5175 0.39066666666666666 0.011 0.014
8 0.5215 0.374 0.0145 0.021333333333333333
8 0.5255 0.3586666666666667 0.014 0.020666666666666667
6 0.539 0.3586666666666667 0.0125 0.025333333333333333
8 0.5305 0.3506666666666667 0.0095 0.013333333333333334
8 0.5345 0.3433333333333333 0.009 0.014666666666666666
8 0.535 0.33466666666666667 0.0095 0.017333333333333333
8 0.542 0.322 0.009 0.017333333333333333
3 0.5645 0.33466666666666667 0.006 0.008666666666666666
2 0.576 0.33666666666666667 0.004 0.008666666666666666
3 0.586 0.3546666666666667 0.017 0.009333333333333334
3 0.6065 0.3566666666666667 0.013 0.008
1 0.574 0.44333333333333336 0.005 0.006666666666666667
4 0.574 0.448 0.0045 0.009333333333333334
1 0.514 0.3626666666666667 0.0035 0.005333333333333333
2 0.515 0.36733333333333335 0.0025 0.005333333333333333
4 0.548 0.3273333333333333 0.005 0.007333333333333333
3 0.5555 0.328 0.0055 0.007333333333333333
1 0.5915 0.332 0.0015 0.006666666666666667
3 0.608 0.31733333333333336 0.01 0.006
6 0.572 0.3 0.006 0.012
3 0.5655 0.2986666666666667 0.004 0.004666666666666667
3 0.569 0.294 0.004 0.004
3 0.5865 0.29133333333333333 0.0045 0.006
3 0.582 0.29133333333333333 0.003 0.004666666666666667
3 0.579 0.288 0.007 0.004
3 0.5735 0.2853333333333333 0.003 0.004
3 0.5885 0.2826666666666667 0.0035 0.004
3 0.586 0.2806666666666667 0.0025 0.004
8 0.5845 0.2713333333333333 0.0055 0.008666666666666666
8 0.5765 0.2793333333333333 0.0045 0.005333333333333333
3 0.5755 0.2773333333333333 0.003 0.0033333333333333335
3 0.5745 0.276 0.0045 0.005333333333333333
3 0.575 0.27266666666666667 0.002 0.0026666666666666666
8 0.579 0.27 0.0035 0.005333333333333333
3 0.5805 0.2673333333333333 0.003 0.0026666666666666666
3 0.5795 0.26066666666666666 0.002 0.0026666666666666666
3 0.583 0.26 0.0015 0.002
8 0.583 0.25666666666666665 0.0035 0.004666666666666667
8 0.586 0.25733333333333336 0.0025 0.005333333333333333
2 0.5875 0.26266666666666666 0.0015 0.0026666666666666666
6 0.8385 0.3333333333333333 0.0185 0.019333333333333334
6 0.855 0.33466666666666667 0.015 0.018666666666666668
6 0.8545 0.32866666666666666 0.0205 0.012666666666666666
6 0.841 0.3253333333333333 0.0285 0.012
6 0.829 0.32266666666666666 0.037 0.02266666666666667
3 0.0615 0.508 0.0435 0.018666666666666668
