3 0.5563674321503131 0.7959183673469388 0.024530271398747392 0.0862708719851577
3 0.5187891440501043 0.8246753246753247 0.022964509394572025 0.08534322820037106
3 0.48851774530271397 0.787569573283859 0.024530271398747392 0.08905380333951762
3 0.5511482254697286 0.7152133580705009 0.021920668058455117 0.06586270871985157
3 0.5130480167014614 0.6883116883116883 0.027661795407098122 0.08256029684601113
3 0.48538622129436326 0.7133580705009277 0.019832985386221295 0.06307977736549165
3 0.48851774530271397 0.6205936920222634 0.01722338204592902 0.06493506493506493
3 0.517223382045929 0.5955473098330241 0.02035490605427975 0.07884972170686456
3 0.46085594989561585 0.6057513914656771 0.01722338204592902 0.06215213358070501
3 0.5427974947807933 0.5760667903525046 0.019311064718162838 0.059369202226345084
3 0.4890396659707724 0.5612244897959183 0.015135699373695199 0.05009276437847866
3 0.5109603340292276 0.5148423005565863 0.017745302713987474 0.04916512059369202
3 0.48851774530271397 0.5092764378478665 0.01722338204592902 0.05194805194805195
3 0.48851774530271397 0.45269016697588127 0.011482254697286013 0.039888682745825604
3 0.5099164926931107 0.4601113172541744 0.01826722338204593 0.045454545454545456
3 0.4906054279749478 0.41187384044526903 0.010960334029227558 0.036178107606679034
3 0.5130480167014614 0.39888682745825604 0.010960334029227558 0.03153988868274583
3 0.4911273486430063 0.3784786641929499 0.014613778705636743 0.03339517625231911
3 0.5109603340292276 0.3423005565862709 0.013569937369519834 0.030612244897959183
3 0.5370563674321504 0.21150278293135436 0.012004175365344467 0.023191094619666047
6 0.4921711899791232 0.18460111317254174 0.014091858037578288 0.05009276437847866
3 0.13308977035490605 0.5120593692022264 0.04123173277661795 0.030612244897959183
3 0.14561586638830898 0.4897959183673469 0.037578288100208766 0.02504638218923933
3 0.48956158663883087 0.11038961038961038 0.007306889352818371 0.02040816326530612
1 0.34237995824634654 0.9294990723562152 0.010438413361169102 0.017625231910946195
1 0.3684759916492693 0.8831168831168831 0.008872651356993737 0.022263450834879406
4 0.34029227557411273 0.9471243042671614 0.014091858037578288 0.023191094619666047
4 0.36430062630480164 0.9053803339517625 0.013048016701461378 0.023191094619666047
