3 0.4471428571428571 0.7828571428571428 0.07357142857142857 0.12571428571428572
3 0.38 0.7552380952380953 0.05857142857142857 0.11523809523809524
3 0.2307142857142857 0.7057142857142857 0.055 0.0980952380952381
3 0.15428571428571428 0.6733333333333333 0.07142857142857142 0.08571428571428572
3 0.02142857142857143 0.6066666666666667 0.07357142857142857 0.05238095238095238
3 0.12 0.5371428571428571 0.05928571428571429 0.045714285714285714
3 0.6135714285714285 0.8580952380952381 0.16857142857142857 0.13714285714285715
3 0.7357142857142858 0.7171428571428572 0.12857142857142856 0.08666666666666667
3 0.0 0.5695238095238095 0.03642857142857143 0.05904761904761905
2 0.4542857142857143 0.49714285714285716 0.04642857142857143 0.04285714285714286
4 0.5342857142857143 0.5123809523809524 0.014285714285714285 0.039047619047619046
4 0.555 0.520952380952381 0.023571428571428573 0.039047619047619046
4 0.5735714285714286 0.5266666666666666 0.02214285714285714 0.037142857142857144
4 0.53 0.46190476190476193 0.029285714285714286 0.02666666666666667
2 0.6071428571428571 0.5314285714285715 0.010714285714285714 0.02761904761904762
2 0.6392857142857142 0.5266666666666666 0.013571428571428571 0.03142857142857143
1 0.5864285714285714 0.4961904761904762 0.008571428571428572 0.03428571428571429
1 0.5707142857142857 0.4828571428571429 0.008571428571428572 0.029523809523809525
1 0.5814285714285714 0.4695238095238095 0.008571428571428572 0.029523809523809525
1 0.5914285714285714 0.4742857142857143 0.008571428571428572 0.029523809523809525
1 0.5792857142857143 0.4876190476190476 0.007857142857142858 0.030476190476190476
3 0.9207142857142857 0.8095238095238095 0.07928571428571428 0.12476190476190477
