2 0.5814285714285714 0.5676190476190476 0.03785714285714286 0.08666666666666667
2 0.5235714285714286 0.5438095238095239 0.03857142857142857 0.08761904761904762
2 0.4614285714285714 0.4942857142857143 0.03571428571428571 0.0761904761904762
1 0.4642857142857143 0.46285714285714286 0.029285714285714286 0.09428571428571429
1 0.5278571428571428 0.5114285714285715 0.03142857142857143 0.08952380952380952
1 0.5835714285714285 0.5323809523809524 0.02857142857142857 0.09714285714285714
3 0.78 0.4380952380952381 0.15714285714285714 0.1361904761904762
3 0.9021428571428571 0.40190476190476193 0.09785714285714285 0.13333333333333333
3 0.8585714285714285 0.3438095238095238 0.12214285714285714 0.08952380952380952
3 0.7271428571428571 0.30857142857142855 0.07928571428571428 0.06666666666666667
3 0.7692857142857142 0.2980952380952381 0.07357142857142857 0.07047619047619047
3 0.6914285714285714 0.3142857142857143 0.07571428571428572 0.08666666666666667
3 0.5721428571428572 0.29428571428571426 0.05928571428571429 0.06
3 0.6142857142857143 0.26666666666666666 0.06142857142857143 0.05619047619047619
3 0.5114285714285715 0.21428571428571427 0.02642857142857143 0.030476190476190476
3 0.4357142857142857 0.22380952380952382 0.03357142857142857 0.04476190476190476
3 0.8478571428571429 0.27714285714285714 0.08285714285714285 0.05142857142857143
3 0.5021428571428571 0.25142857142857145 0.03642857142857143 0.058095238095238096
3 0.4014285714285714 0.22952380952380952 0.03214285714285714 0.04666666666666667
8 0.38285714285714284 0.2419047619047619 0.04357142857142857 0.06
3 0.5214285714285715 0.18666666666666668 0.018571428571428572 0.01619047619047619
3 0.55 0.1895238095238095 0.020714285714285713 0.01619047619047619
3 0.5842857142857143 0.24285714285714285 0.04428571428571428 0.03619047619047619
3 0.5778571428571428 0.21714285714285714 0.03785714285714286 0.03142857142857143
3 0.61 0.21714285714285714 0.03571428571428571 0.024761904761904763
3 0.5828571428571429 0.19904761904761906 0.023571428571428573 0.022857142857142857
2 0.37285714285714283 0.22666666666666666 0.02642857142857143 0.02095238095238095
1 0.3342857142857143 0.2361904761904762 0.010714285714285714 0.03142857142857143
1 0.3442857142857143 0.2342857142857143 0.011428571428571429 0.030476190476190476
1 0.3457142857142857 0.21428571428571427 0.007142857142857143 0.02666666666666667
1 0.3514285714285714 0.22095238095238096 0.007142857142857143 0.01904761904761905
1 0.35428571428571426 0.2257142857142857 0.007857142857142858 0.02
1 0.3507142857142857 0.20285714285714285 0.008571428571428572 0.02
1 0.33785714285714286 0.20761904761904762 0.009285714285714286 0.023809523809523808
4 0.33785714285714286 0.21142857142857144 0.008571428571428572 0.01619047619047619
1 0.39357142857142857 0.2038095238095238 0.008571428571428572 0.02
1 0.45357142857142857 0.2180952380952381 0.005714285714285714 0.017142857142857144
2 0.39571428571428574 0.20857142857142857 0.0064285714285714285 0.014285714285714285
3 0.38 0.17714285714285713 0.01 0.011428571428571429
3 0.37857142857142856 0.16952380952380952 0.008571428571428572 0.011428571428571429
3 0.4157142857142857 0.1761904761904762 0.01 0.010476190476190476
3 0.4014285714285714 0.1580952380952381 0.007142857142857143 0.009523809523809525
3 0.44357142857142856 0.1657142857142857 0.005714285714285714 0.007619047619047619
3 0.44285714285714284 0.15523809523809523 0.0064285714285714285 0.008571428571428572
3 0.43785714285714283 0.15428571428571428 0.005 0.005714285714285714
3 0.42642857142857143 0.15523809523809523 0.007857142857142858 0.010476190476190476
3 0.43142857142857144 0.18095238095238095 0.011428571428571429 0.012380952380952381
3 0.47714285714285715 0.17238095238095238 0.01 0.014285714285714285
3 0.46714285714285714 0.1742857142857143 0.011428571428571429 0.012380952380952381
3 0.45571428571428574 0.17238095238095238 0.009285714285714286 0.008571428571428572
3 0.46785714285714286 0.17238095238095238 0.01 0.011428571428571429
3 0.4878571428571429 0.1838095238095238 0.014285714285714285 0.013333333333333334
3 0.485 0.1819047619047619 0.012142857142857143 0.009523809523809525
6 0.4421428571428571 0.1761904761904762 0.032857142857142856 0.039047619047619046
6 0.49214285714285716 0.16857142857142857 0.027142857142857142 0.024761904761904763
1 0.49357142857142855 0.15619047619047619 0.002142857142857143 0.006666666666666667
1 0.49642857142857144 0.15523809523809523 0.002142857142857143 0.005714285714285714
1 0.485 0.15619047619047619 0.002142857142857143 0.004761904761904762
4 0.48428571428571426 0.1580952380952381 0.002857142857142857 0.004761904761904762
1 0.5 0.15523809523809523 0.002857142857142857 0.007619047619047619
1 0.6171428571428571 0.1819047619047619 0.0035714285714285713 0.013333333333333334
1 0.6007142857142858 0.18666666666666668 0.007142857142857143 0.012380952380952381
1 0.56 0.17523809523809525 0.0035714285714285713 0.009523809523809525
2 0.5585714285714286 0.17904761904761904 0.005714285714285714 0.007619047619047619
4 0.6007142857142858 0.19047619047619047 0.007142857142857143 0.010476190476190476
8 0.6228571428571429 0.18857142857142858 0.047142857142857146 0.04476190476190476
3 0.6871428571428572 0.20857142857142857 0.035 0.022857142857142857
3 0.7242857142857143 0.24761904761904763 0.047142857142857146 0.0380952380952381
3 0.7064285714285714 0.23238095238095238 0.04285714285714286 0.03333333333333333
2 0.9242857142857143 0.23904761904761904 0.02642857142857143 0.024761904761904763
6 0.7207142857142858 0.19523809523809524 0.11714285714285715 0.07238095238095238
1 0.6942857142857143 0.19428571428571428 0.0064285714285714285 0.014285714285714285
4 0.6907142857142857 0.19904761904761906 0.010714285714285714 0.011428571428571429
1 0.7035714285714286 0.1980952380952381 0.005714285714285714 0.015238095238095238
