1 0.16357142857142856 0.8286802030456852 0.0064285714285714285 0.021573604060913704
4 0.23357142857142857 0.6890862944162437 0.012142857142857143 0.013959390862944163
3 0.32785714285714285 0.7753807106598984 0.025 0.050761421319796954
3 0.8835714285714286 0.8972081218274112 0.02642857142857143 0.06598984771573604
3 0.915 0.748730964467005 0.025714285714285714 0.05964467005076142
3 0.92 0.6053299492385786 0.02142857142857143 0.04314720812182741
3 0.8821428571428571 0.5913705583756346 0.02 0.04187817258883249
3 0.9328571428571428 0.42385786802030456 0.014285714285714285 0.02918781725888325
6 0.9078571428571428 0.36421319796954316 0.025714285714285714 0.06345177664974619
3 0.9664285714285714 0.21065989847715735 0.015714285714285715 0.01903553299492386
3 0.9257142857142857 0.21954314720812182 0.015714285714285715 0.02284263959390863
3 0.815 0.25253807106598986 0.027142857142857142 0.02284263959390863
4 0.9228571428571428 0.19923857868020303 0.005714285714285714 0.008883248730964468
1 0.9242857142857143 0.1967005076142132 0.004285714285714286 0.008883248730964468
1 0.895 0.20558375634517767 0.004285714285714286 0.008883248730964468
4 0.8935714285714286 0.20812182741116753 0.005 0.007614213197969543
6 0.9071428571428571 0.08883248730964467 0.03785714285714286 0.03553299492385787
3 0.8871428571428571 0.3629441624365482 0.013571428571428571 0.03553299492385787
3 0.8621428571428571 0.350253807106599 0.017857142857142856 0.03553299492385787
3 0.695 0.30710659898477155 0.019285714285714285 0.02284263959390863
3 0.8064285714285714 0.4137055837563452 0.018571428571428572 0.03934010152284264
3 0.7635714285714286 0.6421319796954315 0.016428571428571428 0.044416243654822336
3 0.7185714285714285 0.6903553299492385 0.017857142857142856 0.04568527918781726
3 0.7071428571428572 0.5444162436548223 0.017857142857142856 0.04060913705583756
3 0.5571428571428572 0.6903553299492385 0.016428571428571428 0.046954314720812185
8 0.5971428571428572 0.5736040609137056 0.02142857142857143 0.06218274111675127
6 0.6392857142857142 0.25761421319796957 0.04071428571428572 0.07614213197969544
3 0.5328571428571428 0.21573604060913706 0.009285714285714286 0.02030456852791878
3 0.4835714285714286 0.3350253807106599 0.015 0.02030456852791878
6 0.4928571428571429 0.11802030456852793 0.041428571428571426 0.03934010152284264
3 0.43714285714285717 0.11548223350253807 0.015714285714285715 0.015228426395939087
3 0.3871428571428571 0.09771573604060914 0.014285714285714285 0.013959390862944163
3 0.7521428571428571 0.9403553299492385 0.02214285714285714 0.0583756345177665
4 0.665 0.8692893401015228 0.009285714285714286 0.030456852791878174
1 0.6671428571428571 0.868020304568528 0.007857142857142858 0.02284263959390863
6 0.6157142857142858 0.8692893401015228 0.027857142857142858 0.09644670050761421
6 0.3464285714285714 0.6192893401015228 0.04071428571428572 0.12055837563451777
6 0.33214285714285713 0.17385786802030456 0.017142857142857144 0.02918781725888325
6 0.3385714285714286 0.1916243654822335 0.019285714285714285 0.044416243654822336
6 0.3442857142857143 0.2233502538071066 0.02214285714285714 0.05203045685279188
6 0.35928571428571426 0.22842639593908629 0.024285714285714285 0.044416243654822336
6 0.3492857142857143 0.1598984771573604 0.04642857142857143 0.02918781725888325
6 0.3578571428571429 0.1700507614213198 0.03857142857142857 0.0266497461928934
6 0.35214285714285715 0.17766497461928935 0.045714285714285714 0.02918781725888325
6 0.36142857142857143 0.18527918781725888 0.045 0.02918781725888325
6 0.36857142857142855 0.1916243654822335 0.04928571428571429 0.031725888324873094
6 0.3842857142857143 0.21446700507614214 0.04642857142857143 0.03426395939086294
6 0.39285714285714285 0.2233502538071066 0.047142857142857146 0.031725888324873094
6 0.3985714285714286 0.233502538071066 0.047857142857142855 0.031725888324873094
6 0.45357142857142857 0.2715736040609137 0.041428571428571426 0.0583756345177665
6 0.4064285714285714 0.24619289340101522 0.03428571428571429 0.0266497461928934
1 0.34714285714285714 0.3210659898477157 0.002142857142857143 0.011421319796954314
1 0.35 0.31852791878172587 0.002857142857142857 0.015228426395939087
1 0.36714285714285716 0.32614213197969544 0.0035714285714285713 0.013959390862944163
1 0.345 0.5431472081218274 0.005 0.021573604060913704
1 0.35 0.5418781725888325 0.0035714285714285713 0.01649746192893401
1 0.33071428571428574 0.6967005076142132 0.004285714285714286 0.021573604060913704
3 0.37714285714285717 0.5901015228426396 0.016428571428571428 0.03426395939086294
3 0.3807142857142857 0.5368020304568528 0.015 0.03299492385786802
3 0.385 0.4263959390862944 0.012142857142857143 0.027918781725888325
3 0.3914285714285714 0.45558375634517767 0.012142857142857143 0.030456852791878174
3 0.38785714285714284 0.4885786802030457 0.012857142857142857 0.03299492385786802
3 0.2257142857142857 0.2614213197969543 0.015714285714285715 0.011421319796954314
3 0.195 0.3032994923857868 0.011428571428571429 0.021573604060913704
3 0.19142857142857142 0.3236040609137056 0.010714285714285714 0.01903553299492386
3 0.22071428571428572 0.31725888324873097 0.01 0.0266497461928934
