1 0.3357142857142857 0.7895238095238095 0.03428571428571429 0.09523809523809523
1 0.3028571428571429 0.8123809523809524 0.03357142857142857 0.07333333333333333
1 0.41714285714285715 0.6847619047619048 0.03357142857142857 0.0838095238095238
1 0.3921428571428571 0.26857142857142857 0.019285714285714285 0.045714285714285714
1 0.01 0.3628571428571429 0.04214285714285714 0.06571428571428571
3 0.0 0.5857142857142857 0.11428571428571428 0.15333333333333332
3 0.21285714285714286 0.19523809523809524 0.09 0.054285714285714284
1 0.39285714285714285 0.17714285714285713 0.011428571428571429 0.039047619047619046
1 0.3992857142857143 0.17809523809523808 0.014285714285714285 0.0380952380952381
1 0.7128571428571429 0.3761904761904762 0.025714285714285714 0.06285714285714286
1 0.5171428571428571 0.5704761904761905 0.03428571428571429 0.05523809523809524
1 0.5664285714285714 0.5828571428571429 0.04214285714285714 0.045714285714285714
1 0.67 0.35428571428571426 0.013571428571428571 0.054285714285714284
1 0.6542857142857142 0.2571428571428571 0.018571428571428572 0.05523809523809524
2 0.6457142857142857 0.36952380952380953 0.04642857142857143 0.037142857142857144
1 0.68 0.16095238095238096 0.010714285714285714 0.03238095238095238
1 0.67 0.14857142857142858 0.009285714285714286 0.037142857142857144
1 0.6492857142857142 0.16095238095238096 0.012857142857142857 0.03619047619047619
1 0.7278571428571429 0.08 0.0064285714285714285 0.02666666666666667
1 0.7185714285714285 0.08571428571428572 0.007857142857142858 0.023809523809523808
1 0.7557142857142857 0.05619047619047619 0.01 0.023809523809523808
1 0.5542857142857143 0.12761904761904763 0.008571428571428572 0.03428571428571429
3 0.5778571428571428 0.08476190476190476 0.035 0.030476190476190476
3 0.6807142857142857 0.03142857142857143 0.02142857142857143 0.023809523809523808
3 0.40785714285714286 0.14857142857142858 0.060714285714285714 0.03619047619047619
1 0.4207142857142857 0.18095238095238095 0.011428571428571429 0.04285714285714286
1 0.29428571428571426 0.1019047619047619 0.012857142857142857 0.03238095238095238
6 0.3057142857142857 0.0838095238095238 0.10785714285714286 0.08
3 0.3821428571428571 0.11523809523809524 0.04428571428571428 0.04
1 0.42142857142857143 0.06380952380952382 0.007142857142857143 0.02095238095238095
3 0.41285714285714287 0.09523809523809523 0.032857142857142856 0.03238095238095238
3 0.425 0.1 0.04357142857142857 0.03333333333333333
3 0.4164285714285714 0.1219047619047619 0.04642857142857143 0.03238095238095238
3 0.4564285714285714 0.10571428571428572 0.039285714285714285 0.035238095238095235
3 0.46285714285714286 0.08761904761904762 0.03785714285714286 0.02857142857142857
3 0.49357142857142855 0.09047619047619047 0.03857142857142857 0.035238095238095235
3 0.4492857142857143 0.07428571428571429 0.04071428571428572 0.03428571428571429
3 0.5242857142857142 0.07714285714285714 0.027857142857142858 0.02857142857142857
3 0.49357142857142855 0.07523809523809524 0.03357142857142857 0.029523809523809525
3 0.49214285714285716 0.06190476190476191 0.03214285714285714 0.029523809523809525
3 0.5214285714285715 0.05333333333333334 0.02214285714285714 0.024761904761904763
3 0.5257142857142857 0.06571428571428571 0.025 0.022857142857142857
3 0.5535714285714286 0.06571428571428571 0.029285714285714286 0.02666666666666667
3 0.5485714285714286 0.05619047619047619 0.025714285714285714 0.022857142857142857
3 0.5407142857142857 0.049523809523809526 0.02 0.02
3 0.5707142857142857 0.047619047619047616 0.018571428571428572 0.02
3 0.5778571428571428 0.05714285714285714 0.02142857142857143 0.021904761904761906
3 0.5885714285714285 0.05047619047619047 0.025714285714285714 0.02
3 0.575 0.03428571428571429 0.02 0.02
3 0.555 0.03619047619047619 0.024285714285714285 0.021904761904761906
3 0.6292857142857143 0.03428571428571429 0.019285714285714285 0.017142857142857144
3 0.6107142857142858 0.03238095238095238 0.017857142857142856 0.018095238095238095
3 0.6214285714285714 0.022857142857142857 0.017857142857142856 0.01619047619047619
3 0.6407142857142857 0.029523809523809525 0.020714285714285713 0.014285714285714285
3 0.6521428571428571 0.021904761904761906 0.015 0.018095238095238095
3 0.6635714285714286 0.01904761904761905 0.014285714285714285 0.01619047619047619
3 0.6771428571428572 0.013333333333333334 0.014285714285714285 0.014285714285714285
3 0.685 0.007619047619047619 0.013571428571428571 0.01619047619047619
3 0.6914285714285714 0.0019047619047619048 0.012142857142857143 0.015238095238095238
3 0.7021428571428572 0.0 0.015 0.013333333333333334
3 0.6771428571428572 0.0019047619047619048 0.014285714285714285 0.015238095238095238
3 0.6628571428571428 0.010476190476190476 0.012857142857142857 0.013333333333333334
3 0.65 0.013333333333333334 0.012857142857142857 0.014285714285714285
3 0.6378571428571429 0.022857142857142857 0.015 0.013333333333333334
3 0.6257142857142857 0.014285714285714285 0.015714285714285715 0.018095238095238095
3 0.6371428571428571 0.010476190476190476 0.015 0.015238095238095238
6 0.6442857142857142 0.0 0.03642857142857143 0.018095238095238095
6 0.5864285714285714 0.007619047619047619 0.04214285714285714 0.03428571428571429
8 0.4785714285714286 0.02 0.05071428571428571 0.03238095238095238
8 0.5657142857142857 0.0 0.02642857142857143 0.02
1 0.5178571428571429 0.054285714285714284 0.005 0.018095238095238095
1 0.49214285714285716 0.06190476190476191 0.007142857142857143 0.021904761904761906
4 0.48857142857142855 0.06952380952380953 0.014285714285714285 0.011428571428571429
3 0.6514285714285715 0.08761904761904762 0.047142857142857146 0.03619047619047619
3 0.6821428571428572 0.08 0.04 0.029523809523809525
1 0.7264285714285714 0.04476190476190476 0.005714285714285714 0.015238095238095238
1 0.7057142857142857 0.05142857142857143 0.005 0.014285714285714285
2 0.7021428571428572 0.058095238095238096 0.012142857142857143 0.012380952380952381
2 0.7242857142857143 0.05142857142857143 0.010714285714285714 0.014285714285714285
2 0.7707142857142857 0.014285714285714285 0.0064285714285714285 0.009523809523809525
2 0.7778571428571428 0.018095238095238095 0.005 0.009523809523809525
2 0.8042857142857143 0.01619047619047619 0.0064285714285714285 0.008571428571428572
1 0.8171428571428572 0.012380952380952381 0.0064285714285714285 0.014285714285714285
1 0.805 0.010476190476190476 0.0064285714285714285 0.009523809523809525
1 0.7778571428571428 0.012380952380952381 0.005714285714285714 0.013333333333333334
1 0.7707142857142857 0.007619047619047619 0.005714285714285714 0.012380952380952381
3 0.84 0.047619047619047616 0.04285714285714286 0.021904761904761906
3 0.8485714285714285 0.039047619047619046 0.03571428571428571 0.015238095238095238
3 0.855 0.03428571428571429 0.035 0.014285714285714285
3 0.8557142857142858 0.029523809523809525 0.03857142857142857 0.01904761904761905
3 0.8414285714285714 0.07047619047619047 0.052142857142857144 0.02
3 0.8307142857142857 0.08 0.055 0.02095238095238095
3 0.8385714285714285 0.0838095238095238 0.060714285714285714 0.02666666666666667
3 0.8364285714285714 0.09428571428571429 0.06142857142857143 0.029523809523809525
1 0.8157142857142857 0.03428571428571429 0.007142857142857143 0.02095238095238095
1 0.36714285714285716 0.2885714285714286 0.019285714285714285 0.05142857142857143
2 0.36642857142857144 0.3028571428571429 0.019285714285714285 0.04285714285714286
