3 0.29928571428571427 0.14761904761904762 0.018571428571428572 0.010476190476190476
3 0.3385714285714286 0.1419047619047619 0.009285714285714286 0.011428571428571429
3 0.3492857142857143 0.14 0.009285714285714286 0.012380952380952381
3 0.36142857142857143 0.1419047619047619 0.010714285714285714 0.013333333333333334
3 0.37357142857142855 0.14285714285714285 0.012142857142857143 0.012380952380952381
3 0.38642857142857145 0.1438095238095238 0.012142857142857143 0.011428571428571429
3 0.4257142857142857 0.26 0.02857142857142857 0.02
3 0.31142857142857144 0.3057142857142857 0.03428571428571429 0.01619047619047619
3 0.30357142857142855 0.1419047619047619 0.02214285714285714 0.011428571428571429
3 0.3385714285714286 0.26 0.027142857142857142 0.012380952380952381
3 0.3342857142857143 0.26857142857142857 0.02857142857142857 0.012380952380952381
3 0.42928571428571427 0.25523809523809526 0.027142857142857142 0.014285714285714285
3 0.40285714285714286 0.1438095238095238 0.008571428571428572 0.014285714285714285
3 0.40214285714285714 0.16857142857142857 0.009285714285714286 0.014285714285714285
3 0.3171428571428571 0.29333333333333333 0.029285714285714286 0.013333333333333334
3 0.32142857142857145 0.28476190476190477 0.03142857142857143 0.014285714285714285
3 0.32785714285714285 0.2761904761904762 0.027857142857142858 0.013333333333333334
3 0.25357142857142856 0.31523809523809526 0.032857142857142856 0.01619047619047619
3 0.25642857142857145 0.29904761904761906 0.03 0.01619047619047619
3 0.2714285714285714 0.2819047619047619 0.027857142857142858 0.014285714285714285
3 0.2792857142857143 0.26476190476190475 0.029285714285714286 0.014285714285714285
3 0.2907142857142857 0.24857142857142858 0.029285714285714286 0.01619047619047619
3 0.29714285714285715 0.24095238095238095 0.027857142857142858 0.015238095238095238
3 0.2557142857142857 0.1961904761904762 0.025714285714285714 0.012380952380952381
3 0.22785714285714287 0.19333333333333333 0.022857142857142857 0.013333333333333334
3 0.3264285714285714 0.24857142857142858 0.027142857142857142 0.01619047619047619
3 0.36214285714285716 0.23333333333333334 0.02642857142857143 0.013333333333333334
3 0.3392857142857143 0.18666666666666668 0.013571428571428571 0.014285714285714285
3 0.31857142857142856 0.17904761904761904 0.016428571428571428 0.01904761904761905
4 0.4585714285714286 0.30952380952380953 0.005 0.015238095238095238
1 0.4592857142857143 0.31142857142857144 0.004285714285714286 0.007619047619047619
2 0.415 0.5542857142857143 0.02642857142857143 0.02761904761904762
4 0.3507142857142857 0.5742857142857143 0.019285714285714285 0.012380952380952381
1 0.355 0.5723809523809524 0.005714285714285714 0.014285714285714285
1 0.26142857142857145 0.6009523809523809 0.012142857142857143 0.018095238095238095
3 0.24714285714285714 0.4247619047619048 0.039285714285714285 0.02095238095238095
3 0.25357142857142856 0.4057142857142857 0.04071428571428572 0.02095238095238095
3 0.26071428571428573 0.3923809523809524 0.03785714285714286 0.01904761904761905
3 0.26857142857142857 0.379047619047619 0.037142857142857144 0.01904761904761905
3 0.27785714285714286 0.36666666666666664 0.035 0.017142857142857144
3 0.2042857142857143 0.37714285714285717 0.04428571428571428 0.01619047619047619
3 0.17785714285714285 0.41904761904761906 0.03785714285714286 0.02
3 0.21428571428571427 0.3619047619047619 0.037142857142857144 0.01619047619047619
3 0.15571428571428572 0.37333333333333335 0.023571428571428573 0.03142857142857143
3 0.13142857142857142 0.3980952380952381 0.029285714285714286 0.03619047619047619
1 0.11571428571428571 0.46476190476190476 0.01 0.021904761904761906
3 0.09428571428571429 0.840952380952381 0.07071428571428572 0.09904761904761905
3 0.3142857142857143 0.6733333333333333 0.054285714285714284 0.045714285714285714
3 0.5278571428571428 0.7609523809523809 0.032857142857142856 0.09904761904761905
3 0.5221428571428571 0.023809523809523808 0.005 0.006666666666666667
3 0.5364285714285715 0.022857142857142857 0.009285714285714286 0.014285714285714285
3 0.5507142857142857 0.029523809523809525 0.015714285714285715 0.017142857142857144
8 0.525 0.05238095238095238 0.02 0.02
8 0.5107142857142857 0.054285714285714284 0.01 0.01619047619047619
4 0.4764285714285714 0.26571428571428574 0.008571428571428572 0.011428571428571429
4 0.465 0.5190476190476191 0.019285714285714285 0.01619047619047619
4 0.5507142857142857 0.4685714285714286 0.012857142857142857 0.023809523809523808
4 0.6007142857142858 0.42952380952380953 0.008571428571428572 0.024761904761904763
1 0.4785714285714286 0.2619047619047619 0.004285714285714286 0.010476190476190476
1 0.5542857142857143 0.4704761904761905 0.0064285714285714285 0.010476190476190476
1 0.6021428571428571 0.43142857142857144 0.0064285714285714285 0.011428571428571429
1 0.4714285714285714 0.5761904761904761 0.007142857142857143 0.01904761904761905
1 0.48928571428571427 0.5733333333333334 0.004285714285714286 0.01619047619047619
1 0.48214285714285715 0.5009523809523809 0.004285714285714286 0.013333333333333334
3 0.665 0.02 0.007142857142857143 0.007619047619047619
1 0.6707142857142857 0.01619047619047619 0.002857142857142857 0.004761904761904762
1 0.83 0.17714285714285713 0.0035714285714285713 0.014285714285714285
3 0.6807142857142857 0.0 0.005714285714285714 0.005714285714285714
3 0.6892857142857143 0.0 0.004285714285714286 0.004761904761904762
3 0.725 0.0009523809523809524 0.007857142857142858 0.007619047619047619
3 0.7721428571428571 0.035238095238095235 0.009285714285714286 0.009523809523809525
3 0.7628571428571429 0.03619047619047619 0.007857142857142858 0.008571428571428572
3 0.675 0.07809523809523809 0.02214285714285714 0.018095238095238095
3 0.7621428571428571 0.12095238095238095 0.017142857142857144 0.024761904761904763
6 0.7857142857142857 0.12857142857142856 0.02642857142857143 0.03619047619047619
6 0.8728571428571429 0.2895238095238095 0.056428571428571425 0.0761904761904762
3 0.8992857142857142 0.28095238095238095 0.03571428571428571 0.0419047619047619
3 0.8142857142857143 0.19523809523809524 0.017857142857142856 0.02
3 0.775 0.04285714285714286 0.011428571428571429 0.025714285714285714
3 0.7892857142857143 0.045714285714285714 0.012142857142857143 0.025714285714285714
3 0.7514285714285714 0.06857142857142857 0.024285714285714285 0.014285714285714285
3 0.7535714285714286 0.06380952380952382 0.023571428571428573 0.010476190476190476
3 0.8528571428571429 0.06952380952380953 0.027142857142857142 0.01904761904761905
3 0.9035714285714286 0.14095238095238094 0.027857142857142858 0.01904761904761905
3 0.82 0.14 0.016428571428571428 0.014285714285714285
6 0.7492857142857143 0.09333333333333334 0.029285714285714286 0.02761904761904762
6 0.7335714285714285 0.06095238095238095 0.018571428571428572 0.029523809523809525
3 0.7692857142857142 0.08952380952380952 0.012857142857142857 0.010476190476190476
3 0.7707142857142857 0.08285714285714285 0.017142857142857144 0.008571428571428572
3 0.7614285714285715 0.0761904761904762 0.018571428571428572 0.013333333333333334
3 0.7814285714285715 0.07714285714285714 0.010714285714285714 0.011428571428571429
3 0.8321428571428572 0.08190476190476191 0.013571428571428571 0.009523809523809525
3 0.8342857142857143 0.14095238095238094 0.009285714285714286 0.013333333333333334
3 0.8464285714285714 0.12095238095238095 0.016428571428571428 0.012380952380952381
3 0.8771428571428571 0.11904761904761904 0.017857142857142856 0.011428571428571429
3 0.8928571428571429 0.10476190476190476 0.017857142857142856 0.014285714285714285
3 0.9 0.11523809523809524 0.018571428571428572 0.013333333333333334
3 0.835 0.16666666666666666 0.022857142857142857 0.012380952380952381
3 0.8485714285714285 0.14095238095238094 0.011428571428571429 0.015238095238095238
1 0.7942857142857143 0.11714285714285715 0.0035714285714285713 0.007619047619047619
1 0.8014285714285714 0.12476190476190477 0.002857142857142857 0.009523809523809525
1 0.805 0.1295238095238095 0.002857142857142857 0.009523809523809525
4 0.7735714285714286 0.15047619047619049 0.0035714285714285713 0.007619047619047619
1 0.7735714285714286 0.14761904761904762 0.0035714285714285713 0.009523809523809525
3 0.695 0.004761904761904762 0.009285714285714286 0.008571428571428572
3 0.7114285714285714 0.021904761904761906 0.01 0.01619047619047619
3 0.9528571428571428 0.18666666666666668 0.020714285714285713 0.022857142857142857
3 0.9178571428571428 0.21047619047619048 0.013571428571428571 0.017142857142857144
3 0.9064285714285715 0.21142857142857144 0.011428571428571429 0.02
3 0.9292857142857143 0.20952380952380953 0.017142857142857144 0.022857142857142857
3 0.9535714285714286 0.2895238095238095 0.02857142857142857 0.02857142857142857
3 0.975 0.24857142857142858 0.02214285714285714 0.018095238095238095
3 0.9557142857142857 0.24571428571428572 0.02214285714285714 0.01904761904761905
3 0.97 0.2571428571428571 0.024285714285714285 0.02666666666666667
3 0.98 0.29523809523809524 0.02 0.02
3 0.9892857142857143 0.2619047619047619 0.010714285714285714 0.02
3 0.9835714285714285 0.18857142857142858 0.016428571428571428 0.023809523809523808
3 0.9757142857142858 0.21428571428571427 0.02214285714285714 0.02095238095238095
3 0.6092857142857143 0.3457142857142857 0.03142857142857143 0.04380952380952381
3 0.9378571428571428 0.520952380952381 0.062142857142857146 0.1419047619047619
8 0.8864285714285715 0.7104761904761905 0.075 0.18857142857142858
