3 0.5071428571428571 0.9276649746192893 0.012857142857142857 0.046954314720812185
3 0.5064285714285715 0.8083756345177665 0.010714285714285714 0.03934010152284264
3 0.5357142857142857 0.7741116751269036 0.011428571428571429 0.03934010152284264
3 0.4742857142857143 0.8147208121827412 0.010714285714285714 0.04060913705583756
8 0.44357142857142856 0.8908629441624365 0.019285714285714285 0.10025380710659898
3 0.45714285714285713 0.7550761421319797 0.010714285714285714 0.03934010152284264
8 0.4564285714285714 0.6434010152284264 0.016428571428571428 0.07360406091370558
3 0.4757142857142857 0.6725888324873096 0.010714285714285714 0.03553299492385787
3 0.5214285714285715 0.6649746192893401 0.01 0.03426395939086294
3 0.5207142857142857 0.5799492385786802 0.009285714285714286 0.03553299492385787
3 0.5371428571428571 0.565989847715736 0.008571428571428572 0.03299492385786802
3 0.4757142857142857 0.5571065989847716 0.01 0.02918781725888325
3 0.535 0.5152284263959391 0.008571428571428572 0.0266497461928934
3 0.47 0.43908629441624364 0.009285714285714286 0.027918781725888325
3 0.48214285714285715 0.4403553299492386 0.008571428571428572 0.024111675126903553
3 0.5114285714285715 0.4137055837563452 0.007857142857142858 0.02918781725888325
8 0.5342857142857143 0.3629441624365482 0.010714285714285714 0.06091370558375635
3 0.4857142857142857 0.3743654822335025 0.007142857142857143 0.01903553299492386
3 0.48857142857142855 0.2982233502538071 0.007857142857142858 0.017766497461928935
3 0.48 0.25380710659898476 0.007857142857142858 0.017766497461928935
3 0.49142857142857144 0.20431472081218274 0.007142857142857143 0.02284263959390863
6 0.5307142857142857 0.2296954314720812 0.010714285714285714 0.0532994923857868
3 0.4907142857142857 0.16116751269035534 0.007857142857142858 0.01903553299492386
6 0.5321428571428571 0.13071065989847716 0.010714285714285714 0.046954314720812185
3 0.48642857142857143 0.12563451776649745 0.007142857142857143 0.017766497461928935
3 0.495 0.06598984771573604 0.0064285714285714285 0.013959390862944163
3 0.5021428571428571 0.006345177664974619 0.007142857142857143 0.013959390862944163
3 0.49 0.01903553299492386 0.007142857142857143 0.013959390862944163
3 0.48214285714285715 0.0012690355329949238 0.007142857142857143 0.015228426395939087
1 0.48428571428571426 0.18274111675126903 0.004285714285714286 0.011421319796954314
1 0.45571428571428574 0.26776649746192893 0.002857142857142857 0.008883248730964468
1 0.4742857142857143 0.1814720812182741 0.002857142857142857 0.011421319796954314
1 0.4692857142857143 0.17766497461928935 0.004285714285714286 0.011421319796954314
1 0.45357142857142857 0.33756345177664976 0.004285714285714286 0.011421319796954314
1 0.45071428571428573 0.36421319796954316 0.002857142857142857 0.012690355329949238
1 0.45357142857142857 0.39593908629441626 0.0035714285714285713 0.01015228426395939
1 0.445 0.4213197969543147 0.002142857142857143 0.01015228426395939
1 0.425 0.7055837563451777 0.0035714285714285713 0.013959390862944163
1 0.43214285714285716 0.7106598984771574 0.004285714285714286 0.013959390862944163
1 0.42714285714285716 0.8261421319796954 0.004285714285714286 0.013959390862944163
1 0.4157142857142857 0.7918781725888325 0.004285714285714286 0.011421319796954314
1 0.4164285714285714 0.7817258883248731 0.0035714285714285713 0.01015228426395939
1 0.41285714285714287 0.9670050761421319 0.004285714285714286 0.015228426395939087
3 0.8128571428571428 0.046954314720812185 0.014285714285714285 0.011421319796954314
3 0.8114285714285714 0.04187817258883249 0.014285714285714285 0.011421319796954314
3 0.81 0.03807106598984772 0.012857142857142857 0.01015228426395939
3 0.8085714285714286 0.031725888324873094 0.012857142857142857 0.01015228426395939
3 0.8057142857142857 0.0266497461928934 0.012857142857142857 0.01015228426395939
3 0.8042857142857143 0.02284263959390863 0.013571428571428571 0.008883248730964468
