2 0.06428571428571428 0.38 0.027857142857142858 0.01619047619047619
2 0.08642857142857142 0.5009523809523809 0.032857142857142856 0.017142857142857144
2 0.020714285714285713 0.6619047619047619 0.03857142857142857 0.017142857142857144
2 0.0035714285714285713 0.6942857142857143 0.04 0.01619047619047619
1 0.3335714285714286 0.6619047619047619 0.017857142857142856 0.029523809523809525
1 0.023571428571428573 0.8257142857142857 0.03214285714285714 0.01619047619047619
2 0.047142857142857146 0.8038095238095239 0.03142857142857143 0.03619047619047619
1 0.3892857142857143 0.44761904761904764 0.01 0.03238095238095238
1 0.2857142857142857 0.4514285714285714 0.014285714285714285 0.022857142857142857
2 0.2885714285714286 0.4561904761904762 0.015714285714285715 0.03142857142857143
1 0.46 0.7704761904761904 0.017857142857142856 0.02666666666666667
1 0.43642857142857144 0.7571428571428571 0.008571428571428572 0.02095238095238095
1 0.4607142857142857 0.7533333333333333 0.01 0.02
1 0.45071428571428573 0.7476190476190476 0.01 0.02095238095238095
1 0.45357142857142857 0.21619047619047618 0.0064285714285714285 0.017142857142857144
1 0.44571428571428573 0.32857142857142857 0.01 0.025714285714285714
1 0.445 0.20857142857142857 0.007142857142857143 0.02666666666666667
1 0.4607142857142857 0.3333333333333333 0.007142857142857143 0.023809523809523808
1 0.7707142857142857 0.5247619047619048 0.018571428571428572 0.03333333333333333
1 0.7614285714285715 0.518095238095238 0.017857142857142856 0.029523809523809525
1 0.7578571428571429 0.5114285714285715 0.015 0.02666666666666667
1 0.7564285714285715 0.4990476190476191 0.014285714285714285 0.025714285714285714
1 0.97 0.599047619047619 0.027142857142857142 0.02761904761904762
1 0.9521428571428572 0.5714285714285714 0.02 0.022857142857142857
1 0.9407142857142857 0.5247619047619048 0.022857142857142857 0.023809523809523808
1 0.9321428571428572 0.5133333333333333 0.02642857142857143 0.02095238095238095
