3 0.5242857142857142 0.16666666666666666 0.005 0.006666666666666667
3 0.5714285714285714 0.15333333333333332 0.005714285714285714 0.005714285714285714
3 0.5614285714285714 0.16095238095238096 0.005714285714285714 0.005714285714285714
3 0.6307142857142857 0.10666666666666667 0.0035714285714285713 0.004761904761904762
8 0.6378571428571429 0.0980952380952381 0.0064285714285714285 0.011428571428571429
8 0.51 0.18 0.012142857142857143 0.023809523809523808
1 0.45714285714285713 0.3342857142857143 0.002857142857142857 0.013333333333333334
1 0.4521428571428571 0.3638095238095238 0.004285714285714286 0.008571428571428572
1 0.4471428571428571 0.42095238095238097 0.005 0.008571428571428572
4 0.4514285714285714 0.36952380952380953 0.005714285714285714 0.008571428571428572
4 0.4471428571428571 0.4266666666666667 0.005 0.011428571428571429
3 0.33071428571428574 0.20285714285714285 0.007142857142857143 0.008571428571428572
3 0.325 0.21047619047619048 0.007857142857142858 0.007619047619047619
3 0.2935714285714286 0.26571428571428574 0.010714285714285714 0.013333333333333334
3 0.2835714285714286 0.2761904761904762 0.012142857142857143 0.014285714285714285
3 0.31857142857142856 0.21523809523809523 0.008571428571428572 0.012380952380952381
3 0.7314285714285714 0.4419047619047619 0.027857142857142858 0.022857142857142857
3 0.7357142857142858 0.3628571428571429 0.017142857142857144 0.023809523809523808
3 0.6878571428571428 0.36 0.024285714285714285 0.017142857142857144
3 0.7042857142857143 0.3942857142857143 0.022857142857142857 0.02
3 0.7114285714285714 0.4114285714285714 0.027142857142857142 0.01619047619047619
3 0.7214285714285714 0.4266666666666667 0.025714285714285714 0.017142857142857144
3 0.67 0.32571428571428573 0.02142857142857143 0.013333333333333334
3 0.6735714285714286 0.3361904761904762 0.02 0.010476190476190476
3 0.6564285714285715 0.2980952380952381 0.015714285714285715 0.014285714285714285
3 0.6814285714285714 0.3419047619047619 0.019285714285714285 0.015238095238095238
3 0.655 0.2904761904761905 0.011428571428571429 0.012380952380952381
3 0.74 0.33904761904761904 0.02214285714285714 0.018095238095238095
3 0.7135714285714285 0.3323809523809524 0.014285714285714285 0.01619047619047619
8 0.4635714285714286 0.6438095238095238 0.020714285714285713 0.06476190476190476
8 0.9492857142857143 0.820952380952381 0.05071428571428571 0.037142857142857144
8 0.8092857142857143 0.6028571428571429 0.06928571428571428 0.04857142857142857
3 0.8771428571428571 0.6276190476190476 0.04 0.054285714285714284
8 0.19785714285714287 0.3657142857142857 0.03357142857142857 0.02095238095238095
3 0.09071428571428572 0.4095238095238095 0.02857142857142857 0.03428571428571429
3 0.22642857142857142 0.34285714285714286 0.030714285714285715 0.02095238095238095
3 0.6085714285714285 0.18 0.012142857142857143 0.008571428571428572
