1 0.0005 0.6186666666666667 0.022 0.05533333333333333
1 0.0285 0.384 0.034 0.06066666666666667
1 0.029 0.352 0.033 0.06
1 0.1205 0.41 0.025 0.032
1 0.127 0.3973333333333333 0.0135 0.02666666666666667
1 0.1425 0.3953333333333333 0.024 0.028
1 0.0565 0.33866666666666667 0.038 0.059333333333333335
4 0.0625 0.35 0.03 0.054
3 0.037 0.16933333333333334 0.0555 0.07733333333333334
1 0.061 0.27466666666666667 0.034 0.06
1 0.0405 0.28 0.033 0.056666666666666664
4 0.26 0.7126666666666667 0.058 0.08733333333333333
1 0.2575 0.5646666666666667 0.041 0.064
1 0.314 0.5893333333333334 0.0265 0.056666666666666664
1 0.3885 0.7613333333333333 0.0275 0.06533333333333333
1 0.391 0.724 0.0255 0.044
1 0.306 0.5613333333333334 0.037 0.06733333333333333
1 0.802 0.8493333333333334 0.062 0.068
1 0.385 0.434 0.0245 0.07533333333333334
1 0.4025 0.42866666666666664 0.021 0.06133333333333333
1 0.431 0.42533333333333334 0.0215 0.062
2 0.4405 0.44066666666666665 0.0185 0.06466666666666666
1 0.444 0.47 0.0215 0.03666666666666667
4 0.4935 0.4713333333333333 0.0515 0.04933333333333333
1 0.544 0.43666666666666665 0.0165 0.05533333333333333
1 0.595 0.4533333333333333 0.0245 0.056666666666666664
1 0.5925 0.4226666666666667 0.021 0.059333333333333335
4 0.5795 0.41533333333333333 0.0445 0.058
4 0.6035 0.384 0.0265 0.06266666666666666
1 0.721 0.6766666666666666 0.04 0.06666666666666667
4 0.7045 0.68 0.0575 0.08466666666666667
2 0.662 0.326 0.061 0.07733333333333334
3 0.6375 0.4186666666666667 0.166 0.17066666666666666
1 0.7705 0.5286666666666666 0.0335 0.066
1 0.7865 0.534 0.033 0.06466666666666666
1 0.795 0.7573333333333333 0.0495 0.07
1 0.7915 0.7186666666666667 0.0385 0.06266666666666666
1 0.8175 0.654 0.044 0.062
1 0.85 0.6693333333333333 0.04 0.06533333333333333
1 0.8935 0.6853333333333333 0.028 0.048
1 0.8715 0.64 0.04 0.07266666666666667
1 0.948 0.782 0.052 0.05733333333333333
1 0.861 0.5733333333333334 0.038 0.06666666666666667
1 0.885 0.5826666666666667 0.0175 0.02666666666666667
1 0.906 0.5953333333333334 0.0445 0.06466666666666666
4 0.894 0.608 0.038 0.056666666666666664
4 0.9605 0.6786666666666666 0.0395 0.08466666666666667
4 0.955 0.52 0.045 0.038
1 0.983 0.498 0.017 0.050666666666666665
3 0.9395 0.36933333333333335 0.0605 0.104
1 0.89 0.30933333333333335 0.0255 0.05333333333333334
1 0.9445 0.336 0.028 0.048666666666666664
1 0.933 0.3393333333333333 0.014 0.03266666666666666
4 0.9235 0.36 0.049 0.03266666666666666
1 0.9175 0.2793333333333333 0.025 0.05466666666666667
1 0.955 0.30733333333333335 0.021 0.04466666666666667
1 0.952 0.31866666666666665 0.0135 0.02666666666666667
1 0.9715 0.232 0.0285 0.054
