3 0.6407142857142857 0.3761904761904762 0.05 0.08190476190476191
3 0.6671428571428571 0.24476190476190476 0.04357142857142857 0.06380952380952382
3 0.6228571428571429 0.19238095238095237 0.045 0.058095238095238096
3 0.5078571428571429 0.43333333333333335 0.055 0.08571428571428572
3 0.47 0.5847619047619048 0.05785714285714286 0.09333333333333334
3 0.425 0.7514285714285714 0.07428571428571429 0.12380952380952381
3 0.39071428571428574 0.7 0.07357142857142857 0.1180952380952381
3 0.3242857142857143 0.7028571428571428 0.07642857142857143 0.11904761904761904
3 0.2985714285714286 0.6438095238095238 0.08285714285714285 0.1219047619047619
3 0.39785714285714285 0.5114285714285715 0.065 0.08761904761904762
3 0.41928571428571426 0.560952380952381 0.06357142857142857 0.1019047619047619
4 0.20142857142857143 0.5857142857142857 0.027857142857142858 0.03238095238095238
4 0.2978571428571429 0.5923809523809523 0.025714285714285714 0.04
4 0.2557142857142857 0.5971428571428572 0.027857142857142858 0.04285714285714286
4 0.24142857142857144 0.5866666666666667 0.03214285714285714 0.04380952380952381
4 0.42857142857142855 0.42857142857142855 0.027142857142857142 0.0380952380952381
1 0.20785714285714285 0.5742857142857143 0.017857142857142856 0.02857142857142857
1 0.30428571428571427 0.5904761904761905 0.015714285714285715 0.03619047619047619
1 0.25857142857142856 0.6 0.017857142857142856 0.023809523809523808
1 0.245 0.5885714285714285 0.019285714285714285 0.024761904761904763
1 0.43642857142857144 0.43142857142857144 0.013571428571428571 0.021904761904761906
