3 0.27714285714285714 0.64 0.07142857142857142 0.047619047619047616
3 0.3792857142857143 0.5104761904761905 0.055 0.030476190476190476
1 0.3821428571428571 0.52 0.010714285714285714 0.02761904761904762
3 0.4035714285714286 0.7323809523809524 0.11071428571428571 0.07809523809523809
3 0.43357142857142855 0.6533333333333333 0.08571428571428572 0.05523809523809524
3 0.5221428571428571 0.48857142857142855 0.045 0.02857142857142857
3 0.007142857142857143 0.5923809523809523 0.07142857142857142 0.03142857142857143
3 0.10071428571428571 0.5761904761904761 0.05857142857142857 0.03619047619047619
3 0.05 0.5361904761904762 0.06285714285714286 0.029523809523809525
2 0.13214285714285715 0.5 0.037142857142857144 0.040952380952380955
3 0.23142857142857143 0.44571428571428573 0.015714285714285715 0.01904761904761905
3 0.2857142857142857 0.4266666666666667 0.023571428571428573 0.025714285714285714
3 0.30642857142857144 0.4228571428571429 0.03 0.025714285714285714
3 0.3271428571428571 0.41904761904761906 0.027142857142857142 0.023809523809523808
3 0.4035714285714286 0.439047619047619 0.032857142857142856 0.023809523809523808
3 0.4421428571428571 0.4180952380952381 0.02142857142857143 0.012380952380952381
3 0.4421428571428571 0.4257142857142857 0.03 0.017142857142857144
3 0.44285714285714284 0.4723809523809524 0.039285714285714285 0.023809523809523808
3 0.45785714285714285 0.44571428571428573 0.02857142857142857 0.017142857142857144
3 0.4692857142857143 0.44952380952380955 0.032857142857142856 0.022857142857142857
3 0.5142857142857142 0.43047619047619046 0.025714285714285714 0.02
3 0.5464285714285714 0.41904761904761906 0.02214285714285714 0.022857142857142857
3 0.525 0.4142857142857143 0.025 0.02095238095238095
3 0.5807142857142857 0.4247619047619048 0.027857142857142858 0.014285714285714285
3 0.6442857142857142 0.45904761904761904 0.015 0.021904761904761906
3 0.6814285714285714 0.5695238095238095 0.06428571428571428 0.045714285714285714
3 0.8107142857142857 0.6057142857142858 0.07142857142857142 0.04666666666666667
1 0.3892857142857143 0.7476190476190476 0.012857142857142857 0.05142857142857143
1 0.585 0.5638095238095238 0.011428571428571429 0.02857142857142857
4 0.5964285714285714 0.5333333333333333 0.012142857142857143 0.02857142857142857
1 0.6128571428571429 0.5142857142857142 0.009285714285714286 0.03142857142857143
4 0.18 0.4847619047619048 0.020714285714285713 0.023809523809523808
1 0.21928571428571428 0.49047619047619045 0.007142857142857143 0.01904761904761905
1 0.22785714285714287 0.4857142857142857 0.007142857142857143 0.022857142857142857
1 0.295 0.47333333333333333 0.005 0.023809523809523808
1 0.3007142857142857 0.4723809523809524 0.01 0.024761904761904763
1 0.28285714285714286 0.45714285714285713 0.005714285714285714 0.01619047619047619
3 0.48142857142857143 0.3980952380952381 0.02642857142857143 0.02761904761904762
6 0.19857142857142857 0.5314285714285715 0.16428571428571428 0.10571428571428572
6 0.0007142857142857143 0.6190476190476191 0.12928571428571428 0.1019047619047619
3 0.19642857142857142 0.43142857142857144 0.027857142857142858 0.021904761904761906
8 0.10285714285714286 0.4514285714285714 0.05 0.040952380952380955
3 0.115 0.4380952380952381 0.03785714285714286 0.022857142857142857
3 0.15857142857142856 0.44571428571428573 0.03571428571428571 0.02095238095238095
1 0.13714285714285715 0.48095238095238096 0.007142857142857143 0.02
1 0.12928571428571428 0.47904761904761906 0.005714285714285714 0.02
1 0.28785714285714287 0.4666666666666667 0.0064285714285714285 0.012380952380952381
3 0.6164285714285714 0.4723809523809524 0.024285714285714285 0.025714285714285714
3 0.58 0.4038095238095238 0.02214285714285714 0.014285714285714285
3 0.5078571428571429 0.40190476190476193 0.016428571428571428 0.014285714285714285
3 0.26 0.43523809523809526 0.02 0.022857142857142857
3 0.22357142857142856 0.45904761904761904 0.05071428571428571 0.02666666666666667
1 0.5978571428571429 0.5352380952380953 0.007857142857142858 0.02095238095238095
1 0.18714285714285714 0.4847619047619048 0.010714285714285714 0.022857142857142857
1 0.42214285714285715 0.42952380952380953 0.004285714285714286 0.017142857142857144
