2 0.3387265135699374 0.2077922077922078 0.024008350730688934 0.08998144712430427
3 0.4498956158663883 0.04359925788497217 0.022964509394572025 0.08070500927643785
3 0.48068893528183715 0.030612244897959183 0.027661795407098122 0.09369202226345083
3 0.5198329853862212 0.025974025974025976 0.027139874739039668 0.09183673469387756
3 0.5579331941544885 0.03339517625231911 0.030271398747390398 0.09183673469387756
3 0.6576200417536534 0.021335807050092765 0.02661795407098121 0.09925788497217068
8 0.6012526096033403 0.0 0.038622129436325675 0.14471243042671614
3 0.6905010438413361 0.07792207792207792 0.029749478079331943 0.09461966604823747
8 0.7207724425887265 0.04916512059369202 0.04123173277661795 0.12152133580705009
3 0.7781837160751566 0.05658627087198516 0.03288100208768267 0.09740259740259741
3 0.8569937369519833 0.04638218923933209 0.037056367432150315 0.08348794063079777
2 0.894572025052192 0.05287569573283859 0.030271398747390398 0.0862708719851577
4 0.9164926931106472 0.12987012987012986 0.012526096033402923 0.045454545454545456
8 0.9363256784968684 0.0 0.06210855949895616 0.19480519480519481
3 0.761482254697286 0.36178107606679033 0.038622129436325675 0.11688311688311688
3 0.7218162839248434 0.362708719851577 0.031837160751565764 0.12523191094619665
3 0.6779749478079332 0.34137291280148424 0.02870563674321503 0.11038961038961038
3 0.6231732776617954 0.3385899814471243 0.032359081419624215 0.11410018552875696
3 0.5422755741127349 0.4044526901669759 0.031315240083507306 0.09461966604823747
3 0.4754697286012526 0.37940630797773656 0.031837160751565764 0.11317254174397032
4 0.5407098121085595 0.5927643784786641 0.027139874739039668 0.0287569573283859
3 0.2578288100208768 0.8246753246753247 0.044363256784968684 0.15584415584415584
