3 0.34707724425887265 0.9090909090909091 0.06419624217118998 0.0686456400742115
3 0.5245302713987474 0.7597402597402597 0.05897703549060543 0.05658627087198516
3 0.3945720250521921 0.7087198515769945 0.059498956158663886 0.06215213358070501
3 0.407098121085595 0.660482374768089 0.05741127348643006 0.04823747680890538
3 0.4133611691022965 0.5927643784786641 0.05271398747390397 0.059369202226345084
3 0.5594989561586639 0.5194805194805194 0.044363256784968684 0.045454545454545456
3 0.5709812108559499 0.4072356215213358 0.04801670146137787 0.05102040816326531
3 0.5793319415448852 0.24489795918367346 0.04384133611691023 0.039888682745825604
3 0.4488517745302714 0.4230055658627087 0.05219206680584551 0.04452690166975881
3 0.43162839248434237 0.5018552875695733 0.05219206680584551 0.05658627087198516
8 0.40866388308977036 0.538961038961039 0.06471816283924843 0.06679035250463822
8 0.4514613778705637 0.3432282003710575 0.06471816283924843 0.07050092764378478
3 0.5078288100208769 0.12987012987012986 0.03914405010438413 0.039888682745825604
3 0.6049060542797495 0.07421150278293136 0.038100208768267224 0.032467532467532464
3 0.6122129436325678 0.04452690166975881 0.030271398747390398 0.03432282003710575
8 0.5255741127348643 0.039888682745825604 0.03966597077244259 0.06586270871985157
3 0.5281837160751566 0.027829313543599257 0.038622129436325675 0.029684601113172542
4 0.2160751565762004 0.761595547309833 0.02661795407098121 0.0287569573283859
3 0.2254697286012526 0.6549165120593692 0.05897703549060543 0.04081632653061224
1 0.2797494780793319 0.5853432282003711 0.011482254697286013 0.014842300556586271
1 0.29018789144050106 0.549165120593692 0.009394572025052192 0.02504638218923933
1 0.3324634655532359 0.5222634508348795 0.008350730688935281 0.02411873840445269
3 0.28131524008350733 0.46382189239332094 0.049582463465553235 0.04452690166975881
3 0.3747390396659708 0.18738404452690166 0.037056367432150315 0.04081632653061224
1 0.4232776617954071 0.1567717996289425 0.006784968684759917 0.02504638218923933
3 0.38308977035490605 0.13358070500927643 0.04279749478079332 0.03896103896103896
3 0.3930062630480167 0.10111317254174397 0.037056367432150315 0.03896103896103896
3 0.4144050104384134 0.03432282003710575 0.03496868475991649 0.03525046382189239
4 0.40866388308977036 0.08070500927643785 0.014613778705636743 0.02504638218923933
4 0.43475991649269313 0.00463821892393321 0.013569937369519834 0.02040816326530612
3 0.15501043841336118 0.9202226345083488 0.06732776617954071 0.059369202226345084
3 0.9775574112734864 0.2680890538033395 0.021920668058455117 0.0287569573283859
