1 0.6387696709585121 0.7070610687022901 0.012160228898426323 0.05152671755725191
3 0.8590844062947067 0.5591603053435115 0.08726752503576538 0.05248091603053435
3 0.7446351931330472 0.5143129770992366 0.07796852646638054 0.03721374045801527
3 0.6516452074391988 0.3501908396946565 0.019313304721030045 0.025763358778625955
1 0.8319027181688126 0.4208015267175573 0.006437768240343348 0.025763358778625955
1 0.49141630901287553 0.5868320610687023 0.015736766809728183 0.04484732824427481
1 0.5164520743919886 0.5066793893129771 0.01072961373390558 0.03244274809160305
1 0.4456366237482117 0.7375954198473282 0.01430615164520744 0.05152671755725191
8 0.6773962804005722 0.3654580152671756 0.03648068669527897 0.06297709923664122
6 0.7746781115879828 0.30343511450381677 0.0407725321888412 0.04866412213740458
1 0.4291845493562232 0.7242366412213741 0.01859799713876967 0.04961832061068702
1 0.4470672389127325 0.6946564885496184 0.015736766809728183 0.042938931297709926
1 0.4313304721030043 0.6898854961832062 0.01859799713876967 0.042938931297709926
1 0.42775393419170243 0.6517175572519084 0.012875536480686695 0.04389312977099236
1 0.5185979971387696 0.5448473282442748 0.007868383404864092 0.04007633587786259
1 0.5572246065808297 0.4713740458015267 0.011444921316165951 0.03148854961832061
1 0.5035765379113019 0.5562977099236641 0.011444921316165951 0.03625954198473282
1 0.5293276108726752 0.5143129770992366 0.011444921316165951 0.035305343511450385
1 0.5393419170243204 0.5095419847328244 0.013590844062947067 0.03625954198473282
2 0.5457796852646638 0.5181297709923665 0.008583690987124463 0.033396946564885496
2 0.2525035765379113 0.8769083969465649 0.05722460658082976 0.04484732824427481
2 0.2503576537911302 0.8024809160305344 0.03719599427753934 0.05152671755725191
2 0.1838340486409156 0.8062977099236641 0.05007153075822604 0.03435114503816794
3 0.0 0.6364503816793893 0.05507868383404864 0.05725190839694656
3 0.012875536480686695 0.566793893129771 0.09370529327610873 0.04961832061068702
3 0.14163090128755365 0.5801526717557252 0.07224606580829757 0.03148854961832061
3 0.13090128755364808 0.5324427480916031 0.07582260371959942 0.04580152671755725
3 0.08869814020028613 0.4303435114503817 0.05150214592274678 0.02385496183206107
3 0.26609442060085836 0.5791984732824428 0.0844062947067239 0.039122137404580155
3 0.24320457796852646 0.5333969465648855 0.08655221745350501 0.046755725190839696
6 0.09155937052932761 0.6030534351145038 0.2804005722460658 0.12309160305343511
1 0.2932761087267525 0.8148854961832062 0.0178826895565093 0.05438931297709924
1 0.22746781115879827 0.7633587786259542 0.024320457796852647 0.04961832061068702
1 0.18669527896995708 0.7709923664122137 0.0178826895565093 0.04580152671755725
1 0.08011444921316166 0.8406488549618321 0.02503576537911302 0.05438931297709924
1 0.027181688125894134 0.8015267175572519 0.022174535050071532 0.061068702290076333
1 0.04291845493562232 0.8148854961832062 0.031473533619456366 0.05820610687022901
1 0.09728183118741059 0.8177480916030534 0.030758226037195996 0.05438931297709924
1 0.14091559370529327 0.8282442748091603 0.024320457796852647 0.05820610687022901
1 0.18812589413447783 0.8625954198473282 0.022889842632331903 0.05725190839694656
1 0.2696709585121602 0.8501908396946565 0.019313304721030045 0.05725190839694656
2 0.05078683834048641 0.7977099236641222 0.046494992846924176 0.03816793893129771
4 0.007868383404864092 0.7881679389312977 0.020028612303290415 0.04961832061068702
2 0.0 0.8463740458015268 0.03719599427753934 0.02480916030534351
1 0.0 0.8396946564885496 0.012160228898426323 0.042938931297709926
2 0.9463519313304721 0.7204198473282443 0.029327610872675252 0.04866412213740458
1 0.952074391988555 0.7080152671755725 0.022889842632331903 0.04198473282442748
3 0.9656652360515021 0.39122137404580154 0.030758226037195996 0.015267175572519083
3 0.5815450643776824 0.40553435114503816 0.05007153075822604 0.030534351145038167
1 0.648068669527897 0.4303435114503817 0.008583690987124463 0.026717557251908396
1 0.6566523605150214 0.42748091603053434 0.009298998569384835 0.029580152671755726
1 0.5722460658082976 0.3845419847328244 0.006437768240343348 0.02385496183206107
1 0.5593705293276109 0.3683206106870229 0.00715307582260372 0.02385496183206107
1 0.5636623748211731 0.3816793893129771 0.006437768240343348 0.022900763358778626
1 0.6380543633762518 0.3568702290076336 0.005722460658082976 0.02194656488549618
3 0.5965665236051502 0.375 0.019313304721030045 0.02194656488549618
3 0.5972818311874106 0.35782442748091603 0.027181688125894134 0.02480916030534351
3 0.648068669527897 0.2538167938931298 0.022889842632331903 0.01431297709923664
6 0.6666666666666666 0.24713740458015268 0.020028612303290415 0.02194656488549618
6 0.655937052932761 0.23759541984732824 0.02503576537911302 0.016221374045801526
3 0.07939914163090128 0.3902671755725191 0.03719599427753934 0.04198473282442748
3 0.19742489270386265 0.3998091603053435 0.035050071530758224 0.03148854961832061
3 0.28898426323319026 0.39408396946564883 0.027181688125894134 0.02385496183206107
1 0.20958512160228898 0.42938931297709926 0.009298998569384835 0.025763358778625955
1 0.2145922746781116 0.42938931297709926 0.009298998569384835 0.022900763358778626
3 0.22746781115879827 0.42270992366412213 0.07296137339055794 0.03625954198473282
3 0.24034334763948498 0.4083969465648855 0.032904148783977114 0.02194656488549618
3 0.39842632331902716 0.41603053435114506 0.0536480686695279 0.02385496183206107
3 0.4155937052932761 0.37690839694656486 0.0178826895565093 0.03625954198473282
3 0.43919885550786836 0.3788167938931298 0.030758226037195996 0.03244274809160305
3 0.4656652360515021 0.3711832061068702 0.024320457796852647 0.03625954198473282
1 0.49642346208869814 0.3520992366412214 0.008583690987124463 0.022900763358778626
3 0.49141630901287553 0.375 0.04291845493562232 0.02767175572519084
3 0.5107296137339056 0.3683206106870229 0.03862660944206009 0.02385496183206107
3 0.5264663805436338 0.36259541984732824 0.029327610872675252 0.020038167938931296
3 0.51931330472103 0.3549618320610687 0.03719599427753934 0.02099236641221374
3 0.5200286123032904 0.34446564885496184 0.03719599427753934 0.019083969465648856
3 0.5157367668097281 0.3330152671755725 0.03791130185979971 0.019083969465648856
3 0.5200286123032904 0.32156488549618323 0.033619456366237484 0.01812977099236641
3 0.522889842632332 0.31583969465648853 0.02861230329041488 0.016221374045801526
3 0.5214592274678111 0.30820610687022904 0.030758226037195996 0.01717557251908397
3 0.5836909871244635 0.32633587786259544 0.016452074391988557 0.016221374045801526
3 0.5915593705293276 0.3473282442748092 0.01430615164520744 0.012404580152671756
3 0.5987124463519313 0.35591603053435117 0.02145922746781116 0.022900763358778626
3 0.586552217453505 0.3148854961832061 0.015021459227467811 0.016221374045801526
3 0.5822603719599427 0.31202290076335876 0.011444921316165951 0.01717557251908397
1 0.5701001430615165 0.30343511450381677 0.005007153075822604 0.01431297709923664
1 0.5572246065808297 0.2967557251908397 0.004291845493562232 0.011450381679389313
1 0.5844062947067239 0.2881679389312977 0.004291845493562232 0.01049618320610687
3 0.5522174535050072 0.2900763358778626 0.022889842632331903 0.012404580152671756
3 0.5507868383404864 0.2824427480916031 0.022174535050071532 0.012404580152671756
3 0.555793991416309 0.2776717557251908 0.019313304721030045 0.011450381679389313
3 0.555793991416309 0.2729007633587786 0.019313304721030045 0.01049618320610687
3 0.5472103004291845 0.2652671755725191 0.01859799713876967 0.011450381679389313
3 0.5486409155937053 0.2538167938931298 0.017167381974248927 0.01717557251908397
3 0.5464949928469242 0.24045801526717558 0.010014306151645207 0.008587786259541985
