3 0.4521428571428571 0.8228571428571428 0.07928571428571428 0.16095238095238096
3 0.40285714285714286 0.7228571428571429 0.09928571428571428 0.07714285714285714
3 0.4257142857142857 0.6780952380952381 0.09642857142857143 0.07047619047619047
3 0.43785714285714283 0.6466666666666666 0.07714285714285714 0.05047619047619047
3 0.5021428571428571 0.5380952380952381 0.07642857142857143 0.047619047619047616
3 0.5292857142857142 0.4990476190476191 0.065 0.0380952380952381
3 0.585 0.4723809523809524 0.027142857142857142 0.03619047619047619
3 0.8164285714285714 0.7180952380952381 0.08214285714285714 0.1
3 0.8521428571428571 0.82 0.08571428571428572 0.12285714285714286
3 0.6971428571428572 0.7285714285714285 0.06285714285714286 0.11428571428571428
1 0.6914285714285714 0.8047619047619048 0.029285714285714286 0.058095238095238096
3 0.7028571428571428 0.8380952380952381 0.07428571428571429 0.1580952380952381
3 0.6292857142857143 0.6866666666666666 0.05857142857142857 0.11047619047619048
3 0.6914285714285714 0.6076190476190476 0.047857142857142855 0.07428571428571429
3 0.6314285714285715 0.6142857142857143 0.04928571428571429 0.07809523809523809
3 0.6842857142857143 0.5628571428571428 0.03571428571428571 0.05047619047619047
3 0.6392857142857142 0.5457142857142857 0.041428571428571426 0.07238095238095238
3 0.6857142857142857 0.52 0.04285714285714286 0.045714285714285714
1 0.715 0.5285714285714286 0.014285714285714285 0.039047619047619046
3 0.6435714285714286 0.4980952380952381 0.03571428571428571 0.058095238095238096
3 0.6828571428571428 0.4685714285714286 0.027857142857142858 0.05047619047619047
3 0.65 0.4723809523809524 0.02642857142857143 0.039047619047619046
3 0.6514285714285715 0.44761904761904764 0.023571428571428573 0.037142857142857144
3 0.68 0.4342857142857143 0.027142857142857142 0.03238095238095238
3 0.6542857142857142 0.3961904761904762 0.02 0.035238095238095235
3 0.6778571428571428 0.40285714285714286 0.025 0.03142857142857143
3 0.6792857142857143 0.3761904761904762 0.019285714285714285 0.02666666666666667
3 0.6557142857142857 0.36666666666666664 0.017857142857142856 0.02857142857142857
3 0.6814285714285714 0.36666666666666664 0.016428571428571428 0.021904761904761906
3 0.67 0.3438095238095238 0.017142857142857144 0.02857142857142857
3 0.6842857142857143 0.32571428571428573 0.014285714285714285 0.024761904761904763
3 0.6628571428571428 0.3352380952380952 0.013571428571428571 0.017142857142857144
3 0.6678571428571428 0.32 0.015714285714285715 0.018095238095238095
1 0.7057142857142857 0.32 0.009285714285714286 0.02
3 0.7064285714285714 0.3 0.011428571428571429 0.018095238095238095
3 0.6771428571428572 0.3028571428571429 0.014285714285714285 0.013333333333333334
3 0.6221428571428571 0.3485714285714286 0.018571428571428572 0.01904761904761905
3 0.6028571428571429 0.3380952380952381 0.027142857142857142 0.02
8 0.5978571428571429 0.3238095238095238 0.04 0.02857142857142857
3 0.6385714285714286 0.319047619047619 0.013571428571428571 0.015238095238095238
3 0.6414285714285715 0.30857142857142855 0.014285714285714285 0.02
3 0.7192857142857143 0.36 0.019285714285714285 0.02095238095238095
3 0.7342857142857143 0.35428571428571426 0.032857142857142856 0.02
3 0.6114285714285714 0.37142857142857144 0.02 0.023809523809523808
3 0.6071428571428571 0.3904761904761905 0.02142857142857143 0.024761904761904763
3 0.5992857142857143 0.4095238095238095 0.027142857142857142 0.02666666666666667
3 0.5935714285714285 0.42952380952380953 0.025714285714285714 0.035238095238095235
3 0.7421428571428571 0.44 0.03428571428571429 0.03333333333333333
3 0.7314285714285714 0.3961904761904762 0.02642857142857143 0.025714285714285714
3 0.73 0.37238095238095237 0.032857142857142856 0.021904761904761906
3 0.7464285714285714 0.3904761904761905 0.03642857142857143 0.02095238095238095
3 0.7414285714285714 0.379047619047619 0.039285714285714285 0.023809523809523808
3 0.7721428571428571 0.46190476190476193 0.06642857142857143 0.030476190476190476
3 0.7771428571428571 0.47904761904761906 0.06571428571428571 0.029523809523809525
3 0.7785714285714286 0.4961904761904762 0.07714285714285714 0.035238095238095235
3 0.7921428571428571 0.5104761904761905 0.07857142857142857 0.04285714285714286
3 0.8192857142857143 0.5476190476190477 0.08428571428571428 0.04476190476190476
3 0.7821428571428571 0.5657142857142857 0.05714285714285714 0.06
3 0.61 0.9085714285714286 0.06714285714285714 0.09142857142857143
3 0.8871428571428571 0.9304761904761905 0.08785714285714286 0.06952380952380953
