3 0.3836116910229645 0.8432282003710575 0.033402922755741124 0.06586270871985157
3 0.36221294363256784 0.6855287569573284 0.03392484342379958 0.06771799628942486
3 0.35908141962421714 0.6196660482374768 0.042275574112734866 0.04081632653061224
2 0.30741127348643005 0.608534322820037 0.014613778705636743 0.04359925788497217
3 0.4572025052192067 0.5435992578849722 0.026096033402922755 0.05009276437847866
3 0.49947807933194155 0.43506493506493504 0.02348643006263048 0.04823747680890538
1 0.49947807933194155 0.41929499072356213 0.005219206680584551 0.022263450834879406
3 0.5255741127348643 0.36363636363636365 0.019311064718162838 0.04081632653061224
3 0.5610647181628392 0.2680890538033395 0.015135699373695199 0.03339517625231911
3 0.4911273486430063 0.2597402597402597 0.02661795407098121 0.02040816326530612
3 0.5005219206680585 0.24953617810760667 0.0255741127348643 0.021335807050092765
3 0.5161795407098121 0.2077922077922078 0.026096033402922755 0.023191094619666047
3 0.5334029227557411 0.1725417439703154 0.02035490605427975 0.022263450834879406
3 0.5407098121085595 0.16975881261595546 0.016701461377870562 0.01948051948051948
3 0.592901878914405 0.12523191094619665 0.022964509394572025 0.02040816326530612
4 0.5657620041753654 0.13821892393320964 0.007828810020876827 0.00927643784786642
1 0.5673277661795407 0.1345083487940631 0.0036534446764091857 0.01020408163265306
3 0.5422755741127349 0.14007421150278293 0.02139874739039666 0.017625231910946195
3 0.5250521920668059 0.1345083487940631 0.016179540709812108 0.01855287569573284
3 0.4906054279749478 0.12708719851576994 0.02348643006263048 0.02040816326530612
4 0.4514613778705637 0.11131725417439703 0.007828810020876827 0.0074211502782931356
1 0.4535490605427975 0.10946196660482375 0.0026096033402922755 0.0074211502782931356
1 0.4488517745302714 0.09276437847866419 0.0026096033402922755 0.012987012987012988
3 0.4488517745302714 0.10018552875695733 0.018789144050104383 0.015769944341372914
3 0.07359081419624217 0.20686456400742115 0.025052192066805846 0.023191094619666047
3 0.15918580375782881 0.14471243042671614 0.019832985386221295 0.02040816326530612
3 0.17745302713987474 0.1261595547309833 0.01826722338204593 0.025974025974025976
3 0.19572025052192066 0.11410018552875696 0.017745302713987474 0.02411873840445269
8 0.20772442588726514 0.09461966604823747 0.022964509394572025 0.03339517625231911
2 0.3147181628392484 0.09183673469387756 0.012004175365344467 0.017625231910946195
4 0.2453027139874739 0.05102040816326531 0.005741127348643006 0.00927643784786642
1 0.24634655532359082 0.045454545454545456 0.0026096033402922755 0.011131725417439703
3 0.17275574112734865 0.026901669758812616 0.014613778705636743 0.012987012987012988
4 0.18006263048016702 0.00927643784786642 0.009394572025052192 0.012987012987012988
3 0.1837160751565762 0.008348794063079777 0.015657620041753653 0.012059369202226345
3 0.17014613778705637 0.0055658627087198514 0.010438413361169102 0.012987012987012988
3 0.1847599164926931 0.0009276437847866419 0.013569937369519834 0.013914656771799629
3 0.21189979123173278 0.0055658627087198514 0.010960334029227558 0.012059369202226345
3 0.21711899791231734 0.00927643784786642 0.010960334029227558 0.011131725417439703
3 0.40501043841336115 0.07235621521335807 0.016701461377870562 0.014842300556586271
3 0.3533402922755741 0.0018552875695732839 0.012004175365344467 0.016697588126159554
3 0.36430062630480164 0.0 0.010960334029227558 0.01020408163265306
3 0.3757828810020877 0.027829313543599257 0.010960334029227558 0.014842300556586271
3 0.3794363256784969 0.01948051948051948 0.014613778705636743 0.017625231910946195
4 0.4154488517745303 0.06493506493506493 0.008872651356993737 0.008348794063079777
1 0.4196242171189979 0.06029684601113173 0.003131524008350731 0.011131725417439703
1 0.5302713987473904 0.06957328385899815 0.003131524008350731 0.013914656771799629
3 0.6821503131524008 0.015769944341372914 0.009394572025052192 0.012059369202226345
3 0.6842379958246346 0.0055658627087198514 0.008350730688935281 0.012059369202226345
