3 0.52 0.8286802030456852 0.017857142857142856 0.06725888324873096
3 0.55 0.5596446700507615 0.014285714285714285 0.03807106598984772
3 0.505 0.383248730964467 0.008571428571428572 0.024111675126903553
3 0.45357142857142857 0.35279187817258884 0.01 0.021573604060913704
3 0.45357142857142857 0.29949238578680204 0.008571428571428572 0.017766497461928935
3 0.5157142857142857 0.30710659898477155 0.01 0.02284263959390863
3 0.48142857142857143 0.32614213197969544 0.009285714285714286 0.02030456852791878
3 0.4664285714285714 0.3730964467005076 0.01 0.02284263959390863
3 0.46214285714285713 0.2131979695431472 0.007857142857142858 0.013959390862944163
3 0.46714285714285714 0.1649746192893401 0.0064285714285714285 0.015228426395939087
3 0.46214285714285713 0.1281725888324873 0.004285714285714286 0.013959390862944163
3 0.4828571428571429 0.10152284263959391 0.005714285714285714 0.01015228426395939
3 0.5135714285714286 0.0583756345177665 0.005714285714285714 0.012690355329949238
3 0.48214285714285715 0.05710659898477157 0.005714285714285714 0.01015228426395939
3 0.4828571428571429 0.04060913705583756 0.004285714285714286 0.008883248730964468
3 0.495 0.021573604060913704 0.005714285714285714 0.008883248730964468
3 0.46285714285714286 0.04949238578680203 0.005 0.008883248730964468
3 0.48428571428571426 0.005076142131979695 0.004285714285714286 0.01015228426395939
3 0.4764285714285714 0.0 0.005 0.008883248730964468
3 0.4942857142857143 0.0025380710659898475 0.0035714285714285713 0.01015228426395939
3 0.5128571428571429 0.006345177664974619 0.005 0.011421319796954314
6 0.4635714285714286 0.013959390862944163 0.0064285714285714285 0.02284263959390863
3 0.455 0.05583756345177665 0.0035714285714285713 0.008883248730964468
3 0.4642857142857143 0.07106598984771574 0.005714285714285714 0.011421319796954314
3 0.5207142857142857 0.17385786802030456 0.007142857142857143 0.02030456852791878
3 0.5264285714285715 0.25 0.008571428571428572 0.021573604060913704
3 0.5021428571428571 0.2906091370558376 0.009285714285714286 0.0266497461928934
3 0.51 0.600253807106599 0.014285714285714285 0.0532994923857868
6 0.4471428571428571 0.6560913705583756 0.025714285714285714 0.12944162436548223
3 0.5771428571428572 0.9302030456852792 0.022857142857142857 0.06852791878172589
1 0.20785714285714285 0.25253807106598986 0.005714285714285714 0.017766497461928935
1 0.2842857142857143 0.2614213197969543 0.002857142857142857 0.008883248730964468
1 0.2864285714285714 0.2563451776649746 0.002857142857142857 0.011421319796954314
1 0.32142857142857145 0.24873096446700507 0.002857142857142857 0.008883248730964468
1 0.2542857142857143 0.24873096446700507 0.0035714285714285713 0.01015228426395939
1 0.24357142857142858 0.2512690355329949 0.002857142857142857 0.011421319796954314
1 0.2342857142857143 0.2512690355329949 0.004285714285714286 0.01015228426395939
1 0.215 0.25 0.0035714285714285713 0.011421319796954314
1 0.20214285714285715 0.25 0.004285714285714286 0.011421319796954314
1 0.1792857142857143 0.25253807106598986 0.0035714285714285713 0.008883248730964468
1 0.17 0.2550761421319797 0.0035714285714285713 0.012690355329949238
1 0.16857142857142857 0.25888324873096447 0.0035714285714285713 0.011421319796954314
1 0.12928571428571428 0.2956852791878173 0.0035714285714285713 0.012690355329949238
1 0.11 0.30710659898477155 0.004285714285714286 0.011421319796954314
1 0.09 0.2982233502538071 0.0035714285714285713 0.015228426395939087
1 0.08428571428571428 0.30076142131979694 0.004285714285714286 0.01015228426395939
3 0.28714285714285714 0.3883248730964467 0.025 0.01649746192893401
3 0.04357142857142857 0.3883248730964467 0.02642857142857143 0.01903553299492386
