3 0.3627348643006263 0.8070500927643784 0.050626304801670144 0.1391465677179963
3 0.40605427974947805 0.5955473098330241 0.03444676409185804 0.08441558441558442
3 0.47964509394572025 0.22634508348794063 0.011482254697286013 0.036178107606679034
3 0.6670146137787056 0.5955473098330241 0.07150313152400835 0.05473098330241188
3 0.6430062630480167 0.5640074211502782 0.0662839248434238 0.055658627087198514
4 0.5417536534446764 0.7402597402597403 0.014091858037578288 0.041743970315398886
1 0.5427974947807933 0.7374768089053804 0.012004175365344467 0.032467532467532464
2 0.453027139874739 0.7198515769944341 0.024008350730688934 0.07606679035250463
3 0.6236951983298539 0.62152133580705 0.03549060542797495 0.11038961038961038
4 0.6346555323590815 0.5380333951762524 0.020876826722338204 0.02504638218923933
2 0.6842379958246346 0.525974025974026 0.015657620041753653 0.04081632653061224
1 0.6591858037578288 0.512987012987013 0.007828810020876827 0.032467532467532464
2 0.6602296450939458 0.5213358070500927 0.01826722338204593 0.04823747680890538
4 0.668580375782881 0.4332096474953618 0.006263048016701462 0.029684601113172542
4 0.680062630480167 0.4294990723562152 0.010960334029227558 0.021335807050092765
2 0.5636743215031316 0.45640074211502785 0.02035490605427975 0.04638218923933209
1 0.5521920668058455 0.4397031539888683 0.006263048016701462 0.0287569573283859
1 0.5448851774530271 0.4332096474953618 0.005219206680584551 0.0287569573283859
2 0.5480167014613778 0.424860853432282 0.014091858037578288 0.038033395176252316
1 0.5490605427974948 0.35064935064935066 0.004697286012526096 0.023191094619666047
8 0.4420668058455115 0.37291280148423006 0.029749478079331943 0.08534322820037106
2 0.5756784968684759 0.3385899814471243 0.014091858037578288 0.016697588126159554
4 0.5339248434237995 0.310760667903525 0.007828810020876827 0.01855287569573284
1 0.5339248434237995 0.3051948051948052 0.005741127348643006 0.01855287569573284
2 0.552713987473904 0.310760667903525 0.011482254697286013 0.0287569573283859
1 0.6075156576200418 0.27365491651205937 0.004697286012526096 0.023191094619666047
2 0.5026096033402923 0.18738404452690166 0.008350730688935281 0.01948051948051948
2 0.4890396659707724 0.15862708719851576 0.007306889352818371 0.017625231910946195
3 0.535490605427975 0.20037105751391465 0.018789144050104383 0.017625231910946195
1 0.5281837160751566 0.20686456400742115 0.0041753653444676405 0.00927643784786642
4 0.5276617954070981 0.20871985157699444 0.005219206680584551 0.014842300556586271
3 0.4551148225469729 0.1261595547309833 0.009916492693110648 0.015769944341372914
3 0.40501043841336115 0.11224489795918367 0.012004175365344467 0.013914656771799629
3 0.39926931106471814 0.10853432282003711 0.016179540709812108 0.012987012987012988
4 0.5093945720250522 0.14285714285714285 0.0026096033402922755 0.01020408163265306
1 0.5088726513569938 0.14007421150278293 0.003131524008350731 0.01020408163265306
3 0.32515657620041755 0.08812615955473098 0.017745302713987474 0.014842300556586271
2 0.8021920668058455 0.9192949907235621 0.050626304801670144 0.05380333951762523
4 0.8105427974947808 0.8998144712430427 0.029749478079331943 0.039888682745825604
4 0.8126304801670147 0.885899814471243 0.030793319415448852 0.03896103896103896
4 0.6691022964509394 0.38404452690166974 0.007306889352818371 0.02040816326530612
1 0.5991649269311065 0.44063079777365494 0.007306889352818371 0.032467532467532464
3 0.49843423799582465 0.10760667903525047 0.007828810020876827 0.012059369202226345
3 0.5156576200417536 0.10111317254174397 0.007306889352818371 0.012987012987012988
3 0.5260960334029228 0.1038961038961039 0.007306889352818371 0.012059369202226345
3 0.5140918580375783 0.08441558441558442 0.007306889352818371 0.014842300556586271
2 0.5386221294363257 0.10482374768089053 0.006263048016701462 0.012987012987012988
1 0.5490605427974948 0.14471243042671614 0.0026096033402922755 0.012987012987012988
1 0.5417536534446764 0.1456400742115028 0.0026096033402922755 0.011131725417439703
1 0.5339248434237995 0.15120593692022263 0.0036534446764091857 0.01020408163265306
4 0.534446764091858 0.15398886827458255 0.0026096033402922755 0.01020408163265306
1 0.5407098121085595 0.07606679035250463 0.0026096033402922755 0.01020408163265306
4 0.5093945720250522 0.10018552875695733 0.0026096033402922755 0.006493506493506494
1 0.5093945720250522 0.09740259740259741 0.0026096033402922755 0.006493506493506494
4 0.5318371607515657 0.061224489795918366 0.0020876826722338203 0.0055658627087198514
1 0.5323590814196242 0.05844155844155844 0.0015657620041753654 0.0055658627087198514
8 0.5041753653444676 0.059369202226345084 0.009394572025052192 0.022263450834879406
3 0.5323590814196242 0.03525046382189239 0.004697286012526096 0.008348794063079777
3 0.5313152400835073 0.026901669758812616 0.0041753653444676405 0.0055658627087198514
3 0.5224425887265136 0.014842300556586271 0.007306889352818371 0.006493506493506494
8 0.5234864300626305 0.029684601113172542 0.006263048016701462 0.013914656771799629
1 0.5208768267223383 0.02411873840445269 0.0015657620041753654 0.006493506493506494
3 0.5339248434237995 0.045454545454545456 0.0036534446764091857 0.0074211502782931356
4 0.3376826722338205 0.5797773654916512 0.011482254697286013 0.039888682745825604
4 0.5480167014613778 0.19944341372912802 0.005741127348643006 0.00927643784786642
4 0.534446764091858 0.05194805194805195 0.0041753653444676405 0.006493506493506494
4 0.7192066805845512 0.5630797773654916 0.02139874739039666 0.02411873840445269
