6 0.7228571428571429 0.6923809523809524 0.07428571428571429 0.22285714285714286
8 0.6635714285714286 0.5352380952380953 0.04857142857142857 0.12476190476190477
8 0.6414285714285715 0.37523809523809526 0.018571428571428572 0.040952380952380955
3 0.6507142857142857 0.32857142857142857 0.011428571428571429 0.015238095238095238
1 0.6535714285714286 0.2885714285714286 0.002857142857142857 0.007619047619047619
2 0.6528571428571428 0.2923809523809524 0.0035714285714285713 0.006666666666666667
8 0.5014285714285714 0.23047619047619047 0.007857142857142858 0.014285714285714285
4 0.48642857142857143 0.2580952380952381 0.002857142857142857 0.007619047619047619
1 0.48714285714285716 0.2580952380952381 0.002142857142857143 0.005714285714285714
3 0.8164285714285714 0.2914285714285714 0.010714285714285714 0.012380952380952381
3 0.5964285714285714 0.2038095238095238 0.005 0.006666666666666667
3 0.6235714285714286 0.18857142857142858 0.004285714285714286 0.004761904761904762
3 0.585 0.20952380952380953 0.007857142857142858 0.007619047619047619
3 0.6114285714285714 0.1761904761904762 0.002857142857142857 0.005714285714285714
8 0.6078571428571429 0.1819047619047619 0.0064285714285714285 0.014285714285714285
6 0.6264285714285714 0.16857142857142857 0.004285714285714286 0.008571428571428572
6 0.6078571428571429 0.16857142857142857 0.004285714285714286 0.009523809523809525
8 0.435 0.22666666666666666 0.02 0.009523809523809525
