3 0.07142857142857142 0.007614213197969543 0.02214285714285714 0.044416243654822336
3 0.03 0.2131979695431472 0.019285714285714285 0.03299492385786802
6 0.10642857142857143 0.09898477157360407 0.03357142857142857 0.09898477157360407
6 0.029285714285714286 0.012690355329949238 0.03214285714285714 0.07487309644670051
3 0.1492857142857143 0.44543147208121825 0.035 0.05456852791878172
3 0.010714285714285714 0.5951776649746193 0.05714285714285714 0.09390862944162437
8 0.265 0.3096446700507614 0.05142857142857143 0.08756345177664974
3 0.32571428571428573 0.1548223350253807 0.02857142857142857 0.03807106598984772
3 0.3871428571428571 0.13578680203045684 0.027857142857142858 0.03807106598984772
3 0.4742857142857143 0.011421319796954314 0.02142857142857143 0.02918781725888325
3 0.41285714285714287 0.011421319796954314 0.02142857142857143 0.027918781725888325
3 0.3585714285714286 0.41624365482233505 0.03 0.05964467005076142
3 0.38785714285714284 0.3756345177664975 0.02857142857142857 0.046954314720812185
3 0.41285714285714287 0.3210659898477157 0.024285714285714285 0.04314720812182741
3 0.43714285714285717 0.2969543147208122 0.02 0.02918781725888325
3 0.4614285714285714 0.25761421319796957 0.019285714285714285 0.03553299492385787
3 0.4707142857142857 0.3147208121827411 0.02142857142857143 0.03426395939086294
3 0.40214285714285714 0.4847715736040609 0.03142857142857143 0.04949238578680203
3 0.31357142857142856 0.6598984771573604 0.035 0.07360406091370558
3 0.5807142857142857 0.37182741116751267 0.017857142857142856 0.048223350253807105
3 0.6042857142857143 0.37182741116751267 0.016428571428571428 0.05456852791878172
3 0.6242857142857143 0.3819796954314721 0.017142857142857144 0.050761421319796954
3 0.6464285714285715 0.3895939086294416 0.018571428571428572 0.05456852791878172
3 0.6692857142857143 0.4035532994923858 0.02 0.046954314720812185
3 0.6935714285714286 0.4086294416243655 0.017857142857142856 0.048223350253807105
3 0.7142857142857143 0.40609137055837563 0.020714285714285713 0.0583756345177665
3 0.7421428571428571 0.4086294416243655 0.020714285714285713 0.06852791878172589
3 0.66 0.3565989847715736 0.025 0.044416243654822336
3 0.6892857142857143 0.3604060913705584 0.02142857142857143 0.046954314720812185
3 0.6042857142857143 0.3413705583756345 0.02857142857142857 0.04060913705583756
3 0.48214285714285715 0.567258883248731 0.029285714285714286 0.05710659898477157
3 0.5257142857142857 0.5799492385786802 0.029285714285714286 0.06725888324873096
3 0.5707142857142857 0.6015228426395939 0.03 0.05964467005076142
8 0.5571428571428572 0.6446700507614214 0.055714285714285716 0.1700507614213198
8 0.6257142857142857 0.6713197969543148 0.05 0.17258883248730963
8 0.6592857142857143 0.6928934010152284 0.04357142857142857 0.15355329949238578
8 0.7671428571428571 0.7538071065989848 0.04428571428571428 0.1598984771573604
3 0.8142857142857143 0.7106598984771574 0.029285714285714286 0.0901015228426396
3 0.78 0.699238578680203 0.03214285714285714 0.06598984771573604
3 0.7292857142857143 0.6738578680203046 0.024285714285714285 0.07487309644670051
3 0.7028571428571428 0.6700507614213198 0.025 0.06852791878172589
3 0.6778571428571428 0.6459390862944162 0.027142857142857142 0.06598984771573604
3 0.6542857142857142 0.6383248730964467 0.022857142857142857 0.050761421319796954
3 0.6028571428571429 0.6129441624365483 0.025 0.07106598984771574
3 0.8107142857142857 0.6142131979695431 0.05857142857142857 0.05203045685279188
3 0.8171428571428572 0.583756345177665 0.04642857142857143 0.04187817258883249
3 0.8164285714285714 0.5444162436548223 0.055 0.05964467005076142
3 0.7585714285714286 0.5355329949238579 0.05785714285714286 0.046954314720812185
3 0.6557142857142857 0.5469543147208121 0.05 0.048223350253807105
3 0.6578571428571428 0.5088832487309645 0.052142857142857144 0.05456852791878172
3 0.7721428571428571 0.4936548223350254 0.04928571428571429 0.03807106598984772
3 0.7742857142857142 0.4733502538071066 0.05071428571428571 0.025380710659898477
3 0.8292857142857143 0.5152284263959391 0.047857142857142855 0.04060913705583756
3 0.8378571428571429 0.49111675126903553 0.04357142857142857 0.03680203045685279
3 0.8342857142857143 0.46446700507614214 0.04285714285714286 0.03553299492385787
3 0.8235714285714286 0.42385786802030456 0.055 0.03934010152284264
3 0.8314285714285714 0.4035532994923858 0.04928571428571429 0.027918781725888325
8 0.7664285714285715 0.3096446700507614 0.07928571428571428 0.06345177664974619
3 0.935 0.29314720812182743 0.023571428571428573 0.06598984771573604
3 0.9407142857142857 0.43274111675126903 0.02142857142857143 0.050761421319796954
3 0.9328571428571428 0.3870558375634518 0.024285714285714285 0.03934010152284264
3 0.9407142857142857 0.5088832487309645 0.024285714285714285 0.046954314720812185
3 0.9421428571428572 0.5545685279187818 0.029285714285714286 0.08248730964467005
3 0.9742857142857143 0.565989847715736 0.024285714285714285 0.09137055837563451
3 0.9385714285714286 0.6814720812182741 0.03428571428571429 0.07106598984771574
3 0.9421428571428572 0.7538071065989848 0.037142857142857144 0.09517766497461928
3 0.9878571428571429 0.7652284263959391 0.012142857142857143 0.09517766497461928
3 0.9807142857142858 0.6941624365482234 0.019285714285714285 0.05203045685279188
8 0.435 0.8895939086294417 0.06571428571428571 0.10532994923857868
8 0.7942857142857143 0.20558375634517767 0.07142857142857142 0.04949238578680203
8 0.7821428571428571 0.2512690355329949 0.06714285714285714 0.04568527918781726
8 0.7785714285714286 0.2906091370558376 0.06285714285714286 0.05456852791878172
8 0.8257142857142857 0.19923857868020303 0.05785714285714286 0.05964467005076142
3 0.4757142857142857 0.2233502538071066 0.016428571428571428 0.03934010152284264
3 0.44857142857142857 0.23096446700507614 0.017857142857142856 0.03934010152284264
3 0.5585714285714286 0.36421319796954316 0.020714285714285713 0.05203045685279188
3 0.5807142857142857 0.32741116751269034 0.02 0.05583756345177665
3 0.6371428571428571 0.3464467005076142 0.02142857142857143 0.04568527918781726
3 0.7728571428571429 0.39720812182741116 0.037142857142857144 0.024111675126903553
3 0.8021428571428572 0.3680203045685279 0.037142857142857144 0.030456852791878174
3 0.7871428571428571 0.41751269035532995 0.03357142857142857 0.027918781725888325
3 0.78 0.4416243654822335 0.04071428571428572 0.02918781725888325
3 0.9871428571428571 0.399746192893401 0.012857142857142857 0.046954314720812185
3 0.002142857142857143 0.800761421319797 0.041428571428571426 0.09771573604060914
3 0.4471428571428571 0.0012690355329949238 0.02142857142857143 0.0266497461928934
3 0.5221428571428571 0.49746192893401014 0.047142857142857146 0.046954314720812185
3 0.5278571428571428 0.4720812182741117 0.04285714285714286 0.03934010152284264
3 0.5557142857142857 0.26649746192893403 0.022857142857142857 0.03807106598984772
3 0.435 0.17385786802030456 0.03428571428571429 0.03934010152284264
3 0.41928571428571426 0.1916243654822335 0.02857142857142857 0.030456852791878174
3 0.4064285714285714 0.2131979695431472 0.032857142857142856 0.025380710659898477
3 0.3742857142857143 0.2614213197969543 0.030714285714285715 0.04314720812182741
3 0.3821428571428571 0.24746192893401014 0.029285714285714286 0.04187817258883249
3 0.3921428571428571 0.23096446700507614 0.03571428571428571 0.03553299492385787
