3 0.6128571428571429 0.05714285714285714 0.011428571428571429 0.030476190476190476
3 0.3485714285714286 0.6685714285714286 0.017857142857142856 0.02761904761904762
3 0.37214285714285716 0.6476190476190476 0.02 0.02666666666666667
3 0.38 0.5485714285714286 0.020714285714285713 0.021904761904761906
3 0.41285714285714287 0.5419047619047619 0.017857142857142856 0.023809523809523808
3 0.7342857142857143 0.4142857142857143 0.022857142857142857 0.014285714285714285
3 0.7935714285714286 0.7266666666666667 0.025714285714285714 0.01619047619047619
3 0.8414285714285714 0.7228571428571429 0.017857142857142856 0.02095238095238095
3 0.88 0.7638095238095238 0.02214285714285714 0.01904761904761905
3 0.8878571428571429 0.8238095238095238 0.02 0.02761904761904762
3 0.8985714285714286 0.799047619047619 0.02214285714285714 0.025714285714285714
3 0.9092857142857143 0.8571428571428571 0.019285714285714285 0.025714285714285714
3 0.9335714285714286 0.8342857142857143 0.02 0.02666666666666667
3 0.9757142857142858 0.8914285714285715 0.018571428571428572 0.023809523809523808
8 0.7221428571428572 0.0038095238095238095 0.027142857142857142 0.03238095238095238
3 0.44 0.8476190476190476 0.010714285714285714 0.03333333333333333
4 0.6571428571428571 0.1380952380952381 0.0064285714285714285 0.015238095238095238
1 0.6985714285714286 0.035238095238095235 0.005714285714285714 0.010476190476190476
