3 0.7807142857142857 0.900952380952381 0.07428571428571429 0.04476190476190476
8 0.84 0.7323809523809524 0.04928571428571429 0.03238095238095238
4 0.9521428571428572 0.8742857142857143 0.032857142857142856 0.022857142857142857
1 0.9592857142857143 0.8752380952380953 0.016428571428571428 0.02
2 0.9535714285714286 0.7028571428571428 0.02142857142857143 0.029523809523809525
1 0.78 0.6723809523809524 0.011428571428571429 0.022857142857142857
4 0.6792857142857143 0.679047619047619 0.017142857142857144 0.01904761904761905
4 0.48428571428571426 0.8828571428571429 0.027142857142857142 0.02
1 0.49214285714285716 0.8838095238095238 0.013571428571428571 0.017142857142857144
3 0.4328571428571429 0.7314285714285714 0.025 0.05523809523809524
3 0.4785714285714286 0.660952380952381 0.017142857142857144 0.04285714285714286
3 0.395 0.6657142857142857 0.027142857142857142 0.04380952380952381
4 0.4757142857142857 0.7066666666666667 0.009285714285714286 0.025714285714285714
1 0.47714285714285715 0.7076190476190476 0.008571428571428572 0.01619047619047619
1 0.5142857142857142 0.6904761904761905 0.0064285714285714285 0.012380952380952381
1 0.5221428571428571 0.6914285714285714 0.004285714285714286 0.010476190476190476
3 0.41714285714285715 0.5914285714285714 0.02 0.0380952380952381
4 0.44857142857142857 0.5571428571428572 0.007857142857142858 0.02
1 0.44785714285714284 0.5571428571428572 0.007857142857142858 0.012380952380952381
4 0.5185714285714286 0.5190476190476191 0.018571428571428572 0.017142857142857144
4 0.4514285714285714 0.520952380952381 0.0064285714285714285 0.013333333333333334
1 0.4521428571428571 0.5171428571428571 0.005 0.010476190476190476
1 0.46285714285714286 0.5047619047619047 0.004285714285714286 0.01619047619047619
1 0.5157142857142857 0.48 0.004285714285714286 0.014285714285714285
4 0.49214285714285716 0.4876190476190476 0.011428571428571429 0.018095238095238095
3 0.4142857142857143 0.46285714285714286 0.012857142857142857 0.024761904761904763
4 0.4114285714285714 0.44 0.011428571428571429 0.013333333333333334
3 0.42428571428571427 0.4266666666666667 0.013571428571428571 0.025714285714285714
8 0.4492857142857143 0.35619047619047617 0.009285714285714286 0.02
3 0.41214285714285714 0.3742857142857143 0.011428571428571429 0.015238095238095238
3 0.41214285714285714 0.35904761904761906 0.011428571428571429 0.01619047619047619
3 0.41214285714285714 0.3295238095238095 0.01 0.01904761904761905
8 0.44285714285714284 0.31047619047619046 0.008571428571428572 0.015238095238095238
3 0.44142857142857145 0.3028571428571429 0.008571428571428572 0.011428571428571429
3 0.44 0.2857142857142857 0.010714285714285714 0.015238095238095238
3 0.41214285714285714 0.2876190476190476 0.008571428571428572 0.014285714285714285
3 0.4107142857142857 0.2752380952380952 0.008571428571428572 0.011428571428571429
8 0.4342857142857143 0.26285714285714284 0.007857142857142858 0.017142857142857144
3 0.4357142857142857 0.25333333333333335 0.009285714285714286 0.014285714285714285
3 0.4357142857142857 0.24476190476190476 0.007857142857142858 0.011428571428571429
8 0.4107142857142857 0.25047619047619046 0.01 0.021904761904761906
3 0.4342857142857143 0.23142857142857143 0.0064285714285714285 0.011428571428571429
3 0.4342857142857143 0.2276190476190476 0.007142857142857143 0.007619047619047619
3 0.43214285714285716 0.21047619047619048 0.007142857142857143 0.010476190476190476
3 0.43214285714285716 0.20666666666666667 0.007142857142857143 0.006666666666666667
3 0.44642857142857145 0.19428571428571428 0.007142857142857143 0.008571428571428572
3 0.40714285714285714 0.13238095238095238 0.008571428571428572 0.006666666666666667
3 0.435 0.14857142857142858 0.01 0.007619047619047619
3 0.30642857142857144 0.719047619047619 0.03571428571428571 0.029523809523809525
4 0.32142857142857145 0.6952380952380952 0.016428571428571428 0.018095238095238095
1 0.3221428571428571 0.6961904761904761 0.0064285714285714285 0.012380952380952381
4 0.34214285714285714 0.7019047619047619 0.007142857142857143 0.018095238095238095
1 0.30714285714285716 0.6438095238095238 0.005714285714285714 0.017142857142857144
8 0.24214285714285713 0.6780952380952381 0.055 0.045714285714285714
4 0.16642857142857143 0.6942857142857143 0.016428571428571428 0.012380952380952381
1 0.17785714285714285 0.6942857142857143 0.007142857142857143 0.014285714285714285
4 0.08857142857142856 0.7704761904761904 0.02142857142857143 0.01619047619047619
1 0.09285714285714286 0.7685714285714286 0.008571428571428572 0.015238095238095238
1 0.09928571428571428 0.7685714285714286 0.007142857142857143 0.015238095238095238
3 0.07571428571428572 0.7390476190476191 0.05357142857142857 0.03238095238095238
3 0.10357142857142858 0.679047619047619 0.04357142857142857 0.029523809523809525
3 0.025714285714285714 0.68 0.03428571428571429 0.02857142857142857
3 0.002142857142857143 0.6057142857142858 0.024285714285714285 0.035238095238095235
3 0.0 0.7504761904761905 0.035 0.03333333333333333
4 0.032857142857142856 0.7838095238095238 0.02214285714285714 0.015238095238095238
1 0.039285714285714285 0.78 0.010714285714285714 0.017142857142857144
3 0.22 0.3476190476190476 0.025714285714285714 0.013333333333333334
3 0.3107142857142857 0.3057142857142857 0.008571428571428572 0.011428571428571429
3 0.295 0.2723809523809524 0.011428571428571429 0.013333333333333334
3 0.30428571428571427 0.2523809523809524 0.009285714285714286 0.011428571428571429
3 0.30642857142857144 0.24476190476190476 0.009285714285714286 0.010476190476190476
3 0.3157142857142857 0.21619047619047618 0.01 0.010476190476190476
