1 0.5185714285714286 0.7942857142857143 0.025714285714285714 0.06666666666666667
1 0.565 0.839047619047619 0.015714285714285715 0.037142857142857144
1 0.5642857142857143 0.7838095238095238 0.02214285714285714 0.047619047619047616
1 0.5471428571428572 0.68 0.025 0.05047619047619047
1 0.815 0.44666666666666666 0.03 0.06095238095238095
1 0.6742857142857143 0.5190476190476191 0.02 0.06095238095238095
1 0.6271428571428571 0.4961904761904762 0.015 0.04857142857142857
1 0.7264285714285714 0.35428571428571426 0.02214285714285714 0.06095238095238095
1 0.7342857142857143 0.3380952380952381 0.014285714285714285 0.03428571428571429
1 0.7421428571428571 0.15333333333333332 0.012857142857142857 0.049523809523809526
1 0.9185714285714286 0.29428571428571426 0.024285714285714285 0.05047619047619047
1 0.9021428571428571 0.30666666666666664 0.017142857142857144 0.035238095238095235
1 0.5642857142857143 0.38952380952380955 0.018571428571428572 0.05523809523809524
1 0.3357142857142857 0.43047619047619046 0.018571428571428572 0.05619047619047619
1 0.34785714285714286 0.42952380952380953 0.015 0.04285714285714286
1 0.19 0.33904761904761904 0.02857142857142857 0.058095238095238096
1 0.20857142857142857 0.3419047619047619 0.02142857142857143 0.0419047619047619
1 0.21928571428571428 0.31047619047619046 0.02857142857142857 0.05238095238095238
1 0.4135714285714286 0.40190476190476193 0.022857142857142857 0.054285714285714284
1 0.4307142857142857 0.38095238095238093 0.015 0.039047619047619046
1 0.43 0.35333333333333333 0.018571428571428572 0.05619047619047619
3 0.04285714285714286 0.22476190476190477 0.09714285714285714 0.06952380952380953
3 0.4085714285714286 0.3057142857142857 0.11642857142857142 0.08857142857142856
3 0.5514285714285714 0.32857142857142857 0.10714285714285714 0.07714285714285714
3 0.58 0.11523809523809524 0.08285714285714285 0.05523809523809524
1 0.024285714285714285 0.09142857142857143 0.02 0.04380952380952381
1 0.5378571428571428 0.1 0.014285714285714285 0.04476190476190476
