1 0.4085 0.704 0.023 0.058666666666666666
1 0.3825 0.7046666666666667 0.021 0.05533333333333333
3 0.7385 0.7053333333333334 0.1065 0.2673333333333333
1 0.638 0.5733333333333334 0.022 0.054
1 0.579 0.5153333333333333 0.026 0.05533333333333333
1 0.332 0.596 0.0285 0.052
1 0.304 0.5786666666666667 0.0245 0.056666666666666664
1 0.387 0.44533333333333336 0.0175 0.048666666666666664
2 0.4075 0.5506666666666666 0.017 0.058
1 0.407 0.5393333333333333 0.0175 0.05
3 0.204 0.52 0.0945 0.17533333333333334
3 0.1775 0.38133333333333336 0.108 0.10266666666666667
3 0.176 0.3 0.086 0.068
3 0.034 0.326 0.1005 0.05533333333333333
3 0.1515 0.23133333333333334 0.0845 0.04933333333333333
2 0.389 0.22866666666666666 0.0115 0.030666666666666665
1 0.39 0.21933333333333332 0.0105 0.034666666666666665
3 0.804 0.22133333333333333 0.0835 0.048666666666666664
3 0.409 0.13066666666666665 0.027 0.04666666666666667
3 0.3665 0.12733333333333333 0.028 0.04133333333333333
1 0.463 0.08933333333333333 0.0105 0.028666666666666667
2 0.4415 0.07866666666666666 0.007 0.018
1 0.442 0.06933333333333333 0.0055 0.02266666666666667
1 0.3975 0.11266666666666666 0.007 0.03
1 0.3935 0.12 0.0075 0.022
3 0.433 0.028 0.0185 0.024
1 0.4265 0.027333333333333334 0.0065 0.024666666666666667
3 0.4205 0.0 0.0165 0.017333333333333333
