3 0.4278571428571429 0.8647619047619047 0.019285714285714285 0.03142857142857143
3 0.3892857142857143 0.7857142857142857 0.016428571428571428 0.02857142857142857
3 0.29714285714285715 0.7104761904761905 0.012857142857142857 0.018095238095238095
3 0.42714285714285716 0.7066666666666667 0.020714285714285713 0.015238095238095238
3 0.3992857142857143 0.6752380952380952 0.009285714285714286 0.014285714285714285
3 0.3842857142857143 0.6752380952380952 0.007857142857142858 0.01619047619047619
3 0.36714285714285716 0.6571428571428571 0.010714285714285714 0.01904761904761905
3 0.36142857142857143 0.6066666666666667 0.0064285714285714285 0.009523809523809525
3 0.3807142857142857 0.6238095238095238 0.007857142857142858 0.011428571428571429
3 0.3985714285714286 0.6076190476190476 0.0064285714285714285 0.009523809523809525
3 0.41285714285714287 0.6114285714285714 0.0064285714285714285 0.009523809523809525
3 0.3871428571428571 0.599047619047619 0.007142857142857143 0.009523809523809525
3 0.36428571428571427 0.5742857142857143 0.005714285714285714 0.008571428571428572
3 0.37285714285714283 0.5638095238095238 0.005 0.005714285714285714
3 0.3707142857142857 0.5571428571428572 0.005 0.008571428571428572
3 0.39357142857142857 0.5666666666666667 0.005714285714285714 0.007619047619047619
3 0.39571428571428574 0.56 0.005 0.006666666666666667
3 0.4057142857142857 0.559047619047619 0.004285714285714286 0.005714285714285714
3 0.40714285714285714 0.5485714285714286 0.0035714285714285713 0.006666666666666667
3 0.3985714285714286 0.5476190476190477 0.004285714285714286 0.004761904761904762
3 0.37785714285714284 0.5447619047619048 0.004285714285714286 0.005714285714285714
3 0.4185714285714286 0.5447619047619048 0.005 0.004761904761904762
3 0.40785714285714286 0.5419047619047619 0.004285714285714286 0.004761904761904762
3 0.40285714285714286 0.5342857142857143 0.002857142857142857 0.004761904761904762
8 0.4085714285714286 0.5314285714285715 0.005714285714285714 0.008571428571428572
3 0.405 0.5285714285714286 0.002857142857142857 0.0038095238095238095
3 0.4092857142857143 0.5238095238095238 0.0035714285714285713 0.004761904761904762
3 0.4035714285714286 0.520952380952381 0.0035714285714285713 0.0038095238095238095
3 0.39 0.5257142857142857 0.0035714285714285713 0.0038095238095238095
3 0.39571428571428574 0.5085714285714286 0.002857142857142857 0.0038095238095238095
3 0.3892857142857143 0.5047619047619047 0.002857142857142857 0.002857142857142857
3 0.39 0.5019047619047619 0.002857142857142857 0.002857142857142857
3 0.7757142857142857 0.5485714285714286 0.011428571428571429 0.005714285714285714
