4 0.675 0.03619047619047619 0.010714285714285714 0.013333333333333334
4 0.6821428571428572 0.049523809523809526 0.012857142857142857 0.007619047619047619
4 0.6807142857142857 0.07904761904761905 0.01 0.015238095238095238
4 0.6814285714285714 0.10095238095238095 0.011428571428571429 0.02
4 0.6828571428571428 0.12380952380952381 0.014285714285714285 0.010476190476190476
4 0.6864285714285714 0.13142857142857142 0.012142857142857143 0.018095238095238095
4 0.6871428571428572 0.1676190476190476 0.014285714285714285 0.01619047619047619
4 0.6885714285714286 0.18 0.014285714285714285 0.01619047619047619
4 0.6257142857142857 0.07904761904761905 0.016428571428571428 0.010476190476190476
4 0.6264285714285714 0.06571428571428571 0.015 0.010476190476190476
4 0.6271428571428571 0.05619047619047619 0.014285714285714285 0.009523809523809525
4 0.6271428571428571 0.04857142857142857 0.014285714285714285 0.009523809523809525
4 0.6271428571428571 0.037142857142857144 0.012857142857142857 0.011428571428571429
4 0.6264285714285714 0.029523809523809525 0.014285714285714285 0.008571428571428572
4 0.6278571428571429 0.024761904761904763 0.012142857142857143 0.007619047619047619
4 0.6278571428571429 0.013333333333333334 0.012857142857142857 0.010476190476190476
3 0.6085714285714285 0.0980952380952381 0.03428571428571429 0.02666666666666667
3 0.6092857142857143 0.12476190476190477 0.03142857142857143 0.022857142857142857
3 0.6057142857142858 0.14095238095238094 0.03428571428571429 0.022857142857142857
3 0.6078571428571429 0.16380952380952382 0.03571428571428571 0.024761904761904763
3 0.605 0.21428571428571427 0.037142857142857144 0.025714285714285714
3 0.6028571428571429 0.23904761904761904 0.04285714285714286 0.022857142857142857
3 0.605 0.2619047619047619 0.039285714285714285 0.025714285714285714
3 0.6085714285714285 0.2895238095238095 0.04214285714285714 0.023809523809523808
8 0.6014285714285714 0.30857142857142855 0.045714285714285714 0.02761904761904762
4 0.7792857142857142 0.26476190476190475 0.015 0.011428571428571429
4 0.8907142857142857 0.2714285714285714 0.017857142857142856 0.013333333333333334
4 0.9764285714285714 0.27714285714285714 0.008571428571428572 0.021904761904761906
4 0.985 0.27904761904761904 0.007142857142857143 0.021904761904761906
4 0.7071428571428572 0.5228571428571429 0.018571428571428572 0.011428571428571429
4 0.71 0.5561904761904762 0.019285714285714285 0.012380952380952381
4 0.7142857142857143 0.6533333333333333 0.018571428571428572 0.011428571428571429
4 0.6957142857142857 0.659047619047619 0.019285714285714285 0.014285714285714285
4 0.7071428571428572 0.6780952380952381 0.020714285714285713 0.014285714285714285
1 0.48928571428571427 0.4819047619047619 0.008571428571428572 0.006666666666666667
4 0.48928571428571427 0.47333333333333333 0.008571428571428572 0.022857142857142857
4 0.5892857142857143 0.44857142857142857 0.007142857142857143 0.022857142857142857
4 0.5742857142857143 0.44476190476190475 0.007142857142857143 0.02095238095238095
4 0.5621428571428572 0.44952380952380955 0.0064285714285714285 0.022857142857142857
4 0.5492857142857143 0.44666666666666666 0.008571428571428572 0.021904761904761906
4 0.5378571428571428 0.44857142857142857 0.007142857142857143 0.01904761904761905
4 0.5264285714285715 0.44476190476190475 0.005714285714285714 0.02095238095238095
4 0.5157142857142857 0.44761904761904764 0.005714285714285714 0.021904761904761906
4 0.4835714285714286 0.44476190476190475 0.007142857142857143 0.02095238095238095
4 0.47214285714285714 0.44285714285714284 0.0064285714285714285 0.01904761904761905
4 0.45714285714285713 0.44476190476190475 0.009285714285714286 0.02
4 0.455 0.41904761904761906 0.007857142857142858 0.021904761904761906
4 0.4657142857142857 0.41714285714285715 0.007142857142857143 0.022857142857142857
4 0.4742857142857143 0.41904761904761906 0.007142857142857143 0.02095238095238095
4 0.4857142857142857 0.4180952380952381 0.0064285714285714285 0.022857142857142857
4 0.495 0.42 0.0064285714285714285 0.023809523809523808
4 0.5035714285714286 0.41714285714285715 0.007142857142857143 0.023809523809523808
4 0.5157142857142857 0.41904761904761906 0.007142857142857143 0.022857142857142857
4 0.525 0.4180952380952381 0.007142857142857143 0.02666666666666667
4 0.5342857142857143 0.41904761904761906 0.007142857142857143 0.02666666666666667
2 0.5085714285714286 0.44285714285714284 0.0064285714285714285 0.021904761904761906
2 0.25785714285714284 0.42952380952380953 0.0064285714285714285 0.01904761904761905
4 0.2885714285714286 0.3933333333333333 0.007857142857142858 0.029523809523809525
4 0.27071428571428574 0.3952380952380952 0.008571428571428572 0.024761904761904763
4 0.26142857142857145 0.40095238095238095 0.007857142857142858 0.023809523809523808
4 0.24928571428571428 0.3952380952380952 0.009285714285714286 0.022857142857142857
4 0.24571428571428572 0.4247619047619048 0.008571428571428572 0.023809523809523808
4 0.23214285714285715 0.3923809523809524 0.007857142857142858 0.02666666666666667
4 0.2292857142857143 0.42 0.009285714285714286 0.024761904761904763
4 0.20857142857142857 0.42 0.011428571428571429 0.024761904761904763
4 0.19714285714285715 0.3952380952380952 0.017142857142857144 0.021904761904761906
4 0.18928571428571428 0.42 0.01 0.023809523809523808
4 0.1957142857142857 0.42095238095238097 0.01 0.025714285714285714
4 0.17642857142857143 0.41714285714285715 0.010714285714285714 0.022857142857142857
1 0.22357142857142856 0.3485714285714286 0.008571428571428572 0.01619047619047619
1 0.23142857142857143 0.3361904761904762 0.008571428571428572 0.014285714285714285
1 0.14214285714285715 0.37142857142857144 0.008571428571428572 0.017142857142857144
4 0.10857142857142857 0.26666666666666666 0.01 0.017142857142857144
4 0.09714285714285714 0.2638095238095238 0.007142857142857143 0.01904761904761905
4 0.09214285714285714 0.4104761904761905 0.017857142857142856 0.011428571428571429
4 0.08714285714285715 0.4247619047619048 0.019285714285714285 0.010476190476190476
4 0.08 0.44761904761904764 0.02 0.01904761904761905
4 0.07571428571428572 0.4676190476190476 0.02142857142857143 0.010476190476190476
4 0.075 0.47619047619047616 0.02 0.011428571428571429
4 0.07285714285714286 0.48857142857142855 0.016428571428571428 0.008571428571428572
4 0.07285714285714286 0.49523809523809526 0.018571428571428572 0.010476190476190476
4 0.06857142857142857 0.5066666666666667 0.018571428571428572 0.009523809523809525
4 0.06785714285714285 0.5161904761904762 0.020714285714285713 0.014285714285714285
4 0.062142857142857146 0.5780952380952381 0.01 0.022857142857142857
4 0.05142857142857143 0.5752380952380952 0.010714285714285714 0.024761904761904763
4 0.047142857142857146 0.6047619047619047 0.018571428571428572 0.009523809523809525
4 0.04285714285714286 0.6142857142857143 0.019285714285714285 0.011428571428571429
4 0.015714285714285715 0.6466666666666666 0.020714285714285713 0.01619047619047619
3 0.17642857142857143 0.28 0.041428571428571426 0.025714285714285714
3 0.1742857142857143 0.30952380952380953 0.04071428571428572 0.02666666666666667
8 0.11 0.49714285714285716 0.03214285714285714 0.06380952380952382
3 0.18571428571428572 0.5123809523809524 0.02857142857142857 0.05904761904761905
3 0.15 0.5714285714285714 0.029285714285714286 0.06571428571428571
3 0.12428571428571429 0.5742857142857143 0.027857142857142858 0.058095238095238096
3 0.23857142857142857 0.520952380952381 0.024285714285714285 0.058095238095238096
3 0.25285714285714284 0.5780952380952381 0.027857142857142858 0.06095238095238095
3 0.2835714285714286 0.5771428571428572 0.022857142857142857 0.06190476190476191
3 0.31 0.580952380952381 0.024285714285714285 0.06285714285714286
8 0.31642857142857145 0.4819047619047619 0.03142857142857143 0.09047619047619047
3 0.24142857142857144 0.7133333333333334 0.04928571428571429 0.029523809523809525
3 0.235 0.7495238095238095 0.05357142857142857 0.03142857142857143
3 0.2307142857142857 0.7885714285714286 0.05285714285714286 0.02761904761904762
3 0.2292857142857143 0.8304761904761905 0.05071428571428571 0.03333333333333333
3 0.21571428571428572 0.8723809523809524 0.05785714285714286 0.03238095238095238
3 0.21571428571428572 0.92 0.054285714285714284 0.03428571428571429
3 0.20285714285714285 0.9704761904761905 0.06357142857142857 0.029523809523809525
3 0.45071428571428573 0.9314285714285714 0.054285714285714284 0.03238095238095238
3 0.45071428571428573 0.8904761904761904 0.055714285714285716 0.030476190476190476
3 0.45 0.8476190476190476 0.05357142857142857 0.03333333333333333
3 0.45571428571428574 0.8095238095238095 0.052142857142857144 0.030476190476190476
3 0.4592857142857143 0.7676190476190476 0.05142857142857143 0.03333333333333333
3 0.4685714285714286 0.7323809523809524 0.047142857142857146 0.030476190476190476
3 0.4514285714285714 0.5342857142857143 0.017857142857142856 0.05523809523809524
3 0.445 0.5980952380952381 0.02 0.05619047619047619
3 0.4714285714285714 0.5933333333333334 0.020714285714285713 0.06095238095238095
3 0.5021428571428571 0.5352380952380953 0.017142857142857144 0.05238095238095238
3 0.525 0.54 0.02 0.05333333333333334
3 0.5242857142857142 0.5961904761904762 0.018571428571428572 0.06380952380952382
3 0.55 0.599047619047619 0.018571428571428572 0.06285714285714286
3 0.5521428571428572 0.5323809523809524 0.019285714285714285 0.05904761904761905
8 0.5757142857142857 0.5371428571428571 0.019285714285714285 0.06952380952380953
3 0.6035714285714285 0.54 0.02214285714285714 0.05714285714285714
3 0.6292857142857143 0.5419047619047619 0.019285714285714285 0.06476190476190476
3 0.6292857142857143 0.6133333333333333 0.022857142857142857 0.06761904761904762
4 0.6214285714285714 0.4542857142857143 0.0064285714285714285 0.021904761904761906
4 0.635 0.4542857142857143 0.0064285714285714285 0.022857142857142857
4 0.6464285714285715 0.45714285714285713 0.007857142857142858 0.023809523809523808
8 0.9385714285714286 0.5580952380952381 0.029285714285714286 0.06666666666666667
3 0.96 0.5542857142857143 0.03142857142857143 0.06476190476190476
