8 0.05071428571428571 0.8616751269035533 0.1757142857142857 0.13324873096446702
8 0.15214285714285714 0.6890862944162437 0.08 0.05583756345177665
3 0.42642857142857143 0.7170050761421319 0.02214285714285714 0.06598984771573604
3 0.4521428571428571 0.7258883248730964 0.020714285714285713 0.06218274111675127
3 0.4942857142857143 0.6979695431472082 0.039285714285714285 0.08375634517766498
3 0.5207142857142857 0.6865482233502538 0.03142857142857143 0.07106598984771574
3 0.5392857142857143 0.666243654822335 0.032857142857142856 0.07868020304568528
8 0.5542857142857143 0.6243654822335025 0.055714285714285716 0.12309644670050761
3 0.585 0.6294416243654822 0.03357142857142857 0.07360406091370558
3 0.5992857142857143 0.6040609137055838 0.039285714285714285 0.08248730964467005
3 0.6257142857142857 0.5964467005076142 0.029285714285714286 0.06598984771573604
3 0.6471428571428571 0.5253807106598984 0.045714285714285714 0.050761421319796954
3 0.5485714285714286 0.4581218274111675 0.045714285714285714 0.0532994923857868
3 0.47714285714285715 0.501269035532995 0.03142857142857143 0.07106598984771574
3 0.45571428571428574 0.4987309644670051 0.027857142857142858 0.05710659898477157
3 0.4342857142857143 0.48096446700507617 0.03 0.06598984771573604
3 0.41285714285714287 0.46446700507614214 0.03142857142857143 0.07106598984771574
3 0.39357142857142857 0.45685279187817257 0.02642857142857143 0.05964467005076142
6 0.4521428571428571 0.38578680203045684 0.04285714285714286 0.05583756345177665
3 0.1657142857142857 0.4936548223350254 0.04928571428571429 0.06091370558375635
3 0.1742857142857143 0.4619289340101523 0.047857142857142855 0.05203045685279188
3 0.19714285714285715 0.43274111675126903 0.045714285714285714 0.0583756345177665
3 0.21214285714285713 0.41243654822335024 0.04 0.048223350253807105
3 0.22357142857142856 0.38451776649746194 0.045 0.04949238578680203
3 0.24071428571428571 0.35279187817258884 0.03857142857142857 0.046954314720812185
3 0.2507142857142857 0.32614213197969544 0.04 0.050761421319796954
3 0.26571428571428574 0.3020304568527919 0.04 0.05203045685279188
3 0.27714285714285714 0.27284263959390864 0.03571428571428571 0.04949238578680203
