3 0.0 0.618020304568528 0.06357142857142857 0.08121827411167512
3 0.0 0.7461928934010152 0.013571428571428571 0.06725888324873096
3 0.018571428571428572 0.7233502538071066 0.03142857142857143 0.08375634517766498
3 0.05142857142857143 0.7309644670050761 0.03 0.07868020304568528
3 0.011428571428571429 0.799492385786802 0.035 0.10025380710659898
4 0.08785714285714286 0.5888324873096447 0.012857142857142857 0.04060913705583756
4 0.10214285714285715 0.5824873096446701 0.011428571428571429 0.03807106598984772
4 0.11214285714285714 0.5824873096446701 0.012142857142857143 0.03680203045685279
4 0.12357142857142857 0.5710659898477157 0.009285714285714286 0.044416243654822336
4 0.13214285714285715 0.5596446700507615 0.013571428571428571 0.03553299492385787
4 0.13428571428571429 0.5114213197969543 0.025 0.027918781725888325
4 0.13714285714285715 0.4949238578680203 0.025 0.027918781725888325
4 0.135 0.4847715736040609 0.024285714285714285 0.021573604060913704
4 0.13357142857142856 0.4619289340101523 0.024285714285714285 0.024111675126903553
3 0.12214285714285714 0.20558375634517767 0.016428571428571428 0.04187817258883249
3 0.14357142857142857 0.1967005076142132 0.015714285714285715 0.04568527918781726
4 0.17642857142857143 0.23096446700507614 0.005714285714285714 0.02284263959390863
4 0.18285714285714286 0.22588832487309646 0.007142857142857143 0.0266497461928934
4 0.2307142857142857 0.2233502538071066 0.015714285714285715 0.02030456852791878
4 0.21785714285714286 0.2182741116751269 0.017857142857142856 0.01903553299492386
3 0.2057142857142857 0.23477157360406092 0.03428571428571429 0.03426395939086294
3 0.2092857142857143 0.24746192893401014 0.03785714285714286 0.03553299492385787
3 0.21285714285714286 0.26776649746192893 0.03142857142857143 0.02918781725888325
1 0.24642857142857144 0.26903553299492383 0.007857142857142858 0.021573604060913704
4 0.15142857142857144 0.31725888324873097 0.020714285714285713 0.02284263959390863
4 0.15285714285714286 0.32741116751269034 0.019285714285714285 0.01903553299492386
3 0.14142857142857143 0.3413705583756345 0.03357142857142857 0.027918781725888325
3 0.18857142857142858 0.4200507614213198 0.02642857142857143 0.050761421319796954
3 0.21785714285714286 0.3362944162436548 0.02 0.03553299492385787
3 0.21214285714285713 0.2982233502538071 0.018571428571428572 0.03680203045685279
4 0.2621428571428571 0.2766497461928934 0.015714285714285715 0.01903553299492386
1 0.11714285714285715 0.08883248730964467 0.005 0.013959390862944163
1 0.12928571428571428 0.08629441624365482 0.004285714285714286 0.01649746192893401
1 0.13285714285714287 0.08883248730964467 0.0035714285714285713 0.013959390862944163
1 0.17857142857142858 0.116751269035533 0.004285714285714286 0.013959390862944163
1 0.19642857142857142 0.1116751269035533 0.005 0.012690355329949238
1 0.21071428571428572 0.09517766497461928 0.0035714285714285713 0.024111675126903553
1 0.21071428571428572 0.08375634517766498 0.004285714285714286 0.01649746192893401
1 0.215 0.05710659898477157 0.0035714285714285713 0.012690355329949238
1 0.21642857142857144 0.05583756345177665 0.0035714285714285713 0.013959390862944163
1 0.24142857142857144 0.08375634517766498 0.0035714285714285713 0.01649746192893401
1 0.3221428571428571 0.07487309644670051 0.002857142857142857 0.011421319796954314
1 0.325 0.06979695431472081 0.002857142857142857 0.017766497461928935
1 0.3271428571428571 0.0850253807106599 0.002857142857142857 0.012690355329949238
1 0.3335714285714286 0.1700507614213198 0.0035714285714285713 0.02030456852791878
1 0.3342857142857143 0.2550761421319797 0.004285714285714286 0.021573604060913704
1 0.3514285714285714 0.33756345177664976 0.005 0.02284263959390863
1 0.36214285714285716 0.3477157360406091 0.0035714285714285713 0.02030456852791878
1 0.36642857142857144 0.3464467005076142 0.004285714285714286 0.02030456852791878
1 0.3607142857142857 0.3895939086294416 0.004285714285714286 0.02030456852791878
1 0.35642857142857143 0.48350253807106597 0.005714285714285714 0.017766497461928935
1 0.35428571428571426 0.4936548223350254 0.005714285714285714 0.011421319796954314
1 0.36857142857142855 0.5368020304568528 0.005 0.02284263959390863
1 0.3628571428571429 0.5888324873096447 0.005 0.024111675126903553
1 0.3507142857142857 0.6522842639593909 0.004285714285714286 0.021573604060913704
1 0.3142857142857143 0.7804568527918782 0.007857142857142858 0.030456852791878174
1 0.32357142857142857 0.8515228426395939 0.004285714285714286 0.01903553299492386
1 0.3271428571428571 0.8350253807106599 0.0064285714285714285 0.02030456852791878
1 0.3342857142857143 0.8312182741116751 0.0064285714285714285 0.02030456852791878
3 0.5571428571428572 0.8413705583756346 0.022857142857142857 0.0901015228426396
1 0.6064285714285714 0.5609137055837563 0.005 0.02284263959390863
3 0.5421428571428571 0.6573604060913706 0.02 0.06725888324873096
1 0.5942857142857143 0.3883248730964467 0.004285714285714286 0.02030456852791878
3 0.5357142857142857 0.5571065989847716 0.019285714285714285 0.05964467005076142
3 0.5685714285714286 0.5456852791878173 0.018571428571428572 0.05583756345177665
3 0.5707142857142857 0.48350253807106597 0.017142857142857144 0.05203045685279188
3 0.5721428571428572 0.4022842639593909 0.017142857142857144 0.05964467005076142
3 0.5607142857142857 0.3477157360406091 0.020714285714285713 0.050761421319796954
1 0.5785714285714286 0.35786802030456855 0.005714285714285714 0.025380710659898477
3 0.5428571428571428 0.3096446700507614 0.023571428571428573 0.03934010152284264
3 0.5164285714285715 0.22461928934010153 0.03 0.03553299492385787
1 0.5471428571428572 0.20431472081218274 0.005714285714285714 0.01903553299492386
8 0.5028571428571429 0.1713197969543147 0.020714285714285713 0.05456852791878172
8 0.485 0.12309644670050761 0.024285714285714285 0.05203045685279188
