6 0.6985714285714286 0.5038071065989848 0.18785714285714286 0.20050761421319796
3 0.82 0.6967005076142132 0.08214285714285714 0.09263959390862944
3 0.3264285714285714 0.37055837563451777 0.07285714285714286 0.0799492385786802
3 0.5121428571428571 0.7766497461928934 0.04071428571428572 0.11928934010152284
3 0.5778571428571428 0.8236040609137056 0.052142857142857144 0.14086294416243655
3 0.10857142857142857 0.35152284263959394 0.05142857142857143 0.10406091370558376
3 0.21357142857142858 0.22461928934010153 0.062142857142857146 0.07360406091370558
3 0.31357142857142856 0.2436548223350254 0.04214285714285714 0.09771573604060914
3 0.07857142857142857 0.19289340101522842 0.05928571428571429 0.07360406091370558
3 0.041428571428571426 0.2868020304568528 0.06928571428571428 0.08121827411167512
3 0.4392857142857143 0.25 0.05714285714285714 0.06979695431472081
3 0.4521428571428571 0.20304568527918782 0.05357142857142857 0.06598984771573604
3 0.4542857142857143 0.10786802030456853 0.045714285714285714 0.09898477157360407
3 0.4835714285714286 0.13705583756345177 0.037142857142857144 0.08756345177664974
3 0.43 0.09263959390862944 0.041428571428571426 0.09137055837563451
3 0.2985714285714286 0.13071065989847716 0.04214285714285714 0.07868020304568528
3 0.27214285714285713 0.10786802030456853 0.04357142857142857 0.08248730964467005
3 0.6014285714285714 0.27918781725888325 0.06285714285714286 0.06345177664974619
3 0.6021428571428571 0.23857868020304568 0.06 0.0583756345177665
3 0.5814285714285714 0.18527918781725888 0.07428571428571429 0.07360406091370558
3 0.5792857142857143 0.14974619289340102 0.060714285714285714 0.06345177664974619
3 0.5607142857142857 0.1116751269035533 0.06571428571428571 0.05964467005076142
3 0.5392857142857143 0.031725888324873094 0.060714285714285714 0.06472081218274112
3 0.5307142857142857 0.0038071065989847717 0.05714285714285714 0.050761421319796954
3 0.52 0.0 0.055 0.025380710659898477
3 0.37285714285714283 0.0 0.04214285714285714 0.07360406091370558
3 0.3464285714285714 0.0 0.03357142857142857 0.05964467005076142
3 0.32142857142857145 0.0 0.03214285714285714 0.048223350253807105
3 0.29642857142857143 0.0 0.025 0.04314720812182741
3 0.0 0.25380710659898476 0.047857142857142855 0.06472081218274112
3 0.6942857142857143 0.8895939086294417 0.04857142857142857 0.10913705583756345
1 0.6242857142857143 0.7474619289340102 0.013571428571428571 0.0266497461928934
1 0.6378571428571429 0.7461928934010152 0.007857142857142858 0.027918781725888325
6 0.8078571428571428 0.4149746192893401 0.12785714285714286 0.1116751269035533
1 0.6142857142857143 0.4200507614213198 0.014285714285714285 0.02918781725888325
1 0.5892857142857143 0.4137055837563452 0.009285714285714286 0.031725888324873094
1 0.5964285714285714 0.4035532994923858 0.007857142857142858 0.025380710659898477
1 0.5942857142857143 0.3895939086294416 0.007857142857142858 0.0266497461928934
1 0.36642857142857144 0.2614213197969543 0.01 0.02918781725888325
1 0.35928571428571426 0.25253807106598986 0.008571428571428572 0.025380710659898477
1 0.35928571428571426 0.24238578680203046 0.007142857142857143 0.01903553299492386
1 0.35428571428571426 0.24111675126903553 0.0064285714285714285 0.0266497461928934
