3 0.4207142857142857 0.9035532994923858 0.03857142857142857 0.0850253807106599
3 0.4492857142857143 0.6192893401015228 0.02 0.07106598984771574
3 0.4664285714285714 0.501269035532995 0.02214285714285714 0.06725888324873096
3 0.4735714285714286 0.25761421319796957 0.016428571428571428 0.04949238578680203
3 0.4828571428571429 0.1967005076142132 0.013571428571428571 0.04568527918781726
3 0.4878571428571429 0.12690355329949238 0.012142857142857143 0.04314720812182741
3 0.4957142857142857 0.0 0.013571428571428571 0.03426395939086294
8 0.46714285714285714 0.350253807106599 0.019285714285714285 0.09263959390862944
3 0.4642857142857143 0.44923857868020306 0.017142857142857144 0.06091370558375635
3 0.4328571428571429 0.7931472081218274 0.022857142857142857 0.08756345177664974
1 0.41 0.9352791878172588 0.0064285714285714285 0.021573604060913704
1 0.4042857142857143 0.9352791878172588 0.0064285714285714285 0.02030456852791878
