1 0.29642857142857143 0.9796954314720813 0.0035714285714285713 0.012690355329949238
1 0.3007142857142857 0.9796954314720813 0.0035714285714285713 0.006345177664974619
1 0.47714285714285715 0.3769035532994924 0.0035714285714285713 0.012690355329949238
1 0.46214285714285713 0.39593908629441626 0.004285714285714286 0.012690355329949238
1 0.4592857142857143 0.4098984771573604 0.0035714285714285713 0.012690355329949238
1 0.3607142857142857 0.46446700507614214 0.004285714285714286 0.013959390862944163
1 0.3657142857142857 0.4784263959390863 0.005 0.011421319796954314
1 0.3442857142857143 0.5228426395939086 0.005714285714285714 0.013959390862944163
1 0.44357142857142856 0.4530456852791878 0.002142857142857143 0.013959390862944163
1 0.4957142857142857 0.3769035532994924 0.0035714285714285713 0.015228426395939087
1 0.46 0.4619289340101523 0.005 0.013959390862944163
1 0.45 0.4682741116751269 0.0064285714285714285 0.011421319796954314
1 0.5292857142857142 0.47588832487309646 0.005 0.01015228426395939
1 0.5057142857142857 0.38578680203045684 0.002857142857142857 0.011421319796954314
1 0.5 0.38071065989847713 0.005 0.013959390862944163
1 0.38285714285714284 0.5152284263959391 0.002857142857142857 0.008883248730964468
1 0.37857142857142856 0.5215736040609137 0.0035714285714285713 0.008883248730964468
1 0.3692857142857143 0.5126903553299492 0.004285714285714286 0.011421319796954314
1 0.37642857142857145 0.4720812182741117 0.0035714285714285713 0.011421319796954314
1 0.36357142857142855 0.5038071065989848 0.005 0.015228426395939087
1 0.3707142857142857 0.5368020304568528 0.0064285714285714285 0.012690355329949238
1 0.5442857142857143 0.4467005076142132 0.0064285714285714285 0.011421319796954314
1 0.5385714285714286 0.4581218274111675 0.005714285714285714 0.008883248730964468
1 0.44 0.4479695431472081 0.004285714285714286 0.013959390862944163
1 0.45571428571428574 0.4631979695431472 0.004285714285714286 0.013959390862944163
1 0.3757142857142857 0.4987309644670051 0.0035714285714285713 0.01015228426395939
1 0.37285714285714283 0.49111675126903553 0.005 0.008883248730964468
1 0.36142857142857143 0.4936548223350254 0.004285714285714286 0.011421319796954314
1 0.3535714285714286 0.5355329949238579 0.004285714285714286 0.008883248730964468
1 0.35928571428571426 0.5342639593908629 0.004285714285714286 0.012690355329949238
1 0.36642857142857144 0.5393401015228426 0.005 0.011421319796954314
1 0.3507142857142857 0.5329949238578681 0.005 0.01015228426395939
1 0.46285714285714286 0.6586294416243654 0.005 0.01015228426395939
1 0.45785714285714285 0.6738578680203046 0.007857142857142858 0.008883248730964468
1 0.42214285714285715 0.6408629441624365 0.005 0.008883248730964468
1 0.4164285714285714 0.6611675126903553 0.005 0.008883248730964468
1 0.5464285714285714 0.7829949238578681 0.0064285714285714285 0.012690355329949238
1 0.46 0.9530456852791879 0.0064285714285714285 0.008883248730964468
1 0.44 0.950507614213198 0.005 0.01015228426395939
1 0.44642857142857145 0.9631979695431472 0.0064285714285714285 0.011421319796954314
1 0.5507142857142857 0.27918781725888325 0.004285714285714286 0.012690355329949238
1 0.5542857142857143 0.28045685279187815 0.0035714285714285713 0.015228426395939087
1 0.58 0.35913705583756345 0.002857142857142857 0.012690355329949238
1 0.5707142857142857 0.4365482233502538 0.004285714285714286 0.012690355329949238
1 0.5571428571428572 0.4365482233502538 0.004285714285714286 0.013959390862944163
1 0.5557142857142857 0.4746192893401015 0.005 0.008883248730964468
1 0.5735714285714286 0.5101522842639594 0.002857142857142857 0.011421319796954314
1 0.59 0.4631979695431472 0.004285714285714286 0.017766497461928935
1 0.595 0.5393401015228426 0.005714285714285714 0.012690355329949238
1 0.6042857142857143 0.4416243654822335 0.005714285714285714 0.013959390862944163
1 0.6214285714285714 0.4847715736040609 0.0035714285714285713 0.01015228426395939
6 0.8757142857142857 0.29949238578680204 0.022857142857142857 0.08121827411167512
3 0.8478571428571429 0.315989847715736 0.015 0.044416243654822336
