3 0.4828571428571429 0.8312182741116751 0.027142857142857142 0.08121827411167512
3 0.07428571428571429 0.5190355329949239 0.045714285714285714 0.04187817258883249
3 0.056428571428571425 0.4873096446700508 0.04214285714285714 0.03553299492385787
3 0.12785714285714286 0.4987309644670051 0.04357142857142857 0.03807106598984772
3 0.1792857142857143 0.5 0.04285714285714286 0.04568527918781726
3 0.23714285714285716 0.5152284263959391 0.04357142857142857 0.03934010152284264
3 0.21214285714285713 0.8743654822335025 0.03785714285714286 0.09898477157360407
3 0.14714285714285713 0.6243654822335025 0.04857142857142857 0.044416243654822336
3 0.20357142857142857 0.6383248730964467 0.04928571428571429 0.04949238578680203
6 0.16142857142857142 0.5456852791878173 0.12 0.08883248730964467
6 0.2757142857142857 0.5469543147208121 0.06785714285714285 0.07614213197969544
6 0.2885714285714286 0.49746192893401014 0.11357142857142857 0.0850253807106599
6 0.09142857142857143 0.5609137055837563 0.07071428571428572 0.06472081218274112
8 0.0 0.5380710659898477 0.05357142857142857 0.05710659898477157
3 0.010714285714285714 0.5050761421319797 0.05 0.04949238578680203
3 0.15071428571428572 0.751269035532995 0.030714285714285715 0.09137055837563451
3 0.20214285714285715 0.799492385786802 0.04214285714285714 0.09898477157360407
3 0.23642857142857143 0.7868020304568528 0.03 0.09390862944162437
3 0.26142857142857145 0.7956852791878173 0.027857142857142858 0.0799492385786802
8 0.26357142857142857 0.9187817258883249 0.10285714285714286 0.07741116751269035
8 0.12928571428571428 0.7436548223350253 0.09357142857142857 0.25253807106598986
3 0.5435714285714286 0.5215736040609137 0.03357142857142857 0.06725888324873096
3 0.525 0.3934010152284264 0.017857142857142856 0.048223350253807105
3 0.5964285714285714 0.33756345177664976 0.016428571428571428 0.044416243654822336
3 0.62 0.3362944162436548 0.017142857142857144 0.05964467005076142
3 0.5364285714285715 0.2563451776649746 0.016428571428571428 0.04314720812182741
3 0.6207142857142857 0.27918781725888325 0.016428571428571428 0.046954314720812185
3 0.5742857142857143 0.1484771573604061 0.015714285714285715 0.03807106598984772
3 0.6207142857142857 0.22208121827411167 0.015714285714285715 0.048223350253807105
3 0.56 0.08121827411167512 0.012857142857142857 0.03426395939086294
3 0.58 0.06091370558375635 0.013571428571428571 0.027918781725888325
3 0.5842857142857143 0.013959390862944163 0.014285714285714285 0.030456852791878174
1 0.3435714285714286 0.43147208121827413 0.005714285714285714 0.02030456852791878
1 0.3442857142857143 0.41751269035532995 0.0064285714285714285 0.015228426395939087
1 0.3271428571428571 0.4276649746192893 0.005 0.01649746192893401
1 0.5692857142857143 0.45558375634517767 0.005 0.024111675126903553
1 0.68 0.2918781725888325 0.0035714285714285713 0.01649746192893401
1 0.6828571428571428 0.2868020304568528 0.004285714285714286 0.025380710659898477
1 0.5114285714285715 0.1713197969543147 0.005 0.02030456852791878
1 0.515 0.20431472081218274 0.004285714285714286 0.01903553299492386
1 0.5007142857142857 0.4251269035532995 0.004285714285714286 0.02284263959390863
1 0.5021428571428571 0.4149746192893401 0.0035714285714285713 0.030456852791878174
