3 0.8907142857142857 0.5523809523809524 0.09357142857142857 0.11333333333333333
3 0.8078571428571428 0.3961904761904762 0.060714285714285714 0.06952380952380953
3 0.7478571428571429 0.41523809523809524 0.05928571428571429 0.08285714285714285
1 0.9414285714285714 0.4123809523809524 0.02142857142857143 0.0419047619047619
1 0.76 0.2780952380952381 0.009285714285714286 0.022857142857142857
4 0.7585714285714286 0.2857142857142857 0.011428571428571429 0.021904761904761906
3 0.7164285714285714 0.15333333333333332 0.03857142857142857 0.02761904761904762
1 0.6492857142857142 0.10571428571428572 0.004285714285714286 0.015238095238095238
3 0.6057142857142858 0.20285714285714285 0.03571428571428571 0.058095238095238096
3 0.675 0.12380952380952381 0.03785714285714286 0.02
3 0.6707142857142857 0.1180952380952381 0.035 0.01904761904761905
3 0.6521428571428571 0.10476190476190476 0.012142857142857143 0.014285714285714285
3 0.6414285714285715 0.09428571428571429 0.012142857142857143 0.014285714285714285
3 0.6328571428571429 0.08571428571428572 0.014285714285714285 0.013333333333333334
3 0.5664285714285714 0.03619047619047619 0.008571428571428572 0.008571428571428572
1 0.5921428571428572 0.06095238095238095 0.0035714285714285713 0.013333333333333334
1 0.5871428571428572 0.06095238095238095 0.005 0.012380952380952381
1 0.575 0.05047619047619047 0.005 0.014285714285714285
3 0.6 0.7323809523809524 0.09285714285714286 0.18095238095238095
3 0.5792857142857143 0.5742857142857143 0.06928571428571428 0.12571428571428572
3 0.5642857142857143 0.4847619047619048 0.04928571428571429 0.07714285714285714
3 0.5528571428571428 0.4085714285714286 0.04857142857142857 0.07238095238095238
3 0.30714285714285716 0.8695238095238095 0.1692857142857143 0.11619047619047619
3 0.31 0.7733333333333333 0.15571428571428572 0.09333333333333334
4 0.3028571428571429 0.6952380952380952 0.02142857142857143 0.06666666666666667
3 0.3271428571428571 0.700952380952381 0.14142857142857143 0.07904761904761905
3 0.3435714285714286 0.6352380952380953 0.11571428571428571 0.08095238095238096
3 0.35642857142857143 0.5819047619047619 0.11714285714285715 0.06952380952380953
3 0.36642857142857144 0.5428571428571428 0.11285714285714285 0.05619047619047619
3 0.3657142857142857 0.4990476190476191 0.10428571428571429 0.054285714285714284
1 0.49357142857142855 0.5857142857142857 0.016428571428571428 0.05142857142857143
3 0.3914285714285714 0.4257142857142857 0.08785714285714286 0.05523809523809524
3 0.39785714285714285 0.39714285714285713 0.08 0.049523809523809526
1 0.5414285714285715 0.35619047619047617 0.013571428571428571 0.04285714285714286
4 0.39357142857142857 0.34476190476190477 0.010714285714285714 0.029523809523809525
4 0.37642857142857145 0.33904761904761904 0.014285714285714285 0.037142857142857144
2 0.37214285714285716 0.3038095238095238 0.012142857142857143 0.025714285714285714
2 0.36642857142857144 0.26761904761904765 0.009285714285714286 0.02761904761904762
2 0.1492857142857143 0.10571428571428572 0.015714285714285715 0.018095238095238095
2 0.38142857142857145 0.2742857142857143 0.020714285714285713 0.02095238095238095
2 0.41214285714285714 0.2695238095238095 0.012142857142857143 0.017142857142857144
2 0.42 0.26 0.011428571428571429 0.01619047619047619
2 0.42428571428571427 0.24571428571428572 0.010714285714285714 0.01904761904761905
1 0.4585714285714286 0.2219047619047619 0.008571428571428572 0.02761904761904762
3 0.41714285714285715 0.34 0.07357142857142857 0.04
3 0.41928571428571426 0.30095238095238097 0.065 0.039047619047619046
3 0.4257142857142857 0.2885714285714286 0.065 0.03142857142857143
3 0.42857142857142855 0.2733333333333333 0.05928571428571429 0.035238095238095235
3 0.43714285714285717 0.26285714285714284 0.05 0.029523809523809525
3 0.43642857142857144 0.24666666666666667 0.05142857142857143 0.02857142857142857
3 0.4357142857142857 0.23904761904761904 0.05714285714285714 0.02857142857142857
3 0.5442857142857143 0.31047619047619046 0.035 0.06380952380952382
3 0.5021428571428571 0.17523809523809525 0.02 0.02761904761904762
3 0.4492857142857143 0.17238095238095238 0.039285714285714285 0.022857142857142857
3 0.44357142857142856 0.15619047619047619 0.039285714285714285 0.022857142857142857
2 0.435 0.16285714285714287 0.005714285714285714 0.01619047619047619
3 0.45 0.15142857142857144 0.03571428571428571 0.018095238095238095
3 0.44642857142857145 0.14666666666666667 0.03857142857142857 0.02
4 0.44142857142857145 0.1438095238095238 0.007857142857142858 0.01619047619047619
3 0.4514285714285714 0.14 0.03428571428571429 0.017142857142857144
3 0.45714285714285713 0.13142857142857142 0.027142857142857142 0.02095238095238095
4 0.43642857142857144 0.13238095238095238 0.010714285714285714 0.009523809523809525
4 0.43857142857142856 0.12761904761904763 0.010714285714285714 0.008571428571428572
4 0.4521428571428571 0.12380952380952381 0.01 0.010476190476190476
3 0.4585714285714286 0.1219047619047619 0.029285714285714286 0.018095238095238095
3 0.45714285714285713 0.11333333333333333 0.027857142857142858 0.02
3 0.46285714285714286 0.08666666666666667 0.020714285714285713 0.014285714285714285
3 0.4685714285714286 0.08666666666666667 0.02142857142857143 0.012380952380952381
3 0.46 0.09333333333333334 0.025714285714285714 0.01619047619047619
3 0.45785714285714285 0.09619047619047619 0.025714285714285714 0.013333333333333334
3 0.45571428571428574 0.09904761904761905 0.02642857142857143 0.01619047619047619
3 0.4564285714285714 0.1019047619047619 0.027857142857142858 0.014285714285714285
3 0.4585714285714286 0.10666666666666667 0.025714285714285714 0.014285714285714285
3 0.4585714285714286 0.10952380952380952 0.027857142857142858 0.01904761904761905
1 0.48857142857142855 0.12761904761904763 0.0035714285714285713 0.013333333333333334
1 0.49142857142857144 0.12476190476190477 0.005 0.014285714285714285
1 0.49857142857142855 0.14285714285714285 0.004285714285714286 0.01619047619047619
2 0.49857142857142855 0.14666666666666667 0.005 0.014285714285714285
1 0.44785714285714284 0.10761904761904761 0.004285714285714286 0.013333333333333334
1 0.45 0.08190476190476191 0.0035714285714285713 0.014285714285714285
1 0.4785714285714286 0.058095238095238096 0.002857142857142857 0.009523809523809525
1 0.4928571428571429 0.04857142857142857 0.002857142857142857 0.009523809523809525
1 0.4957142857142857 0.049523809523809526 0.002142857142857143 0.009523809523809525
1 0.4928571428571429 0.037142857142857144 0.002142857142857143 0.007619047619047619
1 0.4957142857142857 0.0380952380952381 0.002857142857142857 0.007619047619047619
1 0.4928571428571429 0.02857142857142857 0.0035714285714285713 0.008571428571428572
3 0.48642857142857143 0.02666666666666667 0.005714285714285714 0.009523809523809525
3 0.4785714285714286 0.02761904761904762 0.0064285714285714285 0.006666666666666667
3 0.46714285714285714 0.05619047619047619 0.017857142857142856 0.008571428571428572
