3 0.48857142857142855 0.8616751269035533 0.03142857142857143 0.12436548223350254
3 0.49714285714285716 0.616751269035533 0.02642857142857143 0.10913705583756345
8 0.5385714285714286 0.6027918781725888 0.030714285714285715 0.14593908629441624
4 0.5121428571428571 0.5545685279187818 0.009285714285714286 0.05203045685279188
4 0.48857142857142855 0.5901015228426396 0.009285714285714286 0.05456852791878172
3 0.535 0.47588832487309646 0.023571428571428573 0.09137055837563451
3 0.5042857142857143 0.44289340101522845 0.022857142857142857 0.07741116751269035
3 0.535 0.3604060913705584 0.019285714285714285 0.06218274111675127
3 0.4992857142857143 0.3350253807106599 0.022857142857142857 0.07741116751269035
3 0.5385714285714286 0.2652284263959391 0.02 0.06979695431472081
3 0.5128571428571429 0.15736040609137056 0.017142857142857144 0.05583756345177665
3 0.5092857142857142 0.04187817258883249 0.017142857142857144 0.06218274111675127
8 0.535 0.01649746192893401 0.022857142857142857 0.09644670050761421
3 0.445 0.01903553299492386 0.019285714285714285 0.050761421319796954
3 0.4135714285714286 0.013959390862944163 0.016428571428571428 0.04568527918781726
3 0.6242857142857143 0.2563451776649746 0.02857142857142857 0.09390862944162437
3 0.4392857142857143 0.44923857868020306 0.02214285714285714 0.07360406091370558
3 0.6571428571428571 0.5469543147208121 0.03428571428571429 0.10532994923857868
