3 0.4092857142857143 0.44952380952380955 0.014285714285714285 0.022857142857142857
3 0.42857142857142855 0.4180952380952381 0.009285714285714286 0.014285714285714285
3 0.4307142857142857 0.4076190476190476 0.0064285714285714285 0.010476190476190476
3 0.42214285714285715 0.3942857142857143 0.0035714285714285713 0.004761904761904762
3 0.42928571428571427 0.38761904761904764 0.005 0.006666666666666667
3 0.7157142857142857 0.41333333333333333 0.1392857142857143 0.11904761904761904
3 0.7707142857142857 0.319047619047619 0.12285714285714286 0.09523809523809523
3 0.7871428571428571 0.20952380952380953 0.11785714285714285 0.08761904761904762
3 0.7857142857142857 0.14476190476190476 0.08714285714285715 0.07809523809523809
3 0.8428571428571429 0.03333333333333333 0.07857142857142857 0.08095238095238096
3 0.7278571428571429 0.18285714285714286 0.05785714285714286 0.06380952380952382
3 0.68 0.21428571428571427 0.047857142857142855 0.04476190476190476
3 0.6785714285714286 0.14285714285714285 0.03214285714285714 0.04
3 0.6135714285714285 0.319047619047619 0.055714285714285716 0.05904761904761905
3 0.5714285714285714 0.3942857142857143 0.05142857142857143 0.06190476190476191
3 0.5278571428571428 0.4 0.03428571428571429 0.04
3 0.56 0.35428571428571426 0.032857142857142856 0.03333333333333333
3 0.5907142857142857 0.29714285714285715 0.030714285714285715 0.03619047619047619
3 0.78 0.0 0.03357142857142857 0.03428571428571429
3 0.6078571428571429 0.21333333333333335 0.02 0.022857142857142857
3 0.6021428571428571 0.2057142857142857 0.017857142857142856 0.023809523809523808
3 0.5757142857142857 0.23047619047619047 0.014285714285714285 0.02
3 0.5835714285714285 0.23904761904761904 0.016428571428571428 0.018095238095238095
3 0.575 0.2542857142857143 0.019285714285714285 0.021904761904761906
3 0.495 0.38857142857142857 0.022857142857142857 0.03333333333333333
3 0.5242857142857142 0.35333333333333333 0.022857142857142857 0.02761904761904762
3 0.5442857142857143 0.3219047619047619 0.023571428571428573 0.02857142857142857
3 0.5235714285714286 0.3295238095238095 0.017857142857142856 0.021904761904761906
8 0.5028571428571429 0.3514285714285714 0.019285714285714285 0.02761904761904762
3 0.48642857142857143 0.379047619047619 0.02 0.01904761904761905
3 0.4735714285714286 0.4 0.017857142857142856 0.023809523809523808
3 0.4742857142857143 0.38571428571428573 0.014285714285714285 0.015238095238095238
3 0.49142857142857144 0.35714285714285715 0.015714285714285715 0.02
3 0.5 0.3438095238095238 0.016428571428571428 0.01619047619047619
3 0.5057142857142857 0.3333333333333333 0.012857142857142857 0.010476190476190476
3 0.465 0.38666666666666666 0.012142857142857143 0.018095238095238095
3 0.4564285714285714 0.3904761904761905 0.011428571428571429 0.018095238095238095
3 0.4514285714285714 0.3933333333333333 0.008571428571428572 0.010476190476190476
3 0.45071428571428573 0.38095238095238093 0.008571428571428572 0.010476190476190476
3 0.52 0.3076190476190476 0.014285714285714285 0.018095238095238095
3 0.5107142857142857 0.31523809523809526 0.012142857142857143 0.01619047619047619
3 0.4592857142857143 0.36952380952380953 0.007857142857142858 0.010476190476190476
3 0.4742857142857143 0.3657142857142857 0.012142857142857143 0.015238095238095238
3 0.4707142857142857 0.35619047619047617 0.009285714285714286 0.012380952380952381
3 0.5042857142857143 0.319047619047619 0.011428571428571429 0.014285714285714285
3 0.4992857142857143 0.3342857142857143 0.009285714285714286 0.014285714285714285
3 0.49357142857142855 0.3361904761904762 0.012142857142857143 0.014285714285714285
3 0.5 0.32095238095238093 0.01 0.015238095238095238
3 0.4942857142857143 0.32476190476190475 0.009285714285714286 0.013333333333333334
3 0.48714285714285716 0.33904761904761904 0.008571428571428572 0.013333333333333334
3 0.4807142857142857 0.3342857142857143 0.007857142857142858 0.011428571428571429
3 0.475 0.3457142857142857 0.009285714285714286 0.008571428571428572
3 0.5492857142857143 0.24285714285714285 0.012142857142857143 0.01619047619047619
3 0.5507142857142857 0.26 0.011428571428571429 0.015238095238095238
3 0.5371428571428571 0.26571428571428574 0.009285714285714286 0.014285714285714285
3 0.5307142857142857 0.2780952380952381 0.011428571428571429 0.01619047619047619
3 0.5135714285714286 0.29904761904761906 0.010714285714285714 0.014285714285714285
3 0.5171428571428571 0.29428571428571426 0.0064285714285714285 0.006666666666666667
3 0.5207142857142857 0.28285714285714286 0.008571428571428572 0.010476190476190476
3 0.5271428571428571 0.2752380952380952 0.0064285714285714285 0.011428571428571429
3 0.5107142857142857 0.29428571428571426 0.0064285714285714285 0.009523809523809525
3 0.5014285714285714 0.31047619047619046 0.009285714285714286 0.012380952380952381
3 0.4992857142857143 0.30857142857142855 0.007142857142857143 0.008571428571428572
3 0.5064285714285715 0.2914285714285714 0.005714285714285714 0.010476190476190476
3 0.49857142857142855 0.3019047619047619 0.007142857142857143 0.006666666666666667
3 0.4907142857142857 0.3180952380952381 0.007142857142857143 0.010476190476190476
3 0.49 0.31142857142857144 0.0064285714285714285 0.011428571428571429
3 0.4542857142857143 0.34285714285714286 0.0035714285714285713 0.004761904761904762
3 0.4614285714285714 0.3361904761904762 0.0035714285714285713 0.004761904761904762
3 0.4592857142857143 0.3419047619047619 0.0035714285714285713 0.004761904761904762
3 0.4735714285714286 0.32761904761904764 0.005714285714285714 0.006666666666666667
3 0.48428571428571426 0.31523809523809526 0.004285714285714286 0.007619047619047619
3 0.45285714285714285 0.35619047619047617 0.005714285714285714 0.008571428571428572
3 0.44571428571428573 0.3638095238095238 0.004285714285714286 0.006666666666666667
3 0.44357142857142856 0.37047619047619046 0.004285714285714286 0.006666666666666667
8 0.4257142857142857 0.379047619047619 0.007142857142857143 0.008571428571428572
