3 0.41388308977035493 0.8803339517625232 0.06002087682672234 0.07235621521335807
3 0.45772442588726514 0.49165120593692024 0.037056367432150315 0.04267161410018553
3 0.4384133611691023 0.7931354359925789 0.0652400835073069 0.06586270871985157
3 0.5965553235908142 0.2912801484230056 0.03288100208768267 0.025974025974025976
3 0.7891440501043842 0.49257884972170685 0.02661795407098121 0.04823747680890538
3 0.7760960334029228 0.3228200371057514 0.03392484342379958 0.023191094619666047
3 0.848643006263048 0.3293135435992579 0.0360125260960334 0.026901669758812616
3 0.9399791231732777 0.33766233766233766 0.04279749478079332 0.032467532467532464
3 0.6675365344467641 0.20315398886827457 0.010960334029227558 0.02411873840445269
3 0.6529227557411273 0.19294990723562153 0.012004175365344467 0.02504638218923933
3 0.6492693110647182 0.17161410018552875 0.009916492693110648 0.02040816326530612
3 0.6633611691022965 0.17161410018552875 0.012004175365344467 0.025974025974025976
3 0.6623173277661796 0.13358070500927643 0.009916492693110648 0.023191094619666047
3 0.6477035490605428 0.09925788497217068 0.008350730688935281 0.014842300556586271
3 0.644572025052192 0.07328385899814471 0.007828810020876827 0.012987012987012988
3 0.6591858037578288 0.05194805194805195 0.006263048016701462 0.012987012987012988
3 0.6529227557411273 0.03153988868274583 0.004697286012526096 0.00927643784786642
3 0.6430062630480167 0.022263450834879406 0.005741127348643006 0.01020408163265306
3 0.6388308977035491 0.012059369202226345 0.0041753653444676405 0.008348794063079777
3 0.6492693110647182 0.015769944341372914 0.006784968684759917 0.011131725417439703
3 0.6544885177453027 0.00927643784786642 0.0041753653444676405 0.00927643784786642
3 0.4660751565762004 0.11966604823747681 0.015657620041753653 0.011131725417439703
3 0.4603340292275574 0.12523191094619665 0.019311064718162838 0.014842300556586271
4 0.5600208768267223 0.5834879406307978 0.007828810020876827 0.03153988868274583
4 0.4718162839248434 0.7588126159554731 0.016179540709812108 0.039888682745825604
4 0.4869519832985386 0.7690166975881262 0.012004175365344467 0.03525046382189239
1 0.7567849686847599 0.26437847866419295 0.0036534446764091857 0.013914656771799629
1 0.8188935281837161 0.2847866419294991 0.003131524008350731 0.017625231910946195
1 0.8470772442588727 0.2884972170686456 0.003131524008350731 0.015769944341372914
1 0.9744258872651357 0.2884972170686456 0.0026096033402922755 0.013914656771799629
1 0.9629436325678496 0.45269016697588127 0.007306889352818371 0.013914656771799629
1 0.9170146137787056 0.4972170686456401 0.006263048016701462 0.02040816326530612
4 0.7510438413361169 0.2727272727272727 0.011482254697286013 0.006493506493506494
4 0.8131524008350731 0.2922077922077922 0.012526096033402923 0.011131725417439703
4 0.8418580375782881 0.29777365491651203 0.010438413361169102 0.008348794063079777
4 0.9665970772442589 0.29591836734693877 0.010438413361169102 0.012059369202226345
4 0.9608559498956158 0.46289424860853434 0.013048016701461378 0.00927643784786642
4 0.9149269311064718 0.5064935064935064 0.009394572025052192 0.015769944341372914
4 0.4034446764091858 0.47866419294990725 0.014613778705636743 0.02040816326530612
4 0.35908141962421714 0.8237476808905381 0.02244258872651357 0.02504638218923933
3 0.41910229645093944 0.6224489795918368 0.05323590814196242 0.04267161410018553
1 0.6075156576200418 0.10667903525046382 0.003131524008350731 0.0055658627087198514
4 0.6075156576200418 0.11410018552875696 0.0036534446764091857 0.00463821892393321
