3 0.5528571428571428 0.5561904761904762 0.03357142857142857 0.06
3 0.3657142857142857 0.719047619047619 0.03571428571428571 0.10380952380952381
3 0.5135714285714286 0.44761904761904764 0.03428571428571429 0.06380952380952382
3 0.5864285714285714 0.4638095238095238 0.025714285714285714 0.047619047619047616
3 0.455 0.9180952380952381 0.055 0.08190476190476191
1 0.3514285714285714 0.29904761904761906 0.0035714285714285713 0.014285714285714285
3 0.0007142857142857143 0.36857142857142855 0.047142857142857146 0.0419047619047619
4 0.17357142857142857 0.6009523809523809 0.02142857142857143 0.02761904761904762
4 0.22 0.5923809523809523 0.024285714285714285 0.025714285714285714
1 0.1 0.5923809523809523 0.014285714285714285 0.024761904761904763
1 0.12714285714285714 0.6352380952380953 0.012142857142857143 0.02761904761904762
4 0.36214285714285716 0.540952380952381 0.017142857142857144 0.040952380952380955
4 0.37285714285714283 0.58 0.017857142857142856 0.04
4 0.5014285714285714 0.30666666666666664 0.008571428571428572 0.02
4 0.48714285714285716 0.319047619047619 0.0064285714285714285 0.01904761904761905
4 0.4707142857142857 0.3333333333333333 0.007142857142857143 0.02
4 0.44571428571428573 0.32285714285714284 0.01 0.02095238095238095
4 0.42642857142857143 0.2857142857142857 0.008571428571428572 0.021904761904761906
3 0.5742857142857143 0.26761904761904765 0.019285714285714285 0.0380952380952381
3 0.6042857142857143 0.26571428571428574 0.018571428571428572 0.039047619047619046
3 0.5921428571428572 0.31047619047619046 0.02 0.03333333333333333
3 0.6314285714285715 0.2752380952380952 0.020714285714285713 0.035238095238095235
1 0.525 0.08 0.004285714285714286 0.01619047619047619
3 0.6328571428571429 0.08571428571428572 0.017142857142857144 0.02095238095238095
1 0.5785714285714286 0.030476190476190476 0.0035714285714285713 0.009523809523809525
1 0.6542857142857142 0.045714285714285714 0.0035714285714285713 0.010476190476190476
4 0.7128571428571429 0.29619047619047617 0.005 0.02
4 0.7042857142857143 0.4504761904761905 0.007857142857142858 0.02761904761904762
1 0.8057142857142857 0.4038095238095238 0.005 0.018095238095238095
4 0.6728571428571428 0.580952380952381 0.01 0.02761904761904762
1 0.8028571428571428 0.8361904761904762 0.016428571428571428 0.049523809523809526
1 0.7828571428571428 0.8571428571428571 0.012142857142857143 0.04857142857142857
3 0.8621428571428571 0.5857142857142857 0.07 0.04666666666666667
6 0.885 0.4980952380952381 0.11071428571428571 0.07714285714285714
3 0.8778571428571429 0.559047619047619 0.06571428571428571 0.0419047619047619
4 0.85 0.4819047619047619 0.02 0.017142857142857144
1 0.8342857142857143 0.37142857142857144 0.004285714285714286 0.017142857142857144
1 0.7128571428571429 0.29619047619047617 0.005 0.010476190476190476
1 0.5021428571428571 0.3076190476190476 0.005714285714285714 0.012380952380952381
1 0.42714285714285716 0.2876190476190476 0.007142857142857143 0.012380952380952381
1 0.44571428571428573 0.32285714285714284 0.007857142857142858 0.013333333333333334
1 0.47 0.3352380952380952 0.007142857142857143 0.012380952380952381
1 0.4878571428571429 0.32095238095238093 0.005714285714285714 0.012380952380952381
1 0.7035714285714286 0.4514285714285714 0.007857142857142858 0.01904761904761905
1 0.8557142857142858 0.4828571428571429 0.012857142857142857 0.012380952380952381
1 0.675 0.5819047619047619 0.007142857142857143 0.01619047619047619
1 0.18071428571428572 0.6028571428571429 0.012142857142857143 0.017142857142857144
1 0.22428571428571428 0.5933333333333334 0.015714285714285715 0.015238095238095238
1 0.3807142857142857 0.580952380952381 0.010714285714285714 0.022857142857142857
1 0.36642857142857144 0.540952380952381 0.012857142857142857 0.025714285714285714
