1 0.4857142857142857 0.5266666666666666 0.007142857142857143 0.02095238095238095
1 0.4928571428571429 0.5247619047619048 0.004285714285714286 0.02
1 0.5007142857142857 0.5038095238095238 0.007142857142857143 0.01619047619047619
1 0.5507142857142857 0.5257142857142857 0.0064285714285714285 0.012380952380952381
1 0.6935714285714286 0.41714285714285715 0.007857142857142858 0.01904761904761905
1 0.7821428571428571 0.5542857142857143 0.01 0.018095238095238095
1 0.745 0.4533333333333333 0.01 0.012380952380952381
1 0.8078571428571428 0.4066666666666667 0.009285714285714286 0.02095238095238095
1 0.7492857142857143 0.4514285714285714 0.01 0.013333333333333334
1 0.8864285714285715 0.2542857142857143 0.0064285714285714285 0.01619047619047619
1 0.8621428571428571 0.22095238095238096 0.005714285714285714 0.015238095238095238
4 0.8592857142857143 0.22476190476190477 0.01 0.01904761904761905
4 0.8828571428571429 0.2542857142857143 0.01 0.02
2 0.6871428571428572 0.2361904761904762 0.012142857142857143 0.02761904761904762
4 0.7992857142857143 0.4114285714285714 0.016428571428571428 0.018095238095238095
4 0.74 0.4552380952380952 0.02214285714285714 0.012380952380952381
2 0.6857142857142857 0.4257142857142857 0.017857142857142856 0.012380952380952381
2 0.7778571428571428 0.5580952380952381 0.013571428571428571 0.025714285714285714
1 0.6314285714285715 0.5095238095238095 0.009285714285714286 0.017142857142857144
1 0.6085714285714285 0.5238095238095238 0.008571428571428572 0.015238095238095238
8 0.7478571428571429 0.11238095238095239 0.06642857142857143 0.07333333333333333
8 0.8285714285714286 0.029523809523809525 0.032857142857142856 0.03238095238095238
1 0.8214285714285714 0.02761904761904762 0.005 0.017142857142857144
3 0.9007142857142857 0.16285714285714287 0.03571428571428571 0.023809523809523808
3 0.8164285714285714 0.20857142857142857 0.023571428571428573 0.02857142857142857
3 0.3435714285714286 0.1180952380952381 0.032857142857142856 0.018095238095238095
3 0.3435714285714286 0.13142857142857142 0.03214285714285714 0.017142857142857144
3 0.4114285714285714 0.06380952380952382 0.01 0.01904761904761905
3 0.415 0.07904761904761905 0.011428571428571429 0.01904761904761905
3 0.4014285714285714 0.03333333333333333 0.012857142857142857 0.018095238095238095
3 0.2792857142857143 0.20857142857142857 0.014285714285714285 0.030476190476190476
8 0.3842857142857143 0.05523809523809524 0.015 0.03333333333333333
8 0.38 0.022857142857142857 0.010714285714285714 0.03619047619047619
1 0.31 0.6047619047619047 0.007857142857142858 0.021904761904761906
1 0.36714285714285716 0.5904761904761905 0.009285714285714286 0.02095238095238095
1 0.5357142857142857 0.5742857142857143 0.008571428571428572 0.01904761904761905
2 0.545 0.5438095238095239 0.014285714285714285 0.04285714285714286
3 0.7035714285714286 0.4828571428571429 0.04 0.06857142857142857
1 0.055 0.6923809523809524 0.017857142857142856 0.018095238095238095
