1 0.38357142857142856 0.018095238095238095 0.005 0.010476190476190476
1 0.38785714285714284 0.03333333333333333 0.005714285714285714 0.012380952380952381
4 0.3707142857142857 0.012380952380952381 0.004285714285714286 0.013333333333333334
4 0.5414285714285715 0.1961904761904762 0.004285714285714286 0.013333333333333334
3 0.4257142857142857 0.18761904761904763 0.011428571428571429 0.029523809523809525
1 0.40214285714285714 0.2419047619047619 0.005714285714285714 0.009523809523809525
3 0.5335714285714286 0.4676190476190476 0.012142857142857143 0.030476190476190476
4 0.5542857142857143 0.6257142857142857 0.005 0.014285714285714285
4 0.44857142857142857 0.7276190476190476 0.005714285714285714 0.012380952380952381
8 0.07928571428571428 0.9019047619047619 0.06357142857142857 0.05523809523809524
3 0.19214285714285714 0.8666666666666667 0.017142857142857144 0.03238095238095238
3 0.2842857142857143 0.9371428571428572 0.010714285714285714 0.03142857142857143
3 0.295 0.940952380952381 0.011428571428571429 0.030476190476190476
3 0.30714285714285716 0.939047619047619 0.011428571428571429 0.030476190476190476
3 0.32 0.9352380952380952 0.011428571428571429 0.030476190476190476
3 0.3314285714285714 0.9371428571428572 0.012142857142857143 0.03142857142857143
3 0.34785714285714286 0.9361904761904762 0.010714285714285714 0.02761904761904762
3 0.36 0.9323809523809524 0.01 0.030476190476190476
3 0.37 0.9323809523809524 0.012857142857142857 0.030476190476190476
3 0.6007142857142858 0.9333333333333333 0.020714285714285713 0.018095238095238095
3 0.6014285714285714 0.9514285714285714 0.02142857142857143 0.014285714285714285
3 0.6035714285714285 0.9666666666666667 0.019285714285714285 0.01619047619047619
3 0.6021428571428571 0.9876190476190476 0.023571428571428573 0.012380952380952381
3 0.7142857142857143 0.5457142857142857 0.025 0.021904761904761906
3 0.6892857142857143 0.5228571428571429 0.010714285714285714 0.03238095238095238
3 0.6792857142857143 0.8333333333333334 0.023571428571428573 0.018095238095238095
4 0.6764285714285714 0.9238095238095239 0.005 0.011428571428571429
4 0.6807142857142857 0.9228571428571428 0.005 0.013333333333333334
4 0.6857142857142857 0.920952380952381 0.005 0.015238095238095238
4 0.6892857142857143 0.920952380952381 0.005714285714285714 0.01619047619047619
4 0.695 0.92 0.004285714285714286 0.01619047619047619
4 0.6992857142857143 0.919047619047619 0.005714285714285714 0.015238095238095238
4 0.7042857142857143 0.919047619047619 0.0064285714285714285 0.013333333333333334
4 0.71 0.9180952380952381 0.004285714285714286 0.017142857142857144
4 0.715 0.9171428571428571 0.005 0.014285714285714285
4 0.7185714285714285 0.9161904761904762 0.005 0.01619047619047619
4 0.7235714285714285 0.9123809523809524 0.005 0.018095238095238095
