3 0.4185714285714286 0.5657142857142857 0.075 0.15714285714285714
3 0.45285714285714285 0.4085714285714286 0.04857142857142857 0.07333333333333333
3 0.36 0.3914285714285714 0.04071428571428572 0.06
3 0.385 0.3171428571428571 0.02857142857142857 0.04857142857142857
3 0.5592857142857143 0.3419047619047619 0.04428571428571428 0.040952380952380955
3 0.44357142857142856 0.28285714285714286 0.02642857142857143 0.03238095238095238
3 0.43 0.25523809523809526 0.02214285714285714 0.02666666666666667
3 0.5192857142857142 0.2838095238095238 0.02857142857142857 0.024761904761904763
3 0.4878571428571429 0.259047619047619 0.02214285714285714 0.025714285714285714
1 0.8664285714285714 0.44476190476190475 0.020714285714285713 0.039047619047619046
1 0.1792857142857143 0.3647619047619048 0.012857142857142857 0.04285714285714286
1 0.22071428571428572 0.5847619047619048 0.030714285714285715 0.05333333333333334
1 0.28214285714285714 0.52 0.015714285714285715 0.035238095238095235
1 0.2292857142857143 0.439047619047619 0.015714285714285715 0.0380952380952381
1 0.2542857142857143 0.4 0.015714285714285715 0.02761904761904762
1 0.18142857142857144 0.4895238095238095 0.015714285714285715 0.02857142857142857
1 0.24214285714285713 0.4895238095238095 0.02 0.04285714285714286
1 0.2307142857142857 0.3923809523809524 0.013571428571428571 0.02857142857142857
1 0.15357142857142858 0.48857142857142855 0.022857142857142857 0.045714285714285714
1 0.25785714285714284 0.42952380952380953 0.017142857142857144 0.029523809523809525
1 0.29928571428571427 0.38952380952380955 0.011428571428571429 0.03238095238095238
1 0.3 0.36857142857142855 0.009285714285714286 0.015238095238095238
1 0.3057142857142857 0.3457142857142857 0.012142857142857143 0.02857142857142857
1 0.24 0.36095238095238097 0.009285714285714286 0.03142857142857143
2 0.2357142857142857 0.3676190476190476 0.007142857142857143 0.021904761904761906
4 0.29928571428571427 0.40095238095238095 0.011428571428571429 0.022857142857142857
4 0.3057142857142857 0.3580952380952381 0.012142857142857143 0.02
4 0.29214285714285715 0.3466666666666667 0.01 0.022857142857142857
1 0.2935714285714286 0.34 0.007142857142857143 0.01904761904761905
4 0.23285714285714285 0.4076190476190476 0.011428571428571429 0.02
4 0.2557142857142857 0.41523809523809524 0.017142857142857144 0.01619047619047619
4 0.26 0.44761904761904764 0.014285714285714285 0.02857142857142857
4 0.23214285714285715 0.4638095238095238 0.011428571428571429 0.02761904761904762
4 0.245 0.5123809523809524 0.013571428571428571 0.035238095238095235
4 0.285 0.5514285714285714 0.014285714285714285 0.039047619047619046
4 0.18357142857142858 0.5076190476190476 0.012857142857142857 0.037142857142857144
4 0.15642857142857142 0.5133333333333333 0.015 0.0419047619047619
1 0.2257142857142857 0.3333333333333333 0.012142857142857143 0.029523809523809525
2 0.22214285714285714 0.3504761904761905 0.022857142857142857 0.01619047619047619
3 0.4035714285714286 0.19714285714285715 0.005714285714285714 0.004761904761904762
3 0.4 0.19333333333333333 0.005714285714285714 0.006666666666666667
6 0.3985714285714286 0.17142857142857143 0.007142857142857143 0.011428571428571429
3 0.36142857142857143 0.2057142857142857 0.011428571428571429 0.012380952380952381
8 0.7071428571428572 0.6723809523809524 0.2907142857142857 0.32761904761904764
1 0.7842857142857143 0.3361904761904762 0.012142857142857143 0.037142857142857144
1 0.8171428571428572 0.3314285714285714 0.007857142857142858 0.0419047619047619
1 0.825 0.3323809523809524 0.015714285714285715 0.040952380952380955
1 0.6928571428571428 0.3180952380952381 0.008571428571428572 0.02
1 0.6507142857142857 0.31333333333333335 0.007142857142857143 0.029523809523809525
1 0.64 0.30952380952380953 0.009285714285714286 0.024761904761904763
1 0.7407142857142858 0.3019047619047619 0.009285714285714286 0.02761904761904762
4 0.6892857142857143 0.32857142857142857 0.014285714285714285 0.02
4 0.7328571428571429 0.31238095238095237 0.023571428571428573 0.015238095238095238
4 0.6314285714285715 0.32095238095238093 0.017857142857142856 0.01619047619047619
4 0.6464285714285715 0.32857142857142857 0.015 0.013333333333333334
1 0.7121428571428572 0.28285714285714286 0.005714285714285714 0.02857142857142857
1 0.7192857142857143 0.28095238095238095 0.005714285714285714 0.02857142857142857
3 0.905 0.32666666666666666 0.07357142857142857 0.03238095238095238
3 0.8414285714285714 0.29714285714285715 0.05857142857142857 0.039047619047619046
3 0.8235714285714286 0.29714285714285715 0.05357142857142857 0.029523809523809525
3 0.8935714285714286 0.2866666666666667 0.04214285714285714 0.03238095238095238
3 0.965 0.3019047619047619 0.035 0.035238095238095235
3 0.9457142857142857 0.2761904761904762 0.054285714285714284 0.03619047619047619
3 0.8978571428571429 0.31142857142857144 0.060714285714285714 0.029523809523809525
1 0.085 0.6057142857142858 0.024285714285714285 0.04285714285714286
4 0.08357142857142857 0.6304761904761905 0.027142857142857142 0.06857142857142857
3 0.0 0.37714285714285717 0.07571428571428572 0.06
3 0.0014285714285714286 0.4257142857142857 0.052142857142857144 0.04285714285714286
