3 0.8775 0.9513333333333334 0.082 0.048666666666666664
3 0.776 0.9413333333333334 0.076 0.058666666666666666
3 0.9435 0.748 0.0565 0.07866666666666666
1 0.8715 0.7413333333333333 0.025 0.04
1 0.8505 0.706 0.0295 0.042
3 0.8375 0.5693333333333334 0.0615 0.116
3 0.6705 0.6626666666666666 0.0975 0.14733333333333334
3 0.7185 0.604 0.1025 0.118
1 0.714 0.5746666666666667 0.0155 0.042
1 0.692 0.5973333333333334 0.012 0.03866666666666667
1 0.675 0.5753333333333334 0.0145 0.03933333333333333
3 0.6275 0.7793333333333333 0.0745 0.188
3 0.543 0.7993333333333333 0.069 0.19266666666666668
3 0.336 0.7146666666666667 0.128 0.08666666666666667
3 0.3005 0.5606666666666666 0.1045 0.086
3 0.527 0.542 0.062 0.12133333333333333
3 0.576 0.5406666666666666 0.065 0.11466666666666667
3 0.617 0.512 0.097 0.07666666666666666
3 0.6775 0.41 0.057 0.06733333333333333
3 0.673 0.2886666666666667 0.0305 0.051333333333333335
3 0.653 0.3546666666666667 0.035 0.05733333333333333
3 0.602 0.30666666666666664 0.0555 0.04933333333333333
1 0.6685 0.426 0.011 0.03666666666666667
1 0.649 0.4066666666666667 0.008 0.028666666666666667
3 0.627 0.434 0.0395 0.07466666666666667
1 0.611 0.4613333333333333 0.012 0.038
1 0.6175 0.44533333333333336 0.011 0.03133333333333333
1 0.6155 0.4073333333333333 0.015 0.032
3 0.5795 0.3566666666666667 0.0615 0.06533333333333333
3 0.5465 0.3873333333333333 0.068 0.07733333333333334
1 0.5495 0.4886666666666667 0.0135 0.023333333333333334
2 0.5295 0.4706666666666667 0.0365 0.06533333333333333
3 0.444 0.44866666666666666 0.0745 0.08533333333333333
3 0.375 0.49333333333333335 0.0855 0.072
1 0.425 0.466 0.0095 0.04066666666666666
1 0.4965 0.4226666666666667 0.0115 0.024
1 0.488 0.41 0.0115 0.023333333333333334
2 0.4845 0.41733333333333333 0.0255 0.04533333333333334
1 0.555 0.31933333333333336 0.009 0.035333333333333335
3 0.504 0.34 0.035 0.056666666666666664
3 0.454 0.30666666666666664 0.057 0.048666666666666664
3 0.414 0.3873333333333333 0.0535 0.062
3 0.343 0.42 0.0615 0.06666666666666667
3 0.2865 0.442 0.075 0.07133333333333333
3 0.224 0.48133333333333334 0.083 0.06733333333333333
3 0.18 0.5213333333333333 0.0765 0.086
1 0.218 0.4046666666666667 0.0205 0.028
1 0.21 0.3913333333333333 0.0125 0.03866666666666667
1 0.3285 0.3433333333333333 0.0105 0.029333333333333333
3 0.395 0.2866666666666667 0.05 0.062
3 0.42 0.266 0.0415 0.04066666666666666
3 0.373 0.22 0.037 0.04066666666666666
1 0.328 0.186 0.009 0.028666666666666667
3 0.322 0.172 0.033 0.032
1 0.311 0.17 0.007 0.028
1 0.71 0.19133333333333333 0.0135 0.018
3 0.5335 0.024 0.0215 0.021333333333333333
6 0.4915 0.005333333333333333 0.038 0.035333333333333335
3 0.4305 0.034 0.0295 0.020666666666666667
8 0.3985 0.014 0.0285 0.02266666666666667
3 0.444 0.002 0.021 0.012666666666666666
3 0.428 0.0 0.0145 0.009333333333333334
3 0.2775 0.098 0.0325 0.024
3 0.2835 0.12666666666666668 0.0335 0.04133333333333333
3 0.274 0.11666666666666667 0.022 0.028
3 0.261 0.10933333333333334 0.02 0.02266666666666667
1 0.2535 0.088 0.0075 0.02
3 0.248 0.06266666666666666 0.019 0.024
3 0.226 0.07533333333333334 0.018 0.018
8 0.217 0.09933333333333333 0.017 0.024
3 0.1995 0.07533333333333334 0.0185 0.021333333333333333
1 0.187 0.186 0.0085 0.02
3 0.2115 0.058 0.015 0.020666666666666667
8 0.2035 0.048 0.013 0.02
3 0.1935 0.04533333333333334 0.013 0.015333333333333332
3 0.1885 0.03666666666666667 0.014 0.014666666666666666
3 0.183 0.032 0.011 0.014666666666666666
3 0.1745 0.020666666666666667 0.014 0.018
3 0.158 0.006 0.0125 0.015333333333333332
3 0.1535 0.002 0.0085 0.012
3 0.147 0.0 0.0105 0.011333333333333334
1 0.142 0.004666666666666667 0.0045 0.012
3 0.0825 0.174 0.0405 0.02666666666666667
3 0.058 0.156 0.03 0.029333333333333333
3 0.0915 0.132 0.038 0.028
3 0.087 0.126 0.0315 0.021333333333333333
3 0.066 0.12666666666666668 0.0375 0.020666666666666667
3 0.0575 0.12 0.039 0.020666666666666667
3 0.052 0.112 0.0385 0.02266666666666667
3 0.038 0.11333333333333333 0.0325 0.02
3 0.0315 0.10266666666666667 0.028 0.021333333333333333
3 0.0415 0.08466666666666667 0.0345 0.026
3 0.0695 0.07866666666666666 0.0255 0.024666666666666667
