3 0.42857142857142855 0.3028571428571429 0.027142857142857142 0.013333333333333334
4 0.4257142857142857 0.3238095238095238 0.0064285714285714285 0.004761904761904762
1 0.4228571428571429 0.32 0.002142857142857143 0.006666666666666667
1 0.4092857142857143 0.38857142857142857 0.002142857142857143 0.010476190476190476
3 0.4878571428571429 0.47523809523809524 0.018571428571428572 0.035238095238095235
3 0.52 0.4180952380952381 0.015 0.030476190476190476
1 0.43785714285714283 0.30666666666666664 0.002857142857142857 0.010476190476190476
3 0.5271428571428571 0.21619047619047618 0.008571428571428572 0.014285714285714285
8 0.43642857142857144 0.23904761904761904 0.03357142857142857 0.03238095238095238
3 0.5121428571428571 0.08095238095238096 0.0035714285714285713 0.005714285714285714
3 0.5092857142857142 0.07238095238095238 0.0035714285714285713 0.004761904761904762
3 0.5035714285714286 0.02761904761904762 0.0064285714285714285 0.007619047619047619
3 0.5042857142857143 0.02095238095238095 0.0035714285714285713 0.005714285714285714
3 0.5621428571428572 0.36095238095238097 0.015714285714285715 0.02
3 0.8971428571428571 0.9457142857142857 0.03142857142857143 0.045714285714285714
3 0.9378571428571428 0.9304761904761905 0.02857142857142857 0.05142857142857143
3 0.9685714285714285 0.9238095238095239 0.03142857142857143 0.05619047619047619
