3 0.11571428571428571 0.8742857142857143 0.03642857142857143 0.058095238095238096
3 0.23214285714285715 0.819047619047619 0.02142857142857143 0.039047619047619046
3 0.26571428571428574 0.7676190476190476 0.016428571428571428 0.030476190476190476
3 0.14857142857142858 0.7980952380952381 0.03214285714285714 0.05238095238095238
3 0.12642857142857142 0.7133333333333334 0.020714285714285713 0.024761904761904763
3 0.21928571428571428 0.7552380952380953 0.02 0.025714285714285714
3 0.22714285714285715 0.6923809523809524 0.015714285714285715 0.01904761904761905
1 0.22142857142857142 0.679047619047619 0.005714285714285714 0.014285714285714285
1 0.2742857142857143 0.6933333333333334 0.013571428571428571 0.017142857142857144
3 0.25785714285714284 0.6733333333333333 0.012857142857142857 0.018095238095238095
3 0.26142857142857145 0.6476190476190476 0.010714285714285714 0.013333333333333334
3 0.28214285714285714 0.6152380952380953 0.009285714285714286 0.010476190476190476
3 0.24857142857142858 0.638095238095238 0.01 0.011428571428571429
3 0.255 0.6180952380952381 0.008571428571428572 0.010476190476190476
3 0.245 0.5923809523809523 0.007857142857142858 0.008571428571428572
3 0.2592857142857143 0.5980952380952381 0.008571428571428572 0.008571428571428572
3 0.2757142857142857 0.5961904761904762 0.0064285714285714285 0.007619047619047619
3 0.26571428571428574 0.5828571428571429 0.007142857142857143 0.006666666666666667
3 0.24428571428571427 0.5742857142857143 0.007142857142857143 0.008571428571428572
3 0.26357142857142857 0.5723809523809524 0.0064285714285714285 0.007619047619047619
3 0.2885714285714286 0.5838095238095238 0.0064285714285714285 0.009523809523809525
3 0.2814285714285714 0.579047619047619 0.005714285714285714 0.007619047619047619
6 0.2735714285714286 0.5647619047619048 0.01 0.015238095238095238
3 0.285 0.5685714285714286 0.004285714285714286 0.005714285714285714
3 0.2835714285714286 0.560952380952381 0.005 0.005714285714285714
3 0.27785714285714286 0.5580952380952381 0.005 0.005714285714285714
3 0.25 0.56 0.005714285714285714 0.006666666666666667
3 0.25 0.5542857142857143 0.005714285714285714 0.005714285714285714
3 0.25785714285714284 0.5514285714285714 0.004285714285714286 0.004761904761904762
3 0.2664285714285714 0.5561904761904762 0.005 0.005714285714285714
3 0.27 0.5542857142857143 0.004285714285714286 0.004761904761904762
3 0.2807142857142857 0.5514285714285714 0.005 0.004761904761904762
3 0.2885714285714286 0.5485714285714286 0.005 0.004761904761904762
3 0.27071428571428574 0.5476190476190477 0.004285714285714286 0.004761904761904762
3 0.2592857142857143 0.5438095238095239 0.004285714285714286 0.004761904761904762
3 0.27285714285714285 0.5428571428571428 0.008571428571428572 0.004761904761904762
3 0.2692857142857143 0.540952380952381 0.0035714285714285713 0.005714285714285714
3 0.285 0.5428571428571428 0.0035714285714285713 0.0038095238095238095
8 0.2864285714285714 0.5361904761904762 0.004285714285714286 0.007619047619047619
3 0.2757142857142857 0.54 0.004285714285714286 0.0038095238095238095
3 0.27785714285714286 0.5380952380952381 0.0035714285714285713 0.002857142857142857
3 0.27071428571428574 0.5361904761904762 0.002857142857142857 0.0038095238095238095
3 0.2757142857142857 0.5342857142857143 0.002857142857142857 0.002857142857142857
3 0.27285714285714285 0.5314285714285715 0.0035714285714285713 0.0038095238095238095
3 0.28 0.5314285714285715 0.0035714285714285713 0.0038095238095238095
3 0.2835714285714286 0.5333333333333333 0.0035714285714285713 0.0038095238095238095
3 0.2807142857142857 0.5266666666666666 0.0035714285714285713 0.004761904761904762
3 0.3992857142857143 0.5533333333333333 0.009285714285714286 0.005714285714285714
3 0.38571428571428573 0.559047619047619 0.011428571428571429 0.005714285714285714
3 0.3807142857142857 0.5561904761904762 0.010714285714285714 0.0038095238095238095
3 0.38142857142857145 0.5533333333333333 0.007857142857142858 0.004761904761904762
3 0.37785714285714284 0.5523809523809524 0.007142857142857143 0.0038095238095238095
3 0.36214285714285716 0.5638095238095238 0.011428571428571429 0.005714285714285714
3 0.35285714285714287 0.5666666666666667 0.013571428571428571 0.005714285714285714
3 0.365 0.5676190476190476 0.012142857142857143 0.005714285714285714
3 0.35285714285714287 0.5695238095238095 0.010714285714285714 0.004761904761904762
3 0.3492857142857143 0.5657142857142857 0.012142857142857143 0.004761904761904762
3 0.3485714285714286 0.5628571428571428 0.011428571428571429 0.004761904761904762
3 0.3485714285714286 0.559047619047619 0.01 0.005714285714285714
3 0.345 0.5542857142857143 0.009285714285714286 0.004761904761904762
3 0.3435714285714286 0.5514285714285714 0.009285714285714286 0.005714285714285714
3 0.3535714285714286 0.5514285714285714 0.009285714285714286 0.004761904761904762
3 0.3507142857142857 0.5476190476190477 0.01 0.0038095238095238095
3 0.3442857142857143 0.5495238095238095 0.008571428571428572 0.005714285714285714
3 0.8585714285714285 0.6495238095238095 0.027857142857142858 0.013333333333333334
3 0.7792857142857142 0.7219047619047619 0.025714285714285714 0.02857142857142857
8 0.8521428571428571 0.6952380952380952 0.032857142857142856 0.024761904761904763
8 0.8721428571428571 0.7019047619047619 0.03357142857142857 0.023809523809523808
8 0.9164285714285715 0.6438095238095238 0.052142857142857144 0.02666666666666667
