3 0.005 0.8676190476190476 0.075 0.054285714285714284
4 0.030714285714285715 0.8447619047619047 0.029285714285714286 0.01619047619047619
3 0.03642857142857143 0.8028571428571428 0.06714285714285714 0.039047619047619046
1 0.06785714285714285 0.7847619047619048 0.012142857142857143 0.01619047619047619
1 0.07785714285714286 0.7895238095238095 0.01 0.015238095238095238
3 0.05928571428571429 0.7523809523809524 0.06357142857142857 0.03428571428571429
3 0.10642857142857143 0.7161904761904762 0.05857142857142857 0.035238095238095235
1 0.18 0.7 0.008571428571428572 0.017142857142857144
1 0.18571428571428572 0.6942857142857143 0.010714285714285714 0.023809523809523808
1 0.32142857142857145 0.25047619047619046 0.0064285714285714285 0.015238095238095238
3 0.165 0.37238095238095237 0.03357142857142857 0.022857142857142857
3 0.17285714285714285 0.35619047619047617 0.035 0.01904761904761905
1 0.18428571428571427 0.17142857142857143 0.005714285714285714 0.012380952380952381
1 0.18714285714285714 0.1676190476190476 0.008571428571428572 0.014285714285714285
3 0.1657142857142857 0.12761904761904763 0.020714285714285713 0.014285714285714285
3 0.22642857142857142 0.12571428571428572 0.02214285714285714 0.015238095238095238
3 0.19357142857142856 0.12666666666666668 0.025714285714285714 0.01619047619047619
3 0.255 0.12285714285714286 0.023571428571428573 0.018095238095238095
3 0.24071428571428571 0.11619047619047619 0.022857142857142857 0.013333333333333334
3 0.265 0.08190476190476191 0.015714285714285715 0.013333333333333334
8 0.1742857142857143 0.10476190476190476 0.06 0.029523809523809525
8 0.2864285714285714 0.11142857142857143 0.04285714285714286 0.02857142857142857
8 0.2742857142857143 0.10380952380952381 0.055714285714285716 0.02857142857142857
4 0.345 0.08 0.0064285714285714285 0.007619047619047619
1 0.3464285714285714 0.07809523809523809 0.005714285714285714 0.005714285714285714
1 0.35642857142857143 0.04285714285714286 0.004285714285714286 0.008571428571428572
1 0.36857142857142855 0.037142857142857144 0.0035714285714285713 0.007619047619047619
1 0.37714285714285717 0.01619047619047619 0.002857142857142857 0.010476190476190476
2 0.6685714285714286 0.8752380952380953 0.04928571428571429 0.03428571428571429
1 0.6792857142857143 0.8828571428571429 0.011428571428571429 0.01619047619047619
2 0.7485714285714286 0.9142857142857143 0.014285714285714285 0.035238095238095235
3 0.9 0.6952380952380952 0.037142857142857144 0.07238095238095238
3 0.87 0.27714285714285714 0.02 0.02857142857142857
3 0.6214285714285714 0.05714285714285714 0.015714285714285715 0.012380952380952381
3 0.625 0.19523809523809524 0.02214285714285714 0.018095238095238095
3 0.6235714285714286 0.1895238095238095 0.023571428571428573 0.013333333333333334
3 0.6214285714285714 0.18095238095238095 0.025714285714285714 0.015238095238095238
8 0.6271428571428571 0.21619047619047618 0.03571428571428571 0.029523809523809525
8 0.5607142857142857 0.6857142857142857 0.07142857142857142 0.06380952380952382
3 0.5485714285714286 0.5714285714285714 0.04928571428571429 0.030476190476190476
3 0.5992857142857143 0.56 0.04 0.05047619047619047
4 0.6578571428571428 0.5304761904761904 0.005714285714285714 0.022857142857142857
4 0.6742857142857143 0.4828571428571429 0.009285714285714286 0.023809523809523808
8 0.6778571428571428 0.5104761904761905 0.02857142857142857 0.04476190476190476
3 0.66 0.38666666666666666 0.027142857142857142 0.02
3 0.6542857142857142 0.3676190476190476 0.03214285714285714 0.02
3 0.6764285714285714 0.26666666666666666 0.027857142857142858 0.018095238095238095
3 0.6785714285714286 0.31238095238095237 0.017142857142857144 0.02857142857142857
3 0.695 0.3076190476190476 0.020714285714285713 0.029523809523809525
3 0.6264285714285714 0.25523809523809526 0.03 0.02
1 0.6278571428571429 0.26571428571428574 0.004285714285714286 0.013333333333333334
1 0.6264285714285714 0.2838095238095238 0.005 0.015238095238095238
1 0.6671428571428571 0.21619047619047618 0.005714285714285714 0.014285714285714285
4 0.6607142857142857 0.18857142857142858 0.011428571428571429 0.011428571428571429
4 0.6557142857142857 0.17904761904761904 0.01 0.007619047619047619
3 0.4692857142857143 0.7266666666666667 0.025714285714285714 0.07142857142857142
6 0.4857142857142857 0.48 0.027142857142857142 0.12761904761904763
3 0.4642857142857143 0.46190476190476193 0.017857142857142856 0.040952380952380955
3 0.49142857142857144 0.4266666666666667 0.015 0.03428571428571429
3 0.49214285714285716 0.38857142857142857 0.015714285714285715 0.03238095238095238
6 0.4685714285714286 0.30666666666666664 0.023571428571428573 0.08571428571428572
3 0.495 0.3019047619047619 0.012857142857142857 0.02761904761904762
3 0.49642857142857144 0.28 0.012142857142857143 0.021904761904761906
3 0.49642857142857144 0.24285714285714285 0.012142857142857143 0.021904761904761906
3 0.495 0.2123809523809524 0.010714285714285714 0.01904761904761905
3 0.45785714285714285 0.20952380952380953 0.012142857142857143 0.02095238095238095
3 0.495 0.1761904761904762 0.010714285714285714 0.02
3 0.4928571428571429 0.14476190476190476 0.01 0.018095238095238095
3 0.48 0.06761904761904762 0.008571428571428572 0.014285714285714285
3 0.48 0.04380952380952381 0.007857142857142858 0.01619047619047619
8 0.48214285714285715 0.017142857142857144 0.01 0.021904761904761906
8 0.4735714285714286 0.14285714285714285 0.015 0.040952380952380955
8 0.49142857142857144 0.08952380952380952 0.014285714285714285 0.03238095238095238
8 0.4564285714285714 0.15619047619047619 0.014285714285714285 0.037142857142857144
8 0.4735714285714286 0.23142857142857143 0.017857142857142856 0.054285714285714284
8 0.5507142857142857 0.19238095238095237 0.024285714285714285 0.01904761904761905
3 0.5514285714285714 0.18761904761904763 0.02214285714285714 0.010476190476190476
3 0.55 0.17904761904761904 0.025 0.010476190476190476
8 0.54 0.1676190476190476 0.02642857142857143 0.014285714285714285
8 0.5471428571428572 0.15904761904761905 0.02214285714285714 0.014285714285714285
3 0.5464285714285714 0.15047619047619049 0.018571428571428572 0.013333333333333334
1 0.515 0.14761904761904762 0.004285714285714286 0.011428571428571429
1 0.5221428571428571 0.09904761904761905 0.004285714285714286 0.012380952380952381
2 0.4735714285714286 0.05142857142857143 0.002857142857142857 0.011428571428571429
