3 0.36221294363256784 0.8942486085343229 0.05688935281837161 0.07421150278293136
3 0.3684759916492693 0.8413729128014842 0.049582463465553235 0.06771799628942486
3 0.3606471816283925 0.8107606679035251 0.05375782881002088 0.05287569573283859
3 0.75 0.9276437847866419 0.060542797494780795 0.061224489795918366
3 0.6821503131524008 0.7755102040816326 0.050626304801670144 0.04638218923933209
3 0.6403966597077244 0.6716141001855288 0.04540709812108559 0.03432282003710575
3 0.6664926931106472 0.7337662337662337 0.043319415448851775 0.04916512059369202
3 0.6242171189979123 0.6335807050092764 0.0407098121085595 0.038033395176252316
3 0.06210855949895616 0.8692022263450835 0.04018789144050104 0.08719851576994433
3 0.10594989561586639 0.7393320964749536 0.02661795407098121 0.06215213358070501
3 0.14665970772442588 0.6196660482374768 0.025052192066805846 0.04823747680890538
6 0.8444676409185804 0.14842300556586271 0.02870563674321503 0.02504638218923933
3 0.8282881002087683 0.13543599257884972 0.009916492693110648 0.00927643784786642
3 0.8413361169102297 0.13543599257884972 0.013048016701461378 0.008348794063079777
3 0.8961377870563675 0.17717996289424862 0.012004175365344467 0.011131725417439703
3 0.901356993736952 0.1725417439703154 0.013569937369519834 0.00927643784786642
3 0.8799582463465553 0.16326530612244897 0.014613778705636743 0.01020408163265306
3 0.8700417536534447 0.1614100185528757 0.014091858037578288 0.00927643784786642
