2 0.058 0.872 0.0465 0.08466666666666667
1 0.1525 0.8426666666666667 0.052 0.07
1 0.078 0.7573333333333333 0.051 0.06333333333333334
1 0.0215 0.7346666666666667 0.0555 0.04933333333333333
1 0.034 0.7086666666666667 0.039 0.026
1 0.152 0.12066666666666667 0.036 0.058666666666666666
1 0.1525 0.064 0.0475 0.064
1 0.1995 0.004 0.0405 0.04533333333333334
1 0.2415 0.07933333333333334 0.031 0.036
1 0.239 0.03933333333333333 0.024 0.02666666666666667
3 0.329 0.25066666666666665 0.095 0.20533333333333334
4 0.24 0.43066666666666664 0.0735 0.03333333333333333
4 0.3485 0.518 0.0575 0.05733333333333333
1 0.4165 0.4106666666666667 0.0355 0.03866666666666667
1 0.387 0.4713333333333333 0.0305 0.04133333333333333
4 0.3895 0.512 0.0585 0.03333333333333333
1 0.4325 0.49933333333333335 0.0265 0.022
1 0.4595 0.4806666666666667 0.029 0.03333333333333333
1 0.451 0.56 0.029 0.024666666666666667
1 0.4375 0.592 0.03 0.03666666666666667
1 0.4215 0.6226666666666667 0.0245 0.036
3 0.5215 0.8913333333333333 0.0895 0.10866666666666666
1 0.5115 0.5973333333333334 0.023 0.037333333333333336
1 0.521 0.6033333333333334 0.0125 0.022
1 0.5345 0.6793333333333333 0.0285 0.042666666666666665
1 0.656 0.7266666666666667 0.033 0.04533333333333334
1 0.494 0.482 0.0185 0.03333333333333333
1 0.5135 0.46066666666666667 0.0165 0.034666666666666665
1 0.454 0.414 0.0265 0.034666666666666665
1 0.5045 0.4166666666666667 0.0215 0.036
1 0.541 0.37333333333333335 0.0225 0.038
1 0.5585 0.4666666666666667 0.0215 0.03266666666666666
1 0.5835 0.44 0.033 0.04666666666666667
1 0.601 0.4706666666666667 0.0245 0.037333333333333336
1 0.634 0.5013333333333333 0.0275 0.026
1 0.618 0.41733333333333333 0.0245 0.034
1 0.6285 0.396 0.034 0.03333333333333333
1 0.6015 0.36333333333333334 0.0295 0.032
1 0.653 0.332 0.037 0.03933333333333333
1 0.6575 0.358 0.0385 0.048
1 0.6675 0.412 0.0285 0.04466666666666667
1 0.682 0.42333333333333334 0.028 0.032
1 0.7015 0.4513333333333333 0.059 0.030666666666666665
1 0.7525 0.43466666666666665 0.0155 0.016666666666666666
4 0.7285 0.428 0.0655 0.028666666666666667
1 0.7065 0.41 0.027 0.03
1 0.7325 0.39066666666666666 0.025 0.035333333333333335
1 0.7545 0.37466666666666665 0.0285 0.034
1 0.7575 0.304 0.0465 0.027333333333333334
1 0.939 0.2733333333333333 0.0485 0.051333333333333335
3 0.622 0.122 0.134 0.2693333333333333
3 0.5895 0.0 0.098 0.13866666666666666
