3 0.852 0.708 0.102 0.07066666666666667
3 0.755 0.676 0.0765 0.06466666666666666
3 0.651 0.606 0.083 0.076
3 0.5885 0.552 0.0625 0.05733333333333333
3 0.48 0.46 0.0625 0.051333333333333335
3 0.4315 0.43533333333333335 0.058 0.04466666666666667
3 0.061 0.406 0.0555 0.032
2 0.4125 0.38533333333333336 0.0125 0.013333333333333334
2 0.4145 0.37866666666666665 0.0115 0.013333333333333334
2 0.279 0.36466666666666664 0.0185 0.016666666666666666
2 0.289 0.344 0.018 0.016
3 0.259 0.30933333333333335 0.033 0.032
3 0.282 0.2786666666666667 0.031 0.028666666666666667
3 0.239 0.252 0.0305 0.030666666666666665
3 0.2115 0.2773333333333333 0.034 0.034
1 0.1925 0.31466666666666665 0.0065 0.02
3 0.3605 0.19466666666666665 0.026 0.02266666666666667
3 0.329 0.17333333333333334 0.024 0.025333333333333333
3 0.307 0.19133333333333333 0.025 0.025333333333333333
3 0.379 0.17466666666666666 0.0235 0.018666666666666668
3 0.4025 0.15866666666666668 0.0325 0.018
3 0.4245 0.14266666666666666 0.0265 0.017333333333333333
3 0.4075 0.11533333333333333 0.0175 0.016
3 0.422 0.10333333333333333 0.0165 0.017333333333333333
3 0.455 0.08466666666666667 0.015 0.014
3 0.4485 0.118 0.0155 0.015333333333333332
3 0.4615 0.10666666666666667 0.015 0.016
3 0.4735 0.094 0.0155 0.015333333333333332
2 0.5075 0.702 0.0135 0.03666666666666667
1 0.5085 0.7 0.012 0.029333333333333333
