6 0.5028571428571429 0.3730964467005076 0.047142857142857146 0.1065989847715736
3 0.45714285714285713 0.3020304568527919 0.02214285714285714 0.03299492385786802
3 0.23714285714285716 0.07233502538071065 0.016428571428571428 0.017766497461928935
3 0.3607142857142857 0.19923857868020303 0.016428571428571428 0.025380710659898477
6 0.37 0.09771573604060914 0.03642857142857143 0.03299492385786802
6 0.3757142857142857 0.08121827411167512 0.037142857142857144 0.0266497461928934
6 0.38142857142857145 0.05964467005076142 0.039285714285714285 0.027918781725888325
6 0.3921428571428571 0.025380710659898477 0.041428571428571426 0.025380710659898477
6 0.40214285714285714 0.0 0.03857142857142857 0.024111675126903553
6 0.4407142857142857 0.0 0.01 0.011421319796954314
6 0.4514285714285714 0.0 0.0064285714285714285 0.01015228426395939
6 0.465 0.0 0.008571428571428572 0.006345177664974619
3 0.4521428571428571 0.366751269035533 0.02 0.04060913705583756
3 0.3028571428571429 0.23477157360406092 0.012142857142857143 0.02918781725888325
8 0.16857142857142857 0.02030456852791878 0.013571428571428571 0.021573604060913704
8 0.21928571428571428 0.0 0.019285714285714285 0.013959390862944163
3 0.20357142857142857 0.0 0.012857142857142857 0.006345177664974619
6 0.2507142857142857 0.005076142131979695 0.020714285714285713 0.021573604060913704
3 0.24285714285714285 0.005076142131979695 0.013571428571428571 0.015228426395939087
