3 0.0 0.7485714285714286 0.035 0.09904761904761905
3 0.035 0.7428571428571429 0.04214285714285714 0.10285714285714286
3 0.07571428571428572 0.7428571428571429 0.03857142857142857 0.1
3 0.11214285714285714 0.7552380952380953 0.02857142857142857 0.09333333333333334
3 0.1407142857142857 0.7571428571428571 0.03571428571428571 0.08666666666666667
3 0.18 0.7390476190476191 0.03571428571428571 0.1
3 0.21357142857142858 0.7380952380952381 0.03428571428571429 0.10095238095238095
3 0.32785714285714285 0.7114285714285714 0.03857142857142857 0.09523809523809523
3 0.0 0.6171428571428571 0.062142857142857146 0.047619047619047616
3 0.04214285714285714 0.5628571428571428 0.07142857142857142 0.047619047619047616
3 0.38785714285714284 0.5342857142857143 0.07071428571428572 0.04857142857142857
3 0.46785714285714286 0.5247619047619048 0.07214285714285715 0.047619047619047616
3 0.6221428571428571 0.6952380952380952 0.04 0.09333333333333334
3 0.7028571428571428 0.6742857142857143 0.03571428571428571 0.09904761904761905
3 0.7421428571428571 0.679047619047619 0.03428571428571429 0.08761904761904762
3 0.7778571428571428 0.68 0.03428571428571429 0.09428571428571429
3 0.8142857142857143 0.6761904761904762 0.041428571428571426 0.09142857142857143
3 0.855 0.6666666666666666 0.03857142857142857 0.0980952380952381
3 0.8935714285714286 0.660952380952381 0.03428571428571429 0.09619047619047619
3 0.9242857142857143 0.6561904761904762 0.04214285714285714 0.1
8 0.5478571428571428 0.5057142857142857 0.09785714285714285 0.06380952380952382
3 0.6271428571428571 0.560952380952381 0.07 0.04
3 0.6807142857142857 0.5152380952380953 0.06642857142857143 0.04285714285714286
3 0.7785714285714286 0.5466666666666666 0.06428571428571428 0.04666666666666667
3 0.7707142857142857 0.5066666666666667 0.07214285714285715 0.04285714285714286
3 0.8557142857142858 0.4552380952380952 0.04214285714285714 0.09047619047619047
4 0.9435714285714286 0.4257142857142857 0.017857142857142856 0.04380952380952381
3 0.7142857142857143 0.03428571428571429 0.05714285714285714 0.0380952380952381
3 0.7842857142857143 0.02761904761904762 0.05714285714285714 0.0419047619047619
3 0.8557142857142858 0.03619047619047619 0.056428571428571425 0.0380952380952381
