1 0.1492857142857143 0.8972081218274112 0.015714285714285715 0.044416243654822336
1 0.18928571428571428 0.6294416243654822 0.017857142857142856 0.04314720812182741
1 0.2307142857142857 0.3223350253807107 0.011428571428571429 0.03807106598984772
1 0.5 0.8312182741116751 0.017857142857142856 0.03680203045685279
1 0.405 0.75 0.011428571428571429 0.02918781725888325
1 0.40285714285714286 0.7360406091370558 0.014285714285714285 0.01903553299492386
1 0.4164285714285714 0.7258883248730964 0.016428571428571428 0.01903553299492386
1 0.4228571428571429 0.7423857868020305 0.009285714285714286 0.021573604060913704
1 0.49 0.4098984771573604 0.018571428571428572 0.02918781725888325
1 0.49214285714285716 0.4022842639593909 0.017857142857142856 0.024111675126903553
1 0.4857142857142857 0.33375634517766495 0.011428571428571429 0.02918781725888325
1 0.44 0.37055837563451777 0.01 0.02030456852791878
1 0.43142857142857144 0.2563451776649746 0.009285714285714286 0.04314720812182741
1 0.4442857142857143 0.3248730964467005 0.010714285714285714 0.024111675126903553
1 0.49857142857142855 0.1281725888324873 0.008571428571428572 0.025380710659898477
1 0.49714285714285716 0.15609137055837563 0.007142857142857143 0.031725888324873094
1 0.5021428571428571 0.16751269035532995 0.005 0.01649746192893401
1 0.5471428571428572 0.18908629441624367 0.009285714285714286 0.03553299492385787
1 0.4828571428571429 0.0532994923857868 0.01 0.02284263959390863
1 0.48428571428571426 0.04568527918781726 0.008571428571428572 0.0266497461928934
1 0.4228571428571429 0.03426395939086294 0.007857142857142858 0.015228426395939087
1 0.4207142857142857 0.02918781725888325 0.007142857142857143 0.01649746192893401
1 0.32 0.1649746192893401 0.010714285714285714 0.024111675126903553
3 0.07928571428571428 0.22461928934010153 0.065 0.15101522842639595
3 0.023571428571428573 0.02284263959390863 0.06 0.11548223350253807
6 0.0 0.24492385786802032 0.062142857142857146 0.3210659898477157
1 0.5485714285714286 0.1814720812182741 0.005714285714285714 0.03553299492385787
1 0.5435714285714286 0.17385786802030456 0.0064285714285714285 0.031725888324873094
