1 0.08642857142857142 0.7961904761904762 0.030714285714285715 0.05047619047619047
1 0.10214285714285715 0.7752380952380953 0.04214285714285714 0.04285714285714286
1 0.8664285714285714 0.800952380952381 0.029285714285714286 0.05523809523809524
1 0.6942857142857143 0.9047619047619048 0.02642857142857143 0.04380952380952381
3 0.3221428571428571 0.5238095238095238 0.07642857142857143 0.13142857142857142
3 0.265 0.49523809523809526 0.07642857142857143 0.11619047619047619
3 0.17214285714285715 0.47619047619047616 0.095 0.1523809523809524
8 0.004285714285714286 0.4580952380952381 0.13857142857142857 0.13904761904761906
1 0.035 0.579047619047619 0.023571428571428573 0.04380952380952381
3 0.79 0.0 0.023571428571428573 0.037142857142857144
8 0.49357142857142855 0.05523809523809524 0.047857142857142855 0.04857142857142857
3 0.4035714285714286 0.07142857142857142 0.03785714285714286 0.0380952380952381
3 0.45785714285714285 0.02857142857142857 0.029285714285714286 0.03238095238095238
3 0.4928571428571429 0.006666666666666667 0.025714285714285714 0.025714285714285714
3 0.06428571428571428 0.23809523809523808 0.065 0.04476190476190476
3 0.022857142857142857 0.2723809523809524 0.07142857142857142 0.0380952380952381
3 0.0 0.3019047619047619 0.054285714285714284 0.04666666666666667
3 0.10571428571428572 0.14952380952380953 0.05785714285714286 0.03238095238095238
1 0.18071428571428572 0.32095238095238093 0.016428571428571428 0.035238095238095235
1 0.16714285714285715 0.3180952380952381 0.014285714285714285 0.023809523809523808
2 0.009285714285714286 0.21904761904761905 0.027857142857142858 0.021904761904761906
2 0.0007142857142857143 0.22952380952380952 0.024285714285714285 0.018095238095238095
2 0.0 0.2342857142857143 0.025 0.014285714285714285
4 0.04428571428571428 0.19714285714285715 0.019285714285714285 0.021904761904761906
4 0.07785714285714286 0.17333333333333334 0.017142857142857144 0.01904761904761905
1 0.5407142857142857 0.010476190476190476 0.007142857142857143 0.018095238095238095
4 0.54 0.01619047619047619 0.008571428571428572 0.01619047619047619
3 0.515 0.0 0.018571428571428572 0.013333333333333334
1 0.4328571428571429 0.9228571428571428 0.019285714285714285 0.04
2 0.43714285714285717 0.88 0.037142857142857144 0.10761904761904761
1 0.49 0.035238095238095235 0.009285714285714286 0.023809523809523808
1 0.495 0.05523809523809524 0.009285714285714286 0.018095238095238095
