3 0.6471428571428571 0.42258883248730966 0.03857142857142857 0.03807106598984772
3 0.6935714285714286 0.4289340101522843 0.03428571428571429 0.0266497461928934
3 0.7421428571428571 0.42385786802030456 0.03785714285714286 0.031725888324873094
8 0.7435714285714285 0.3362944162436548 0.085 0.05964467005076142
6 0.6335714285714286 0.33756345177664976 0.09071428571428572 0.06472081218274112
3 0.6292857142857143 0.4035532994923858 0.035 0.030456852791878174
3 0.5471428571428572 0.30710659898477155 0.03571428571428571 0.02918781725888325
3 0.8328571428571429 0.282994923857868 0.03785714285714286 0.031725888324873094
8 0.2742857142857143 0.2563451776649746 0.05714285714285714 0.04187817258883249
6 0.5007142857142857 0.04187817258883249 0.015714285714285715 0.05583756345177665
6 0.5221428571428571 0.08629441624365482 0.017142857142857144 0.05583756345177665
3 0.5421428571428571 0.1319796954314721 0.016428571428571428 0.03553299492385787
3 0.5378571428571428 0.09644670050761421 0.015 0.02918781725888325
3 0.5342857142857143 0.050761421319796954 0.015 0.03680203045685279
3 0.5328571428571428 0.005076142131979695 0.012142857142857143 0.03299492385786802
3 0.5157142857142857 0.0 0.013571428571428571 0.03426395939086294
8 0.4828571428571429 0.006345177664974619 0.016428571428571428 0.0583756345177665
