2 0.5375782881002088 0.9239332096474954 0.029227557411273485 0.0640074211502783
3 0.5036534446764092 0.950834879406308 0.04175365344467641 0.04823747680890538
3 0.42745302713987476 0.7699443413729128 0.049060542797494784 0.09925788497217068
3 0.3893528183716075 0.6753246753246753 0.04540709812108559 0.09554730983302412
3 0.45041753653444677 0.0 0.03288100208768267 0.04359925788497217
3 0.27139874739039666 0.4090909090909091 0.037056367432150315 0.07235621521335807
3 0.24478079331941544 0.3460111317254174 0.037578288100208766 0.07050092764378478
3 0.22129436325678498 0.3738404452690167 0.037578288100208766 0.07235621521335807
3 0.18789144050104384 0.3970315398886827 0.04123173277661795 0.07977736549165121
3 0.16336116910229645 0.424860853432282 0.038622129436325675 0.0686456400742115
2 0.17118997912317327 0.5037105751391465 0.014613778705636743 0.03153988868274583
4 0.162839248434238 0.5055658627087198 0.013048016701461378 0.03432282003710575
8 0.17066805845511482 0.17068645640074212 0.054279749478079335 0.10667903525046382
8 0.061586638830897704 0.2690166975881262 0.07359081419624217 0.07884972170686456
3 0.06471816283924843 0.26159554730983303 0.048538622129436326 0.04730983302411874
3 0.061064718162839246 0.24025974025974026 0.0407098121085595 0.041743970315398886
3 0.043319415448851775 0.20500927643784786 0.05323590814196242 0.04638218923933209
3 0.037578288100208766 0.18645640074211503 0.04175365344467641 0.03525046382189239
3 0.024530271398747392 0.16326530612244897 0.049582463465553235 0.04452690166975881
3 0.14248434237995825 0.17996289424860853 0.031837160751565764 0.05194805194805195
3 0.12212943632567849 0.1280148423005566 0.029227557411273485 0.05287569573283859
3 0.1403966597077244 0.11131725417439703 0.03444676409185804 0.05102040816326531
3 0.1638830897703549 0.15398886827458255 0.022964509394572025 0.04267161410018553
3 0.09864300626304802 0.07328385899814471 0.032359081419624215 0.0640074211502783
8 0.11534446764091857 0.03896103896103896 0.03966597077244259 0.07606679035250463
8 0.10490605427974947 0.0074211502782931356 0.02139874739039666 0.04730983302411874
4 0.009916492693110648 0.12152133580705009 0.015135699373695199 0.03432282003710575
4 0.1299582463465553 0.9202226345083488 0.06680584551148225 0.07884972170686456
