1 0.38571428571428573 0.6104761904761905 0.02857142857142857 0.06190476190476191
1 0.24857142857142858 0.5952380952380952 0.027857142857142858 0.06571428571428571
1 0.18 0.5904761904761905 0.027142857142857142 0.06761904761904762
1 0.056428571428571425 0.560952380952381 0.02642857142857143 0.06190476190476191
1 0.12357142857142857 0.6666666666666666 0.04071428571428572 0.06380952380952382
1 0.14142857142857143 0.6523809523809524 0.03214285714285714 0.06476190476190476
1 0.17 0.4238095238095238 0.017142857142857144 0.05047619047619047
1 0.11714285714285715 0.3495238095238095 0.016428571428571428 0.035238095238095235
1 0.056428571428571425 0.49333333333333335 0.02 0.05333333333333334
1 0.060714285714285714 0.4847619047619048 0.023571428571428573 0.045714285714285714
3 0.07071428571428572 0.4819047619047619 0.08857142857142856 0.08095238095238096
1 0.08928571428571429 0.4419047619047619 0.017142857142857144 0.025714285714285714
1 0.2807142857142857 0.559047619047619 0.019285714285714285 0.06285714285714286
1 0.30142857142857143 0.5628571428571428 0.02142857142857143 0.04857142857142857
2 0.29928571428571427 0.5819047619047619 0.020714285714285713 0.05047619047619047
2 0.38 0.5304761904761904 0.020714285714285713 0.035238095238095235
2 0.3264285714285714 0.5085714285714286 0.03214285714285714 0.02761904761904762
2 0.24785714285714286 0.5304761904761904 0.045 0.03333333333333333
1 0.37857142857142856 0.5095238095238095 0.02142857142857143 0.049523809523809526
1 0.26 0.5133333333333333 0.020714285714285713 0.04285714285714286
1 0.33071428571428574 0.4866666666666667 0.022857142857142857 0.04380952380952381
1 0.32857142857142857 0.46285714285714286 0.019285714285714285 0.047619047619047616
1 0.30428571428571427 0.4552380952380952 0.010714285714285714 0.040952380952380955
1 0.29285714285714287 0.44857142857142857 0.016428571428571428 0.04380952380952381
3 0.17 0.4057142857142857 0.08285714285714285 0.047619047619047616
3 0.15571428571428572 0.38476190476190475 0.08785714285714286 0.04380952380952381
3 0.14357142857142857 0.3638095238095238 0.08 0.0419047619047619
3 0.13714285714285715 0.3485714285714286 0.07214285714285715 0.04
3 0.09071428571428572 0.31523809523809526 0.06142857142857143 0.037142857142857144
1 0.06928571428571428 0.3161904761904762 0.012142857142857143 0.02857142857142857
3 0.07571428571428572 0.29333333333333333 0.06285714285714286 0.03142857142857143
3 0.075 0.2857142857142857 0.05785714285714286 0.024761904761904763
3 0.06 0.28476190476190477 0.04928571428571429 0.02666666666666667
3 0.06357142857142857 0.27904761904761904 0.04285714285714286 0.02666666666666667
3 0.14642857142857144 0.2923809523809524 0.03142857142857143 0.03238095238095238
3 0.13071428571428573 0.28095238095238095 0.029285714285714286 0.029523809523809525
3 0.11214285714285714 0.2704761904761905 0.025714285714285714 0.02761904761904762
3 0.1 0.2580952380952381 0.02142857142857143 0.023809523809523808
3 0.14357142857142857 0.2619047619047619 0.025714285714285714 0.023809523809523808
3 0.12142857142857143 0.24952380952380954 0.025714285714285714 0.024761904761904763
3 0.12857142857142856 0.23904761904761904 0.020714285714285713 0.022857142857142857
3 0.15071428571428572 0.24952380952380954 0.027142857142857142 0.024761904761904763
3 0.16857142857142857 0.259047619047619 0.029285714285714286 0.021904761904761906
3 0.1742857142857143 0.27714285714285714 0.02642857142857143 0.021904761904761906
3 0.1992857142857143 0.2723809523809524 0.02642857142857143 0.024761904761904763
3 0.1957142857142857 0.2885714285714286 0.03 0.029523809523809525
3 0.2257142857142857 0.28476190476190477 0.025 0.02761904761904762
3 0.21214285714285713 0.3076190476190476 0.03642857142857143 0.02666666666666667
3 0.21428571428571427 0.32666666666666666 0.05285714285714286 0.03333333333333333
3 0.23714285714285716 0.29428571428571426 0.03428571428571429 0.035238095238095235
3 0.2592857142857143 0.30666666666666664 0.03642857142857143 0.03238095238095238
3 0.26357142857142857 0.3342857142857143 0.047857142857142855 0.049523809523809526
3 0.29 0.32285714285714284 0.045 0.04285714285714286
3 0.305 0.3638095238095238 0.05357142857142857 0.05047619047619047
3 0.3357142857142857 0.35333333333333333 0.05071428571428571 0.04
3 0.3435714285714286 0.3295238095238095 0.04642857142857143 0.03619047619047619
3 0.39571428571428574 0.35428571428571426 0.054285714285714284 0.039047619047619046
1 0.4607142857142857 0.34285714285714286 0.007857142857142858 0.03238095238095238
1 0.39785714285714285 0.3314285714285714 0.047857142857142855 0.030476190476190476
1 0.37142857142857144 0.3161904761904762 0.04071428571428572 0.02857142857142857
1 0.3485714285714286 0.29714285714285715 0.03357142857142857 0.03142857142857143
6 0.2664285714285714 0.26761904761904765 0.09071428571428572 0.07238095238095238
1 0.5635714285714286 0.38761904761904764 0.010714285714285714 0.035238095238095235
1 0.5471428571428572 0.3580952380952381 0.014285714285714285 0.035238095238095235
1 0.5621428571428572 0.32571428571428573 0.008571428571428572 0.02857142857142857
1 0.5657142857142857 0.3038095238095238 0.007857142857142858 0.02761904761904762
1 0.6607142857142857 0.3514285714285714 0.008571428571428572 0.03428571428571429
1 0.5064285714285715 0.30666666666666664 0.007857142857142858 0.02666666666666667
1 0.5164285714285715 0.32 0.007142857142857143 0.014285714285714285
1 0.5042857142857143 0.30952380952380953 0.007142857142857143 0.022857142857142857
1 0.47214285714285714 0.3076190476190476 0.009285714285714286 0.02857142857142857
3 0.4785714285714286 0.3333333333333333 0.06142857142857143 0.030476190476190476
3 0.4235714285714286 0.30095238095238097 0.05 0.03142857142857143
3 0.3914285714285714 0.29904761904761906 0.045 0.02761904761904762
3 0.3792857142857143 0.2923809523809524 0.04428571428571428 0.025714285714285714
3 0.3628571428571429 0.2895238095238095 0.05 0.022857142857142857
1 0.4092857142857143 0.2761904761904762 0.005714285714285714 0.02
1 0.40214285714285714 0.2742857142857143 0.0064285714285714285 0.022857142857142857
1 0.42928571428571427 0.2838095238095238 0.0064285714285714285 0.021904761904761906
8 0.33071428571428574 0.26761904761904765 0.039285714285714285 0.024761904761904763
3 0.3142857142857143 0.2638095238095238 0.04214285714285714 0.023809523809523808
3 0.295 0.26 0.037142857142857144 0.021904761904761906
3 0.2857142857142857 0.2523809523809524 0.035 0.022857142857142857
3 0.2742857142857143 0.24952380952380954 0.03642857142857143 0.022857142857142857
3 0.25 0.2419047619047619 0.041428571428571426 0.02095238095238095
3 0.25214285714285717 0.26 0.02857142857142857 0.01904761904761905
3 0.2342857142857143 0.25142857142857145 0.024285714285714285 0.02095238095238095
3 0.21071428571428572 0.2438095238095238 0.025714285714285714 0.02095238095238095
3 0.19 0.2361904761904762 0.027857142857142858 0.021904761904761906
3 0.16857142857142857 0.2342857142857143 0.027142857142857142 0.017142857142857144
3 0.15 0.2257142857142857 0.027142857142857142 0.02095238095238095
1 0.15 0.23523809523809525 0.005714285714285714 0.011428571428571429
4 0.14857142857142858 0.24095238095238095 0.009285714285714286 0.010476190476190476
3 0.2292857142857143 0.23809523809523808 0.02857142857142857 0.017142857142857144
3 0.21357142857142858 0.2342857142857143 0.03142857142857143 0.018095238095238095
3 0.18714285714285714 0.22476190476190477 0.037142857142857144 0.02095238095238095
3 0.12928571428571428 0.21904761904761905 0.020714285714285713 0.021904761904761906
1 0.7007142857142857 0.35523809523809524 0.012857142857142857 0.03238095238095238
1 0.725 0.4076190476190476 0.007857142857142858 0.040952380952380955
1 0.7321428571428571 0.41523809523809524 0.0064285714285714285 0.02666666666666667
1 0.7407142857142858 0.3942857142857143 0.010714285714285714 0.037142857142857144
1 0.755 0.4038095238095238 0.015 0.04
1 0.7821428571428571 0.4247619047619048 0.013571428571428571 0.0419047619047619
1 0.7864285714285715 0.40285714285714286 0.010714285714285714 0.04
1 0.7707142857142857 0.38476190476190475 0.014285714285714285 0.03428571428571429
1 0.7785714285714286 0.37714285714285717 0.010714285714285714 0.03238095238095238
1 0.7471428571428571 0.46190476190476193 0.017142857142857144 0.0419047619047619
4 0.7357142857142858 0.47523809523809524 0.04 0.037142857142857144
3 0.9207142857142857 0.3638095238095238 0.04928571428571429 0.05238095238095238
1 0.8635714285714285 0.29714285714285715 0.007857142857142858 0.025714285714285714
1 0.9278571428571428 0.27714285714285714 0.007857142857142858 0.023809523809523808
1 0.83 0.30666666666666664 0.009285714285714286 0.021904761904761906
1 0.8228571428571428 0.30952380952380953 0.01 0.025714285714285714
1 0.7992857142857143 0.32285714285714284 0.007857142857142858 0.02857142857142857
1 0.7921428571428571 0.3238095238095238 0.005714285714285714 0.025714285714285714
3 0.5785714285714286 0.35428571428571426 0.055714285714285716 0.04285714285714286
3 0.595 0.3323809523809524 0.05714285714285714 0.04857142857142857
3 0.6335714285714286 0.3295238095238095 0.04428571428571428 0.0419047619047619
3 0.6571428571428571 0.32571428571428573 0.05285714285714286 0.04
3 0.6771428571428572 0.319047619047619 0.05142857142857143 0.037142857142857144
3 0.7 0.31523809523809526 0.047142857142857146 0.03619047619047619
3 0.72 0.31142857142857144 0.04428571428571428 0.035238095238095235
3 0.735 0.3038095238095238 0.05142857142857143 0.037142857142857144
3 0.7642857142857142 0.3019047619047619 0.03785714285714286 0.030476190476190476
3 0.7742857142857142 0.29714285714285715 0.037142857142857144 0.030476190476190476
3 0.7871428571428571 0.29333333333333333 0.039285714285714285 0.029523809523809525
3 0.7978571428571428 0.2914285714285714 0.04857142857142857 0.037142857142857144
3 0.8092857142857143 0.28285714285714286 0.047142857142857146 0.03142857142857143
3 0.8535714285714285 0.2714285714285714 0.04642857142857143 0.029523809523809525
3 0.8728571428571429 0.26761904761904765 0.04357142857142857 0.029523809523809525
3 0.885 0.259047619047619 0.037142857142857144 0.03238095238095238
3 0.8964285714285715 0.26095238095238094 0.035 0.029523809523809525
3 0.9021428571428571 0.2571428571428571 0.04428571428571428 0.02666666666666667
3 0.9278571428571428 0.25333333333333335 0.032857142857142856 0.03238095238095238
3 0.9564285714285714 0.24761904761904763 0.030714285714285715 0.02666666666666667
3 0.9671428571428572 0.24571428571428572 0.02857142857142857 0.025714285714285714
3 0.9742857142857143 0.24285714285714285 0.025714285714285714 0.025714285714285714
1 0.9828571428571429 0.26666666666666666 0.007142857142857143 0.024761904761904763
1 0.9771428571428571 0.2838095238095238 0.005714285714285714 0.018095238095238095
1 0.9664285714285714 0.28095238095238095 0.010714285714285714 0.024761904761904763
1 0.9092857142857143 0.30952380952380953 0.010714285714285714 0.02857142857142857
1 0.8785714285714286 0.31142857142857144 0.008571428571428572 0.030476190476190476
2 0.8735714285714286 0.3342857142857143 0.017857142857142856 0.017142857142857144
