4 0.326 0.8773333333333333 0.029 0.027333333333333334
2 0.3545 0.864 0.0215 0.02666666666666667
4 0.3995 0.834 0.0235 0.04
2 0.419 0.83 0.0205 0.022
2 0.4095 0.8333333333333334 0.0165 0.02666666666666667
2 0.45 0.808 0.0195 0.028666666666666667
2 0.465 0.802 0.0205 0.027333333333333334
3 0.5045 0.7046666666666667 0.0435 0.030666666666666665
3 0.4975 0.7646666666666667 0.052 0.04
3 0.548 0.724 0.0475 0.03333333333333333
1 0.4575 0.702 0.0075 0.018
4 0.4555 0.7073333333333334 0.013 0.018
3 0.46 0.6853333333333333 0.0355 0.027333333333333334
3 0.428 0.6726666666666666 0.0335 0.024
3 0.393 0.706 0.041 0.030666666666666665
3 0.3625 0.6873333333333334 0.0365 0.028
3 0.3395 0.666 0.0245 0.034666666666666665
1 0.339 0.6466666666666666 0.005 0.016666666666666666
1 0.3285 0.6306666666666667 0.0045 0.015333333333333332
1 0.3755 0.654 0.004 0.018
1 0.415 0.6433333333333333 0.0065 0.016666666666666666
2 0.396 0.6593333333333333 0.008 0.014
3 0.3665 0.6473333333333333 0.0285 0.02
3 0.349 0.638 0.026 0.019333333333333334
3 0.354 0.6166666666666667 0.03 0.014666666666666666
3 0.3175 0.622 0.009 0.017333333333333333
1 0.333 0.64 0.003 0.006
8 0.318 0.6126666666666667 0.0225 0.021333333333333333
3 0.6765 0.6846666666666666 0.0445 0.03
3 0.6965 0.68 0.0405 0.025333333333333333
3 0.701 0.7106666666666667 0.0365 0.03333333333333333
3 0.7085 0.736 0.042 0.034666666666666665
3 0.7405 0.804 0.0805 0.052
3 0.694 0.8493333333333334 0.077 0.08533333333333333
3 0.608 0.8253333333333334 0.0755 0.05733333333333333
1 0.652 0.8146666666666667 0.005 0.019333333333333334
1 0.6745 0.8286666666666667 0.0065 0.024666666666666667
1 0.676 0.8213333333333334 0.0045 0.021333333333333333
1 0.677 0.8166666666666667 0.005 0.02266666666666667
1 0.6755 0.8106666666666666 0.004 0.011333333333333334
1 0.6785 0.8026666666666666 0.0095 0.03933333333333333
4 0.772 0.6466666666666666 0.0125 0.015333333333333332
3 0.788 0.6366666666666667 0.0405 0.026
3 0.809 0.6326666666666667 0.042 0.021333333333333333
3 0.8235 0.6273333333333333 0.033 0.02266666666666667
8 0.8555 0.6313333333333333 0.0395 0.04
1 0.88 0.5733333333333334 0.0035 0.012
3 0.849 0.85 0.099 0.06733333333333333
3 0.7795 0.9166666666666666 0.107 0.08
1 0.7155 0.6413333333333333 0.0045 0.016666666666666666
1 0.727 0.5986666666666667 0.0025 0.013333333333333334
1 0.703 0.598 0.003 0.008
1 0.7215 0.604 0.002 0.0033333333333333335
1 0.709 0.5986666666666667 0.0015 0.008
3 0.704 0.5613333333333334 0.0085 0.007333333333333333
2 0.7 0.5626666666666666 0.005 0.005333333333333333
3 0.4485 0.5366666666666666 0.0105 0.006666666666666667
3 0.4355 0.5286666666666666 0.0105 0.006
3 0.4145 0.5253333333333333 0.0155 0.01
3 0.4135 0.5706666666666667 0.016 0.010666666666666666
3 0.4045 0.5353333333333333 0.0075 0.007333333333333333
3 0.449 0.5306666666666666 0.0055 0.005333333333333333
3 0.4 0.528 0.0075 0.006
1 0.4195 0.5393333333333333 0.001 0.006
1 0.4105 0.5586666666666666 0.002 0.006666666666666667
3 0.3185 0.6593333333333333 0.0175 0.02266666666666667
3 0.827 0.5493333333333333 0.0095 0.008
3 0.837 0.6246666666666667 0.0285 0.014666666666666666
3 0.854 0.624 0.025 0.01
3 0.8665 0.622 0.0315 0.018666666666666668
3 0.916 0.6106666666666667 0.027 0.016
2 0.8855 0.6653333333333333 0.0195 0.016666666666666666
2 0.8975 0.6793333333333333 0.014 0.014
4 0.9245 0.728 0.012 0.024666666666666667
2 0.935 0.7346666666666667 0.004 0.019333333333333334
2 0.914 0.7093333333333334 0.0075 0.017333333333333333
3 0.6625 0.5446666666666666 0.0125 0.007333333333333333
3 0.6705 0.546 0.014 0.005333333333333333
3 0.6635 0.5526666666666666 0.0145 0.006
3 0.6725 0.5513333333333333 0.016 0.008
3 0.678 0.5493333333333333 0.0145 0.008666666666666666
4 0.93 0.7073333333333334 0.008 0.019333333333333334
2 0.924 0.7106666666666667 0.0065 0.012666666666666666
4 0.9105 0.7246666666666667 0.0055 0.022
3 0.7985 0.7146666666666667 0.063 0.03333333333333333
3 0.782 0.6933333333333334 0.036 0.027333333333333334
3 0.978 0.9073333333333333 0.022 0.043333333333333335
