3 0.3492857142857143 0.8959390862944162 0.03857142857142857 0.09137055837563451
3 0.31857142857142856 0.8223350253807107 0.03857142857142857 0.0799492385786802
3 0.18285714285714286 0.7068527918781726 0.04357142857142857 0.06598984771573604
3 0.4471428571428571 0.5380710659898477 0.02857142857142857 0.0532994923857868
3 0.5735714285714286 0.35279187817258884 0.018571428571428572 0.03680203045685279
3 0.5714285714285714 0.22842639593908629 0.016428571428571428 0.02284263959390863
3 0.5628571428571428 0.19035532994923857 0.017142857142857144 0.030456852791878174
3 0.67 0.03934010152284264 0.012142857142857143 0.01649746192893401
3 0.73 0.19543147208121828 0.013571428571428571 0.027918781725888325
3 0.7607142857142857 0.03426395939086294 0.012857142857142857 0.015228426395939087
