3 0.31357142857142856 0.12666666666666668 0.02857142857142857 0.02
3 0.3192857142857143 0.16666666666666666 0.027142857142857142 0.017142857142857144
3 0.3242857142857143 0.18476190476190477 0.025714285714285714 0.01904761904761905
3 0.3507142857142857 0.05523809523809524 0.029285714285714286 0.021904761904761906
3 0.4164285714285714 0.005714285714285714 0.012857142857142857 0.039047619047619046
3 0.415 0.05523809523809524 0.011428571428571429 0.03333333333333333
3 0.4114285714285714 0.09619047619047619 0.011428571428571429 0.035238095238095235
3 0.4085714285714286 0.1380952380952381 0.011428571428571429 0.03428571428571429
3 0.5628571428571428 0.08095238095238096 0.012142857142857143 0.03238095238095238
3 0.5578571428571428 0.12095238095238095 0.011428571428571429 0.037142857142857144
3 0.3157142857142857 0.24571428571428572 0.027857142857142858 0.021904761904761906
3 0.3364285714285714 0.2523809523809524 0.025 0.030476190476190476
3 0.35642857142857143 0.2723809523809524 0.02142857142857143 0.014285714285714285
3 0.33785714285714286 0.2895238095238095 0.02642857142857143 0.018095238095238095
3 0.3385714285714286 0.30857142857142855 0.025714285714285714 0.018095238095238095
3 0.4185714285714286 0.28095238095238095 0.010714285714285714 0.0380952380952381
3 0.4328571428571429 0.2695238095238095 0.010714285714285714 0.0380952380952381
3 0.465 0.2714285714285714 0.014285714285714285 0.0380952380952381
3 0.48214285714285715 0.2704761904761905 0.011428571428571429 0.03619047619047619
3 0.5007142857142857 0.2638095238095238 0.014285714285714285 0.039047619047619046
3 0.5214285714285715 0.2695238095238095 0.013571428571428571 0.03619047619047619
8 0.43142857142857144 0.17333333333333334 0.035 0.02761904761904762
3 0.4407142857142857 0.2 0.02642857142857143 0.02
3 0.4757142857142857 0.18095238095238095 0.012142857142857143 0.02857142857142857
3 0.49 0.18 0.012142857142857143 0.03619047619047619
3 0.505 0.18 0.012142857142857143 0.03428571428571429
8 0.52 0.17809523809523808 0.037142857142857144 0.02666666666666667
3 0.575 0.2038095238095238 0.012857142857142857 0.0419047619047619
3 0.5707142857142857 0.32857142857142857 0.013571428571428571 0.0380952380952381
4 0.5378571428571428 0.2923809523809524 0.0064285714285714285 0.013333333333333334
3 0.6014285714285714 0.04857142857142857 0.011428571428571429 0.03333333333333333
3 0.6235714285714286 0.07238095238095238 0.010714285714285714 0.030476190476190476
3 0.7592857142857142 0.23904761904761904 0.022857142857142857 0.02
3 0.7871428571428571 0.23142857142857143 0.02642857142857143 0.017142857142857144
3 0.8342857142857143 0.24476190476190476 0.02642857142857143 0.022857142857142857
3 0.6278571428571429 0.579047619047619 0.027142857142857142 0.02095238095238095
3 0.6371428571428571 0.6180952380952381 0.02642857142857143 0.02
3 0.6678571428571428 0.6257142857142857 0.02642857142857143 0.018095238095238095
3 0.7228571428571429 0.638095238095238 0.025714285714285714 0.01904761904761905
3 0.4057142857142857 0.3495238095238095 0.015 0.03428571428571429
3 0.41214285714285714 0.3904761904761905 0.014285714285714285 0.035238095238095235
3 0.4164285714285714 0.4361904761904762 0.012142857142857143 0.039047619047619046
3 0.42 0.4838095238095238 0.012142857142857143 0.04
3 0.31642857142857145 0.38857142857142857 0.02214285714285714 0.02
3 0.3157142857142857 0.4142857142857143 0.02857142857142857 0.02
3 0.30857142857142855 0.49333333333333335 0.015714285714285715 0.035238095238095235
3 0.3842857142857143 0.6247619047619047 0.024285714285714285 0.030476190476190476
3 0.39285714285714285 0.6904761904761905 0.017857142857142856 0.0380952380952381
3 0.4114285714285714 0.7828571428571428 0.011428571428571429 0.03142857142857143
3 0.35714285714285715 0.7761904761904762 0.025 0.02
3 0.3678571428571429 0.8533333333333334 0.012142857142857143 0.03238095238095238
3 0.4114285714285714 0.8676190476190476 0.022857142857142857 0.03142857142857143
4 0.51 0.24476190476190476 0.011428571428571429 0.009523809523809525
4 0.6307142857142857 0.2714285714285714 0.010714285714285714 0.010476190476190476
4 0.5992857142857143 0.6247619047619047 0.005 0.010476190476190476
4 0.6 0.8247619047619048 0.005 0.01904761904761905
4 0.6021428571428571 0.9133333333333333 0.005714285714285714 0.01904761904761905
1 0.625 0.8076190476190476 0.005714285714285714 0.009523809523809525
1 0.6192857142857143 0.8161904761904762 0.005714285714285714 0.008571428571428572
1 0.6228571428571429 0.8809523809523809 0.005 0.009523809523809525
1 0.6085714285714285 0.21523809523809523 0.005 0.009523809523809525
1 0.5678571428571428 0.19238095238095237 0.005 0.009523809523809525
1 0.6 0.42095238095238097 0.004285714285714286 0.005714285714285714
4 0.39285714285714285 0.29428571428571426 0.0064285714285714285 0.014285714285714285
4 0.39571428571428574 0.3638095238095238 0.0064285714285714285 0.017142857142857144
4 0.36714285714285716 0.3219047619047619 0.005 0.009523809523809525
4 0.34214285714285714 0.34476190476190477 0.007142857142857143 0.010476190476190476
