3 0.4942857142857143 0.660952380952381 0.07 0.19047619047619047
8 0.5885714285714285 0.5952380952380952 0.08285714285714285 0.16
3 0.4014285714285714 0.4180952380952381 0.06357142857142857 0.09714285714285714
3 0.5478571428571428 0.31238095238095237 0.022857142857142857 0.02666666666666667
3 0.5085714285714286 0.2733333333333333 0.017857142857142856 0.02
3 0.5685714285714286 0.26761904761904765 0.014285714285714285 0.013333333333333334
3 0.5614285714285714 0.25047619047619046 0.009285714285714286 0.014285714285714285
3 0.58 0.24476190476190476 0.012142857142857143 0.01619047619047619
3 0.5557142857142857 0.22952380952380952 0.008571428571428572 0.011428571428571429
1 0.19285714285714287 0.539047619047619 0.019285714285714285 0.05238095238095238
1 0.17785714285714285 0.5333333333333333 0.024285714285714285 0.05523809523809524
3 0.44642857142857145 0.2752380952380952 0.03214285714285714 0.017142857142857144
3 0.45357142857142857 0.26761904761904765 0.027857142857142858 0.01619047619047619
3 0.5214285714285715 0.25333333333333335 0.013571428571428571 0.017142857142857144
3 0.5257142857142857 0.24285714285714285 0.009285714285714286 0.010476190476190476
3 0.53 0.23047619047619047 0.008571428571428572 0.012380952380952381
3 0.5614285714285714 0.21523809523809523 0.0064285714285714285 0.008571428571428572
3 0.5514285714285714 0.21523809523809523 0.0064285714285714285 0.007619047619047619
3 0.5478571428571428 0.20666666666666667 0.005714285714285714 0.006666666666666667
3 0.5314285714285715 0.2038095238095238 0.005714285714285714 0.008571428571428572
3 0.5578571428571428 0.20761904761904762 0.0035714285714285713 0.005714285714285714
3 0.5514285714285714 0.2019047619047619 0.005 0.004761904761904762
3 0.5464285714285714 0.19714285714285715 0.004285714285714286 0.005714285714285714
3 0.5442857142857143 0.19142857142857142 0.0035714285714285713 0.006666666666666667
3 0.7107142857142857 0.32095238095238093 0.030714285714285715 0.024761904761904763
3 0.6928571428571428 0.3047619047619048 0.03357142857142857 0.023809523809523808
3 0.7764285714285715 0.36666666666666664 0.05785714285714286 0.047619047619047616
