1 0.42928571428571427 0.9631979695431472 0.015714285714285715 0.024111675126903553
1 0.4757142857142857 0.9670050761421319 0.015 0.031725888324873094
1 0.43785714285714283 0.7880710659898477 0.012142857142857143 0.04060913705583756
1 0.49142857142857144 0.8121827411167513 0.012857142857142857 0.03807106598984772
1 0.475 0.7309644670050761 0.01 0.04314720812182741
1 0.46785714285714286 0.7081218274111675 0.011428571428571429 0.03299492385786802
1 0.455 0.6852791878172588 0.008571428571428572 0.03299492385786802
1 0.425 0.7170050761421319 0.005 0.02284263959390863
1 0.41928571428571426 0.6967005076142132 0.01 0.03426395939086294
1 0.41285714285714287 0.6116751269035533 0.007857142857142858 0.03299492385786802
1 0.4157142857142857 0.42385786802030456 0.007857142857142858 0.03553299492385787
1 0.4164285714285714 0.4098984771573604 0.012857142857142857 0.03299492385786802
1 0.5664285714285714 0.26015228426395937 0.005 0.02918781725888325
1 0.5607142857142857 0.2652284263959391 0.005714285714285714 0.027918781725888325
1 0.6514285714285715 0.22588832487309646 0.0064285714285714285 0.030456852791878174
1 0.6707142857142857 0.15101522842639595 0.005714285714285714 0.025380710659898477
1 0.42928571428571427 0.046954314720812185 0.009285714285714286 0.027918781725888325
1 0.4357142857142857 0.048223350253807105 0.005714285714285714 0.025380710659898477
1 0.47214285714285714 0.18401015228426396 0.007857142857142858 0.017766497461928935
1 0.4735714285714286 0.17639593908629442 0.008571428571428572 0.017766497461928935
1 0.47214285714285714 0.10025380710659898 0.007857142857142858 0.015228426395939087
1 0.47714285714285715 0.28045685279187815 0.005 0.0266497461928934
1 0.475 0.2766497461928934 0.010714285714285714 0.031725888324873094
1 0.64 0.16878172588832488 0.007857142857142858 0.025380710659898477
1 0.66 0.1598984771573604 0.007142857142857143 0.0266497461928934
3 0.72 0.013959390862944163 0.041428571428571426 0.06598984771573604
3 0.7771428571428571 0.14213197969543148 0.05285714285714286 0.09644670050761421
3 0.9542857142857143 0.3680203045685279 0.045714285714285714 0.13578680203045684
8 0.8242857142857143 0.3895939086294416 0.10142857142857142 0.20050761421319796
3 0.9028571428571428 0.4251269035532995 0.07571428571428572 0.13578680203045684
1 0.4707142857142857 0.09137055837563451 0.008571428571428572 0.02030456852791878
