3 0.36357142857142855 0.6624365482233503 0.06571428571428571 0.050761421319796954
3 0.41785714285714287 0.5888324873096447 0.062142857142857146 0.04314720812182741
3 0.6421428571428571 0.5977157360406091 0.06357142857142857 0.046954314720812185
3 0.5721428571428572 0.6687817258883249 0.06857142857142857 0.0532994923857868
3 0.34 0.3197969543147208 0.06571428571428571 0.06091370558375635
3 0.09785714285714285 0.3197969543147208 0.06285714285714286 0.04568527918781726
3 0.047857142857142855 0.5088832487309645 0.06285714285714286 0.044416243654822336
3 0.056428571428571425 0.5736040609137056 0.06285714285714286 0.04949238578680203
3 0.029285714285714286 0.7246192893401016 0.06142857142857143 0.04314720812182741
3 0.5014285714285714 0.09771573604060914 0.03 0.08121827411167512
3 0.7692857142857142 0.7322335025380711 0.062142857142857146 0.04568527918781726
3 0.8028571428571428 0.4873096446700508 0.06571428571428571 0.044416243654822336
3 0.8871428571428571 0.4873096446700508 0.06428571428571428 0.04949238578680203
3 0.9042857142857142 0.6281725888324873 0.06857142857142857 0.044416243654822336
3 0.9464285714285714 0.5596446700507615 0.05357142857142857 0.0532994923857868
3 0.9685714285714285 0.4873096446700508 0.03142857142857143 0.04949238578680203
1 0.6742857142857143 0.217005076142132 0.009285714285714286 0.024111675126903553
1 0.35 0.9416243654822335 0.010714285714285714 0.02030456852791878
1 0.5821428571428572 0.10786802030456853 0.0064285714285714285 0.02284263959390863
8 0.2292857142857143 0.03807106598984772 0.06785714285714285 0.09771573604060914
3 0.445 0.0 0.02214285714285714 0.06598984771573604
3 0.0 0.6383248730964467 0.037142857142857144 0.0532994923857868
8 0.0 0.10279187817258884 0.06857142857142857 0.06852791878172589
1 0.375 0.20050761421319796 0.013571428571428571 0.021573604060913704
1 0.47714285714285715 0.14720812182741116 0.008571428571428572 0.02284263959390863
1 0.5778571428571428 0.20050761421319796 0.007857142857142858 0.02284263959390863
4 0.5735714285714286 0.20558375634517767 0.015714285714285715 0.025380710659898477
4 0.3757142857142857 0.19416243654822335 0.010714285714285714 0.03807106598984772
4 0.4764285714285714 0.1434010152284264 0.009285714285714286 0.03680203045685279
8 0.32285714285714284 0.0 0.03428571428571429 0.05964467005076142
6 0.4014285714285714 0.0 0.02857142857142857 0.04314720812182741
1 0.7207142857142858 0.22842639593908629 0.007142857142857143 0.024111675126903553
