1 0.7414285714285714 0.84 0.005714285714285714 0.023809523809523808
1 0.745 0.840952380952381 0.005714285714285714 0.022857142857142857
3 0.7092857142857143 0.8238095238095238 0.024285714285714285 0.02857142857142857
1 0.7557142857142857 0.8180952380952381 0.0064285714285714285 0.02761904761904762
3 0.74 0.819047619047619 0.029285714285714286 0.03142857142857143
1 0.815 0.7657142857142857 0.007142857142857143 0.018095238095238095
1 0.7428571428571429 0.62 0.0035714285714285713 0.008571428571428572
1 0.7278571428571429 0.6361904761904762 0.002857142857142857 0.010476190476190476
1 0.73 0.6352380952380953 0.0035714285714285713 0.011428571428571429
1 0.5885714285714285 0.6504761904761904 0.0035714285714285713 0.011428571428571429
1 0.6021428571428571 0.6523809523809524 0.0035714285714285713 0.013333333333333334
1 0.5964285714285714 0.6028571428571429 0.002857142857142857 0.008571428571428572
1 0.6078571428571429 0.6 0.0035714285714285713 0.008571428571428572
3 0.44785714285714284 0.8076190476190476 0.02 0.035238095238095235
3 0.4164285714285714 0.8076190476190476 0.018571428571428572 0.03142857142857143
3 0.3871428571428571 0.8123809523809524 0.024285714285714285 0.02761904761904762
3 0.3357142857142857 0.8257142857142857 0.02142857142857143 0.03238095238095238
1 0.3914285714285714 0.7247619047619047 0.0064285714285714285 0.018095238095238095
1 0.3535714285714286 0.7133333333333334 0.005714285714285714 0.01619047619047619
1 0.08785714285714286 0.8561904761904762 0.01 0.022857142857142857
