3 0.5825 0.904 0.0805 0.096
3 0.3985 0.9406666666666667 0.0575 0.059333333333333335
3 0.3865 0.7446666666666667 0.0475 0.11933333333333333
1 0.6285 0.7946666666666666 0.0165 0.04733333333333333
4 0.6085 0.774 0.019 0.062
4 0.5675 0.732 0.018 0.042666666666666665
1 0.562 0.5833333333333334 0.0115 0.043333333333333335
1 0.564 0.592 0.0075 0.018
2 0.5505 0.5613333333333334 0.0245 0.036
3 0.51 0.548 0.036 0.07066666666666667
3 0.5005 0.47533333333333333 0.038 0.06933333333333333
3 0.4925 0.436 0.033 0.054
2 0.2135 0.5186666666666667 0.0455 0.04666666666666667
3 0.39 0.534 0.034 0.086
3 0.3995 0.474 0.0285 0.05466666666666667
3 0.4035 0.43266666666666664 0.039 0.048
1 0.432 0.43733333333333335 0.0095 0.023333333333333334
1 0.468 0.442 0.0105 0.022
2 0.4665 0.456 0.012 0.021333333333333333
3 0.4045 0.3913333333333333 0.0245 0.035333333333333335
3 0.408 0.352 0.022 0.03933333333333333
3 0.4115 0.328 0.02 0.030666666666666665
3 0.4035 0.304 0.018 0.022
3 0.4545 0.39066666666666666 0.027 0.037333333333333336
3 0.4795 0.362 0.025 0.03933333333333333
3 0.4355 0.3546666666666667 0.022 0.030666666666666665
3 0.4685 0.30133333333333334 0.02 0.029333333333333333
3 0.4275 0.3 0.0245 0.027333333333333334
3 0.4935 0.2966666666666667 0.0185 0.028666666666666667
3 0.444 0.2773333333333333 0.027 0.03333333333333333
3 0.4095 0.28 0.033 0.023333333333333334
3 0.333 0.2633333333333333 0.034 0.024666666666666667
3 0.341 0.24266666666666667 0.019 0.018666666666666668
3 0.377 0.23666666666666666 0.0285 0.024
3 0.4125 0.22 0.0125 0.019333333333333334
3 0.382 0.22733333333333333 0.0245 0.018
3 0.3705 0.11733333333333333 0.009 0.008
3 0.4095 0.24 0.0135 0.014666666666666666
3 0.4055 0.256 0.0135 0.017333333333333333
3 0.385 0.266 0.026 0.020666666666666667
3 0.375 0.274 0.028 0.02266666666666667
3 0.306 0.26 0.0295 0.017333333333333333
3 0.305 0.2886666666666667 0.0285 0.019333333333333334
3 0.3295 0.30133333333333334 0.043 0.026
3 0.314 0.278 0.0325 0.018666666666666668
3 0.296 0.26466666666666666 0.017 0.018
1 0.311 0.2653333333333333 0.0065 0.016666666666666666
3 0.4235 0.246 0.021 0.016666666666666666
3 0.4215 0.26466666666666666 0.027 0.018666666666666668
3 0.4525 0.274 0.034 0.019333333333333334
3 0.4815 0.26 0.0155 0.023333333333333334
1 0.49 0.27666666666666667 0.0045 0.020666666666666667
1 0.4915 0.28933333333333333 0.005 0.02
1 0.4695 0.278 0.007 0.021333333333333333
1 0.934 0.702 0.021 0.028666666666666667
1 0.896 0.6093333333333333 0.015 0.034
1 0.8685 0.6033333333333334 0.018 0.04
1 0.851 0.6013333333333334 0.016 0.042
1 0.806 0.5266666666666666 0.01 0.03266666666666666
1 0.801 0.5106666666666667 0.012 0.038
1 0.791 0.5006666666666667 0.0115 0.035333333333333335
1 0.8245 0.5213333333333333 0.015 0.036
1 0.83 0.496 0.012 0.036
1 0.8255 0.448 0.012 0.034666666666666665
1 0.794 0.4186666666666667 0.011 0.028
1 0.8235 0.4 0.0115 0.03133333333333333
1 0.8325 0.4053333333333333 0.008 0.03
1 0.8415 0.4086666666666667 0.0105 0.028666666666666667
1 0.853 0.4186666666666667 0.009 0.03
1 0.8575 0.42533333333333334 0.0105 0.028666666666666667
1 0.8615 0.3933333333333333 0.0105 0.029333333333333333
1 0.868 0.424 0.0065 0.028666666666666667
1 0.873 0.4206666666666667 0.0085 0.03133333333333333
1 0.8795 0.396 0.0095 0.030666666666666665
1 0.8795 0.3913333333333333 0.0085 0.032
1 0.844 0.3973333333333333 0.0065 0.023333333333333334
1 0.8425 0.372 0.007 0.024666666666666667
1 0.849 0.39466666666666667 0.004 0.014
1 0.803 0.348 0.009 0.028666666666666667
1 0.816 0.35333333333333333 0.0095 0.029333333333333333
1 0.867 0.36333333333333334 0.007 0.024666666666666667
1 0.878 0.366 0.008 0.025333333333333333
1 0.844 0.3413333333333333 0.0085 0.023333333333333334
2 0.922 0.49866666666666665 0.028 0.02266666666666667
2 0.9235 0.5453333333333333 0.0305 0.023333333333333334
4 0.926 0.5393333333333333 0.031 0.026
3 0.8715 0.5166666666666667 0.0535 0.07666666666666666
3 0.854 0.44866666666666666 0.052 0.07266666666666667
4 0.969 0.2986666666666667 0.006 0.012666666666666666
4 0.9535 0.308 0.014 0.012
4 0.944 0.29733333333333334 0.0075 0.017333333333333333
1 0.944 0.2986666666666667 0.0055 0.01
1 0.9325 0.2986666666666667 0.008 0.02
1 0.918 0.29333333333333333 0.005 0.015333333333333332
1 0.9125 0.2906666666666667 0.006 0.018666666666666668
1 0.923 0.288 0.007 0.020666666666666667
2 0.914 0.2966666666666667 0.019 0.012666666666666666
1 0.898 0.2926666666666667 0.0065 0.02266666666666667
1 0.8735 0.31266666666666665 0.009 0.023333333333333334
1 0.8775 0.29333333333333333 0.0065 0.022
1 0.861 0.316 0.0115 0.017333333333333333
1 0.872 0.30733333333333335 0.0085 0.012666666666666666
2 0.887 0.2986666666666667 0.01 0.014666666666666666
4 0.8625 0.3253333333333333 0.0075 0.014
4 0.869 0.31466666666666665 0.013 0.012666666666666666
1 0.852 0.282 0.005 0.014666666666666666
1 0.8545 0.284 0.005 0.014666666666666666
1 0.844 0.28 0.0055 0.019333333333333334
4 0.8475 0.292 0.0145 0.013333333333333334
1 0.831 0.282 0.007 0.020666666666666667
1 0.8245 0.28 0.005 0.017333333333333333
2 0.8245 0.2866666666666667 0.009 0.011333333333333334
4 0.7175 0.362 0.017 0.013333333333333334
4 0.715 0.3566666666666667 0.021 0.015333333333333332
4 0.7065 0.31333333333333335 0.0095 0.014666666666666666
4 0.6365 0.31266666666666665 0.015 0.01
3 0.718 0.324 0.023 0.034
3 0.68 0.314 0.038 0.03266666666666666
4 0.66 0.30866666666666664 0.0175 0.014
1 0.695 0.354 0.007 0.013333333333333334
1 0.686 0.35333333333333333 0.008 0.017333333333333333
1 0.682 0.3486666666666667 0.01 0.016
1 0.6945 0.34933333333333333 0.0075 0.014
1 0.654 0.326 0.0075 0.016
1 0.6135 0.26866666666666666 0.005 0.014666666666666666
1 0.6175 0.2793333333333333 0.0065 0.012
2 0.6175 0.2866666666666667 0.011 0.012666666666666666
1 0.6185 0.25666666666666665 0.005 0.016666666666666666
1 0.625 0.252 0.003 0.016666666666666666
1 0.6335 0.25 0.004 0.016
1 0.656 0.25533333333333336 0.005 0.016666666666666666
1 0.6415 0.24 0.004 0.012
1 0.653 0.234 0.008 0.018
3 0.543 0.22533333333333333 0.0125 0.018666666666666668
8 0.556 0.22933333333333333 0.013 0.018
3 0.573 0.22666666666666666 0.021 0.016
1 0.5805 0.21733333333333332 0.005 0.013333333333333334
1 0.544 0.21 0.0045 0.013333333333333334
2 0.5645 0.21266666666666667 0.0145 0.010666666666666666
2 0.544 0.212 0.015 0.010666666666666666
1 0.6665 0.20466666666666666 0.0035 0.012666666666666666
1 0.667 0.20733333333333334 0.0035 0.014
1 0.671 0.21 0.004 0.013333333333333334
1 0.674 0.204 0.0045 0.013333333333333334
1 0.6765 0.20933333333333334 0.002 0.012666666666666666
1 0.6795 0.21533333333333332 0.003 0.012
1 0.679 0.21066666666666667 0.005 0.011333333333333334
1 0.6775 0.20466666666666666 0.003 0.010666666666666666
1 0.6835 0.20733333333333334 0.005 0.015333333333333332
1 0.692 0.212 0.0055 0.015333333333333332
1 0.686 0.204 0.006 0.014
1 0.6925 0.206 0.003 0.008
1 0.6945 0.20133333333333334 0.005 0.014666666666666666
1 0.7005 0.19533333333333333 0.005 0.015333333333333332
1 0.7035 0.198 0.005 0.016666666666666666
1 0.708 0.208 0.003 0.013333333333333334
1 0.7255 0.168 0.0035 0.012666666666666666
1 0.7295 0.16933333333333334 0.0045 0.010666666666666666
1 0.735 0.16933333333333334 0.0035 0.012
1 0.694 0.15266666666666667 0.0035 0.01
3 0.6455 0.15866666666666668 0.0185 0.012
3 0.659 0.164 0.0195 0.012666666666666666
3 0.682 0.162 0.0185 0.008666666666666666
3 0.6985 0.16733333333333333 0.017 0.011333333333333334
3 0.7055 0.178 0.012 0.013333333333333334
3 0.6715 0.18666666666666668 0.0215 0.010666666666666666
3 0.681 0.18 0.016 0.014
3 0.6575 0.17733333333333334 0.0155 0.012666666666666666
3 0.656 0.14933333333333335 0.02 0.01
3 0.5795 0.11866666666666667 0.0125 0.008
3 0.6985 0.154 0.0185 0.008
6 0.705 0.14733333333333334 0.036 0.021333333333333333
3 0.735 0.16466666666666666 0.0225 0.011333333333333334
3 0.744 0.15466666666666667 0.02 0.011333333333333334
3 0.7705 0.158 0.022 0.011333333333333334
3 0.772 0.17266666666666666 0.023 0.012666666666666666
3 0.741 0.17333333333333334 0.013 0.017333333333333333
3 0.7355 0.178 0.0155 0.012666666666666666
3 0.7385 0.18133333333333335 0.0085 0.015333333333333332
3 0.7285 0.18666666666666668 0.015 0.016
3 0.7095 0.19933333333333333 0.0155 0.014
3 0.721 0.20933333333333334 0.0175 0.015333333333333332
3 0.7195 0.2 0.0195 0.016
1 0.7185 0.18733333333333332 0.006 0.015333333333333332
1 0.7525 0.204 0.0065 0.014666666666666666
1 0.7465 0.22 0.0045 0.014
1 0.7495 0.22333333333333333 0.0055 0.016666666666666666
8 0.7185 0.23066666666666666 0.025 0.016666666666666666
8 0.7565 0.228 0.013 0.018666666666666668
3 0.7375 0.21466666666666667 0.0225 0.017333333333333333
3 0.752 0.22066666666666668 0.0235 0.015333333333333332
3 0.7835 0.22133333333333333 0.026 0.017333333333333333
3 0.7705 0.23133333333333334 0.0305 0.017333333333333333
3 0.8155 0.224 0.012 0.018666666666666668
1 0.826 0.21933333333333332 0.0045 0.014666666666666666
1 0.8375 0.222 0.0055 0.01
1 0.836 0.23266666666666666 0.006 0.014666666666666666
1 0.844 0.23533333333333334 0.0045 0.014666666666666666
1 0.837 0.25 0.007 0.017333333333333333
1 0.8335 0.25 0.006 0.015333333333333332
1 0.825 0.25666666666666665 0.0055 0.01
1 0.8215 0.25133333333333335 0.0055 0.014
1 0.824 0.24733333333333332 0.0055 0.014
1 0.816 0.24466666666666667 0.0055 0.017333333333333333
1 0.8205 0.244 0.005 0.015333333333333332
1 0.7815 0.266 0.0065 0.018666666666666668
1 0.7925 0.2673333333333333 0.005 0.016666666666666666
1 0.7975 0.26866666666666666 0.0055 0.016666666666666666
1 0.804 0.27 0.0055 0.018
1 0.8075 0.2713333333333333 0.0045 0.016
1 0.8215 0.27266666666666667 0.0045 0.015333333333333332
1 0.8195 0.274 0.005 0.016
1 0.817 0.27266666666666667 0.0055 0.014666666666666666
1 0.8095 0.27266666666666667 0.006 0.015333333333333332
1 0.7775 0.278 0.006 0.011333333333333334
1 0.8015 0.278 0.0055 0.011333333333333334
