3 0.1757142857142857 0.2068527918781726 0.015 0.048223350253807105
3 0.21142857142857144 0.03553299492385787 0.020714285714285713 0.04187817258883249
3 0.7285714285714285 0.8147208121827412 0.025 0.0850253807106599
8 0.7628571428571429 0.9086294416243654 0.04428571428571428 0.0901015228426396
3 0.7528571428571429 0.7715736040609137 0.025 0.08248730964467005
3 0.7207142857142858 0.6776649746192893 0.02214285714285714 0.06979695431472081
3 0.7128571428571429 0.5545685279187818 0.020714285714285713 0.05710659898477157
8 0.7328571428571429 0.4517766497461929 0.03428571428571429 0.1598984771573604
3 0.7035714285714286 0.4289340101522843 0.02214285714285714 0.07741116751269035
3 0.6557142857142857 0.4149746192893401 0.020714285714285713 0.07741116751269035
3 0.7028571428571428 0.3299492385786802 0.017142857142857144 0.0583756345177665
6 0.7128571428571429 0.1916243654822335 0.03642857142857143 0.1598984771573604
3 0.6885714285714286 0.1814720812182741 0.018571428571428572 0.05710659898477157
3 0.7057142857142857 0.08629441624365482 0.017857142857142856 0.0532994923857868
3 0.6828571428571428 0.07106598984771574 0.017142857142857144 0.0583756345177665
