3 0.3235 0.5806666666666667 0.0525 0.126
3 0.327 0.48333333333333334 0.0465 0.08733333333333333
3 0.4685 0.482 0.046 0.10933333333333334
2 0.45 0.6233333333333333 0.035 0.082
2 0.4565 0.628 0.03 0.052
3 0.3375 0.3873333333333333 0.0365 0.084
3 0.459 0.382 0.0315 0.07866666666666666
2 0.658 0.41733333333333333 0.0505 0.051333333333333335
3 0.351 0.3 0.036 0.076
3 0.4335 0.23733333333333334 0.03 0.06533333333333333
3 0.391 0.22333333333333333 0.034 0.050666666666666665
3 0.325 0.20266666666666666 0.052 0.05266666666666667
3 0.4195 0.18733333333333332 0.0285 0.05266666666666667
3 0.4175 0.152 0.025 0.037333333333333336
3 0.377 0.17333333333333334 0.0305 0.042
3 0.3425 0.15266666666666667 0.026 0.05
3 0.3735 0.134 0.0245 0.035333333333333335
3 0.3995 0.11533333333333333 0.039 0.04133333333333333
1 0.424 0.12733333333333333 0.009 0.02666666666666667
3 0.3805 0.09866666666666667 0.0235 0.034666666666666665
3 0.3325 0.08933333333333333 0.0405 0.028666666666666667
3 0.3335 0.072 0.0395 0.024666666666666667
3 0.3525 0.04466666666666667 0.022 0.03333333333333333
3 0.35 0.02666666666666667 0.019 0.025333333333333333
3 0.373 0.026 0.022 0.042666666666666665
3 0.371 0.013333333333333334 0.0175 0.016
3 0.398 0.04733333333333333 0.0205 0.02666666666666667
3 0.393 0.020666666666666667 0.02 0.024
3 0.3905 0.0013333333333333333 0.019 0.023333333333333334
1 0.34 0.12066666666666667 0.008 0.024666666666666667
1 0.373 0.116 0.0065 0.02
1 0.387 0.07533333333333334 0.0065 0.025333333333333333
1 0.411 0.076 0.01 0.025333333333333333
1 0.0555 0.22133333333333333 0.015 0.026
1 0.058 0.21466666666666667 0.0125 0.020666666666666667
1 0.07 0.23066666666666666 0.01 0.015333333333333332
1 0.0755 0.2673333333333333 0.0155 0.024666666666666667
1 0.0845 0.2833333333333333 0.01 0.016666666666666666
1 0.08 0.28933333333333333 0.0185 0.032
1 0.03 0.32133333333333336 0.02 0.032
1 0.0925 0.19133333333333333 0.0125 0.02
1 0.3175 0.25533333333333336 0.012 0.030666666666666665
2 0.31 0.4013333333333333 0.019 0.04933333333333333
1 0.307 0.4 0.007 0.019333333333333334
1 0.313 0.406 0.006 0.012666666666666666
1 0.359 0.104 0.0075 0.018666666666666668
1 0.3515 0.114 0.007 0.014666666666666666
2 0.348 0.11933333333333333 0.02 0.012
4 0.3925 0.08 0.017 0.013333333333333334
4 0.3935 0.09266666666666666 0.015 0.013333333333333334
1 0.3945 0.07533333333333334 0.0105 0.015333333333333332
2 0.41 0.07933333333333334 0.021 0.018666666666666668
2 0.438 0.07333333333333333 0.0155 0.013333333333333334
1 0.4445 0.066 0.0065 0.026
1 0.27 0.084 0.0085 0.018666666666666668
4 0.265 0.09466666666666666 0.0215 0.013333333333333334
4 0.056 0.188 0.013 0.024666666666666667
4 0.0435 0.17533333333333334 0.011 0.029333333333333333
4 0.0555 0.174 0.012 0.022
1 0.1525 0.14266666666666666 0.011 0.020666666666666667
1 0.1465 0.15333333333333332 0.013 0.024666666666666667
2 0.0345 0.17466666666666666 0.0145 0.028
4 0.099 0.2773333333333333 0.015 0.029333333333333333
4 0.337 0.296 0.0155 0.026
3 0.4925 0.074 0.057 0.037333333333333336
3 0.448 0.074 0.04 0.02266666666666667
3 0.44 0.09666666666666666 0.0465 0.02666666666666667
2 0.416 0.017333333333333333 0.023 0.043333333333333335
2 0.4415 0.019333333333333334 0.0235 0.04466666666666667
1 0.532 0.08933333333333333 0.0045 0.020666666666666667
1 0.54 0.096 0.0065 0.023333333333333334
4 0.35 0.012 0.009 0.017333333333333333
1 0.235 0.038 0.0055 0.018
1 0.292 0.074 0.0085 0.025333333333333333
1 0.2805 0.07333333333333333 0.01 0.02666666666666667
1 0.301 0.09933333333333333 0.0055 0.018
1 0.3325 0.062 0.007 0.019333333333333334
1 0.345 0.064 0.0065 0.017333333333333333
1 0.349 0.059333333333333335 0.005 0.018666666666666668
1 0.3695 0.07733333333333334 0.0065 0.02666666666666667
1 0.4195 0.05733333333333333 0.007 0.015333333333333332
4 0.418 0.06133333333333333 0.01 0.018666666666666668
