3 0.57 0.021904761904761906 0.032857142857142856 0.04476190476190476
3 0.585 0.0 0.02214285714285714 0.030476190476190476
3 0.6585714285714286 0.012380952380952381 0.025 0.035238095238095235
3 0.6464285714285715 0.0380952380952381 0.03214285714285714 0.06380952380952382
3 0.7057142857142857 0.0380952380952381 0.027857142857142858 0.04
3 0.6835714285714286 0.10476190476190476 0.03214285714285714 0.06476190476190476
3 0.7935714285714286 0.0 0.024285714285714285 0.029523809523809525
3 0.8435714285714285 0.012380952380952381 0.025 0.03428571428571429
3 0.8014285714285714 0.037142857142857144 0.025714285714285714 0.03619047619047619
3 0.7728571428571429 0.04476190476190476 0.029285714285714286 0.039047619047619046
3 0.8092857142857143 0.05047619047619047 0.03428571428571429 0.058095238095238096
3 0.8264285714285714 0.11523809523809524 0.04071428571428572 0.05333333333333334
1 0.6664285714285715 0.11904761904761904 0.010714285714285714 0.03333333333333333
3 0.6414285714285715 0.09523809523809523 0.032857142857142856 0.05619047619047619
3 0.6364285714285715 0.14 0.035 0.054285714285714284
3 0.6292857142857143 0.1838095238095238 0.03785714285714286 0.06666666666666667
4 0.5528571428571428 0.0838095238095238 0.027142857142857142 0.024761904761904763
1 0.5178571428571429 0.06190476190476191 0.007142857142857143 0.03238095238095238
1 0.5135714285714286 0.09523809523809523 0.0064285714285714285 0.03428571428571429
4 0.4992857142857143 0.08761904761904762 0.007142857142857143 0.024761904761904763
4 0.5207142857142857 0.17714285714285713 0.012142857142857143 0.029523809523809525
4 0.5478571428571428 0.19142857142857142 0.03 0.018095238095238095
4 0.5535714285714286 0.18095238095238095 0.023571428571428573 0.02095238095238095
1 0.43785714285714283 0.13333333333333333 0.011428571428571429 0.030476190476190476
3 0.49142857142857144 0.20857142857142857 0.05142857142857143 0.05619047619047619
4 0.3892857142857143 0.2752380952380952 0.017857142857142856 0.03619047619047619
4 0.475 0.2561904761904762 0.02142857142857143 0.04666666666666667
3 0.4421428571428571 0.2885714285714286 0.05857142857142857 0.09904761904761905
1 0.3157142857142857 0.2876190476190476 0.013571428571428571 0.04476190476190476
4 0.19285714285714287 0.4980952380952381 0.047857142857142855 0.07428571428571429
1 0.18357142857142858 0.7514285714285714 0.03428571428571429 0.08095238095238096
1 0.1992857142857143 0.7904761904761904 0.03214285714285714 0.06380952380952382
1 0.16 0.8457142857142858 0.03214285714285714 0.04666666666666667
3 0.0 0.8333333333333334 0.15714285714285714 0.1657142857142857
3 0.18785714285714286 0.8990476190476191 0.12 0.1
3 0.5428571428571428 0.6352380952380953 0.08428571428571428 0.2123809523809524
3 0.9357142857142857 0.5276190476190477 0.06428571428571428 0.14761904761904762
3 0.845 0.42857142857142855 0.07928571428571428 0.11238095238095239
3 0.9035714285714286 0.4 0.08285714285714285 0.11333333333333333
3 0.8771428571428571 0.3038095238095238 0.065 0.08190476190476191
3 0.8485714285714285 0.21428571428571427 0.05357142857142857 0.06761904761904762
3 0.8021428571428572 0.24095238095238095 0.05142857142857143 0.06761904761904762
3 0.835 0.16666666666666666 0.045 0.05333333333333334
8 0.7507142857142857 0.22380952380952382 0.04357142857142857 0.07238095238095238
3 0.5828571428571429 0.4342857142857143 0.05 0.1380952380952381
3 0.6142857142857143 0.25047619047619046 0.045 0.06571428571428571
3 0.6014285714285714 0.3342857142857143 0.05357142857142857 0.08952380952380952
3 0.6607142857142857 0.26666666666666666 0.04357142857142857 0.08761904761904762
4 0.7178571428571429 0.29523809523809524 0.013571428571428571 0.045714285714285714
1 0.7157142857142857 0.2904761904761905 0.016428571428571428 0.035238095238095235
1 0.7157142857142857 0.28095238095238095 0.019285714285714285 0.049523809523809526
3 0.8821428571428571 0.0 0.04857142857142857 0.03238095238095238
1 0.955 0.058095238095238096 0.009285714285714286 0.022857142857142857
1 0.9721428571428572 0.05904761904761905 0.013571428571428571 0.03142857142857143
4 0.52 0.004761904761904762 0.007857142857142858 0.02095238095238095
