8 0.46714285714285714 0.7876190476190477 0.045714285714285714 0.1523809523809524
8 0.4421428571428571 0.5123809523809524 0.05285714285714286 0.12476190476190477
8 0.4907142857142857 0.3628571428571429 0.055714285714285716 0.22285714285714286
8 0.5057142857142857 0.17047619047619048 0.045 0.18666666666666668
8 0.5178571428571429 0.09714285714285714 0.032857142857142856 0.08761904761904762
8 0.5235714285714286 0.0 0.030714285714285715 0.058095238095238096
8 0.48214285714285715 0.06761904761904762 0.03428571428571429 0.08666666666666667
1 0.5028571428571429 0.14095238095238094 0.01 0.02761904761904762
1 0.4957142857142857 0.12476190476190477 0.007857142857142858 0.03142857142857143
2 0.48857142857142855 0.2019047619047619 0.018571428571428572 0.047619047619047616
2 0.485 0.2885714285714286 0.02642857142857143 0.05619047619047619
1 0.48857142857142855 0.319047619047619 0.011428571428571429 0.02761904761904762
3 0.33785714285714286 0.6466666666666666 0.039285714285714285 0.09904761904761905
3 0.3 0.5247619047619048 0.04642857142857143 0.09142857142857143
1 0.30142857142857143 0.5571428571428572 0.014285714285714285 0.02761904761904762
3 0.2792857142857143 0.44761904761904764 0.03857142857142857 0.07714285714285714
2 0.25285714285714284 0.6533333333333333 0.025 0.05047619047619047
3 0.02642857142857143 0.40285714285714286 0.05357142857142857 0.08666666666666667
3 0.0 0.38571428571428573 0.05 0.07904761904761905
3 0.0 0.29333333333333333 0.05285714285714286 0.037142857142857144
3 0.3242857142857143 0.19333333333333333 0.027857142857142858 0.06285714285714286
1 0.22642857142857142 0.3457142857142857 0.013571428571428571 0.022857142857142857
1 0.2092857142857143 0.4342857142857143 0.012857142857142857 0.02095238095238095
1 0.2957142857142857 0.14095238095238094 0.012142857142857143 0.024761904761904763
1 0.29428571428571426 0.004761904761904762 0.01 0.01904761904761905
4 0.15357142857142858 0.6657142857142857 0.025714285714285714 0.03142857142857143
4 0.13142857142857142 0.800952380952381 0.03428571428571429 0.021904761904761906
1 0.4764285714285714 0.4961904761904762 0.011428571428571429 0.01904761904761905
1 0.48142857142857143 0.48095238095238096 0.007142857142857143 0.022857142857142857
1 0.48 0.4685714285714286 0.008571428571428572 0.023809523809523808
1 0.4807142857142857 0.45904761904761904 0.007142857142857143 0.023809523809523808
