3 0.9305845511482255 0.5974025974025974 0.03288100208768267 0.025974025974025976
3 0.9024008350730689 0.5454545454545454 0.031315240083507306 0.016697588126159554
3 0.9462421711899791 0.4805194805194805 0.027661795407098122 0.022263450834879406
3 0.9608559498956158 0.47309833024118736 0.02348643006263048 0.02040816326530612
3 0.9660751565762005 0.4647495361781076 0.024008350730688934 0.02504638218923933
3 0.9806889352818372 0.45269016697588127 0.018789144050104383 0.02504638218923933
3 0.8705636743215032 0.44990723562152135 0.014091858037578288 0.02040816326530612
3 0.975991649269311 0.3460111317254174 0.018789144050104383 0.013914656771799629
3 0.8194154488517745 0.29035250463821893 0.010438413361169102 0.012059369202226345
3 0.8094989561586639 0.2857142857142857 0.009916492693110648 0.01020408163265306
3 0.8168058455114823 0.2690166975881262 0.009394572025052192 0.012987012987012988
3 0.8329853862212944 0.2810760667903525 0.012004175365344467 0.012059369202226345
3 0.7609603340292276 0.2857142857142857 0.012526096033402923 0.01020408163265306
3 0.7416492693110647 0.300556586270872 0.010438413361169102 0.012987012987012988
3 0.7473903966597077 0.29777365491651203 0.009916492693110648 0.012987012987012988
3 0.7526096033402923 0.2940630797773655 0.010960334029227558 0.013914656771799629
3 0.7588726513569938 0.29313543599257885 0.012004175365344467 0.011131725417439703
3 0.7181628392484343 0.28014842300556586 0.013048016701461378 0.011131725417439703
3 0.7103340292275574 0.2755102040816326 0.012004175365344467 0.011131725417439703
3 0.7969728601252609 0.21057513914656772 0.009916492693110648 0.011131725417439703
8 0.8121085594989561 0.19758812615955473 0.014613778705636743 0.013914656771799629
3 0.7875782881002088 0.22356215213358072 0.009394572025052192 0.00927643784786642
8 0.7948851774530271 0.22820037105751392 0.015135699373695199 0.015769944341372914
3 0.6998956158663883 0.5593692022263451 0.030271398747390398 0.021335807050092765
3 0.7061586638830898 0.5287569573283859 0.02661795407098121 0.021335807050092765
3 0.708768267223382 0.5139146567717996 0.027139874739039668 0.01948051948051948
3 0.7134655532359081 0.4962894248608534 0.026096033402922755 0.01855287569573284
1 0.6905010438413361 0.461038961038961 0.0036534446764091857 0.013914656771799629
3 0.7176409185803758 0.4387755102040816 0.020876826722338204 0.016697588126159554
3 0.715553235908142 0.4294990723562152 0.017745302713987474 0.016697588126159554
3 0.6367432150313153 0.44155844155844154 0.02139874739039666 0.016697588126159554
3 0.6310020876826722 0.47588126159554733 0.02139874739039666 0.017625231910946195
3 0.6278705636743215 0.46660482374768086 0.02035490605427975 0.01855287569573284
3 0.5715031315240083 0.6456400742115028 0.02870563674321503 0.025974025974025976
3 0.55741127348643 0.6187384044526901 0.02870563674321503 0.021335807050092765
3 0.5501043841336117 0.5315398886827458 0.018789144050104383 0.02504638218923933
3 0.534446764091858 0.5343228200371057 0.013048016701461378 0.02040816326530612
3 0.517223382045929 0.5927643784786641 0.02661795407098121 0.025974025974025976
3 0.4900835073068894 0.6790352504638218 0.026096033402922755 0.02504638218923933
3 0.5323590814196242 0.725417439703154 0.022964509394572025 0.0287569573283859
3 0.3736951983298539 0.39053803339517623 0.009916492693110648 0.014842300556586271
3 0.36795407098121086 0.37569573283859 0.009916492693110648 0.016697588126159554
1 0.3653444676409186 0.39332096474953615 0.0036534446764091857 0.011131725417439703
1 0.36899791231732776 0.35714285714285715 0.0026096033402922755 0.01020408163265306
3 0.23538622129436326 0.862708719851577 0.044363256784968684 0.04452690166975881
3 0.2406054279749478 0.7959183673469388 0.03966597077244259 0.03432282003710575
3 0.16649269311064718 0.7133580705009277 0.019311064718162838 0.04267161410018553
3 0.14613778705636743 0.7207792207792207 0.018789144050104383 0.04081632653061224
8 0.13569937369519833 0.6762523191094619 0.05010438413361169 0.04081632653061224
3 0.12473903966597077 0.4072356215213358 0.02244258872651357 0.015769944341372914
3 0.1409185803757829 0.3654916512059369 0.01722338204592902 0.013914656771799629
3 0.14352818371607515 0.3589981447124304 0.016701461377870562 0.011131725417439703
3 0.14718162839248433 0.3423005565862709 0.01826722338204593 0.014842300556586271
3 0.1477035490605428 0.3320964749536178 0.02035490605427975 0.012987012987012988
3 0.09864300626304802 0.5166975881261595 0.010438413361169102 0.023191094619666047
3 0.0709812108559499 0.6150278293135436 0.018789144050104383 0.01855287569573284
3 0.06889352818371608 0.6289424860853432 0.02139874739039666 0.02040816326530612
8 0.032359081419624215 0.6660482374768089 0.03444676409185804 0.05658627087198516
3 0.24269311064718163 0.9758812615955473 0.04697286012526096 0.023191094619666047
