3 0.0 0.7576142131979695 0.055714285714285716 0.07106598984771574
3 0.09642857142857143 0.7791878172588832 0.08714285714285715 0.07106598984771574
3 0.20642857142857143 0.7918781725888325 0.10357142857142858 0.08375634517766498
3 0.34 0.8071065989847716 0.09857142857142857 0.0799492385786802
3 0.4564285714285714 0.8248730964467005 0.09642857142857143 0.07868020304568528
3 0.565 0.8439086294416244 0.10142857142857142 0.08121827411167512
1 0.8778571428571429 0.7182741116751269 0.02142857142857143 0.01903553299492386
1 0.8935714285714286 0.6205583756345178 0.025 0.021573604060913704
1 0.41214285714285714 0.20304568527918782 0.013571428571428571 0.03680203045685279
1 0.4185714285714286 0.26015228426395937 0.008571428571428572 0.02030456852791878
1 0.42 0.2766497461928934 0.008571428571428572 0.02284263959390863
1 0.4228571428571429 0.2969543147208122 0.008571428571428572 0.01903553299492386
1 0.31142857142857144 0.5647208121827412 0.019285714285714285 0.027918781725888325
1 0.3357142857142857 0.5342639593908629 0.012142857142857143 0.01649746192893401
1 0.3485714285714286 0.49746192893401014 0.009285714285714286 0.01903553299492386
1 0.39357142857142857 0.4949238578680203 0.009285714285714286 0.015228426395939087
1 0.3757142857142857 0.46446700507614214 0.011428571428571429 0.017766497461928935
1 0.38642857142857145 0.4517766497461929 0.011428571428571429 0.017766497461928935
1 0.4007142857142857 0.5634517766497462 0.010714285714285714 0.015228426395939087
1 0.41785714285714287 0.5380710659898477 0.009285714285714286 0.02030456852791878
1 0.43142857142857144 0.5266497461928934 0.007857142857142858 0.02284263959390863
1 0.41285714285714287 0.5824873096446701 0.008571428571428572 0.030456852791878174
1 0.42428571428571427 0.5748730964467005 0.015714285714285715 0.01903553299492386
1 0.4421428571428571 0.5520304568527918 0.011428571428571429 0.02030456852791878
1 0.45285714285714285 0.5989847715736041 0.011428571428571429 0.02918781725888325
1 0.4857142857142857 0.6027918781725888 0.01 0.030456852791878174
1 0.49857142857142855 0.5964467005076142 0.011428571428571429 0.03807106598984772
1 0.49857142857142855 0.4263959390862944 0.014285714285714285 0.01903553299492386
1 0.4064285714285714 0.4086294416243655 0.01 0.01649746192893401
1 0.3364285714285714 0.3604060913705584 0.012857142857142857 0.02284263959390863
1 0.38285714285714284 0.4086294416243655 0.011428571428571429 0.013959390862944163
1 0.42 0.4010152284263959 0.007142857142857143 0.017766497461928935
1 0.4157142857142857 0.3730964467005076 0.01 0.01903553299492386
1 0.4085714285714286 0.35279187817258884 0.009285714285714286 0.024111675126903553
1 0.4207142857142857 0.3464467005076142 0.009285714285714286 0.01649746192893401
1 0.42 0.33121827411167515 0.005714285714285714 0.017766497461928935
1 0.4107142857142857 0.3134517766497462 0.010714285714285714 0.01903553299492386
1 0.4521428571428571 0.31091370558375636 0.008571428571428572 0.02284263959390863
1 0.44857142857142857 0.29314720812182743 0.0064285714285714285 0.017766497461928935
1 0.5928571428571429 0.3413705583756345 0.012857142857142857 0.030456852791878174
1 0.6121428571428571 0.4098984771573604 0.01 0.017766497461928935
1 0.5542857142857143 0.08756345177664974 0.010714285714285714 0.024111675126903553
1 0.5542857142857143 0.021573604060913704 0.01 0.025380710659898477
