3 0.37214285714285716 0.7971428571428572 0.08357142857142857 0.16666666666666666
3 0.42857142857142855 0.6114285714285714 0.062142857142857146 0.14476190476190476
3 0.5164285714285715 0.7104761904761905 0.07 0.16857142857142857
3 0.45785714285714285 0.5190476190476191 0.04642857142857143 0.09904761904761905
3 0.7607142857142857 0.5247619047619048 0.06 0.08761904761904762
3 0.7821428571428571 0.6523809523809524 0.07428571428571429 0.12095238095238095
3 0.8607142857142858 0.6257142857142857 0.07714285714285714 0.10952380952380952
3 0.82 0.8019047619047619 0.10571428571428572 0.1819047619047619
3 0.9142857142857143 0.8038095238095239 0.08571428571428572 0.17904761904761904
3 0.9071428571428571 0.31523809523809526 0.09285714285714286 0.08571428571428572
3 0.7935714285714286 0.3076190476190476 0.07071428571428572 0.06190476190476191
3 0.535 0.3019047619047619 0.035 0.05238095238095238
3 0.5335714285714286 0.35619047619047617 0.04928571428571429 0.06190476190476191
3 0.5807142857142857 0.23809523809523808 0.03357142857142857 0.04285714285714286
8 0.6135714285714285 0.2904761904761905 0.05071428571428571 0.09714285714285714
1 0.6064285714285714 0.3952380952380952 0.015 0.02761904761904762
2 0.6064285714285714 0.4104761904761905 0.015 0.02
3 0.6271428571428571 0.27904761904761904 0.03357142857142857 0.04666666666666667
3 0.5371428571428571 0.21619047619047618 0.045714285714285714 0.03238095238095238
1 0.8828571428571429 0.2542857142857143 0.0064285714285714285 0.02
2 0.885 0.259047619047619 0.008571428571428572 0.02095238095238095
1 0.8592857142857143 0.22095238095238096 0.015714285714285715 0.02761904761904762
1 0.8728571428571429 0.18571428571428572 0.01 0.02
1 0.93 0.19714285714285715 0.007142857142857143 0.017142857142857144
1 0.9478571428571428 0.19142857142857142 0.0064285714285714285 0.017142857142857144
1 0.9792857142857143 0.19333333333333333 0.0064285714285714285 0.02
1 0.9764285714285714 0.19238095238095237 0.005714285714285714 0.018095238095238095
4 0.9685714285714285 0.2 0.014285714285714285 0.018095238095238095
4 0.9442857142857143 0.19904761904761906 0.01 0.01619047619047619
4 0.9242857142857143 0.20285714285714285 0.012142857142857143 0.017142857142857144
2 0.8721428571428571 0.19142857142857142 0.01 0.013333333333333334
1 0.8792857142857143 0.1295238095238095 0.007857142857142858 0.015238095238095238
4 0.8757142857142857 0.1361904761904762 0.014285714285714285 0.011428571428571429
3 0.9557142857142857 0.14761904761904762 0.04428571428571428 0.02666666666666667
3 0.9307142857142857 0.09619047619047619 0.03428571428571429 0.024761904761904763
3 0.84 0.10857142857142857 0.04071428571428572 0.021904761904761906
3 0.8078571428571428 0.14 0.018571428571428572 0.022857142857142857
3 0.7721428571428571 0.14285714285714285 0.018571428571428572 0.02666666666666667
3 0.7542857142857143 0.16857142857142857 0.045 0.023809523809523808
8 0.73 0.12285714285714286 0.037142857142857144 0.05238095238095238
3 0.7057142857142857 0.12666666666666668 0.025714285714285714 0.03142857142857143
3 0.6771428571428572 0.1361904761904762 0.024285714285714285 0.02095238095238095
2 0.6742857142857143 0.15523809523809523 0.023571428571428573 0.02761904761904762
1 0.5507142857142857 0.1523809523809524 0.007142857142857143 0.014285714285714285
4 0.55 0.15904761904761905 0.009285714285714286 0.011428571428571429
6 0.6021428571428571 0.0980952380952381 0.09642857142857143 0.03142857142857143
3 0.05928571428571429 0.1895238095238095 0.04285714285714286 0.018095238095238095
3 0.09428571428571429 0.19714285714285715 0.04214285714285714 0.01619047619047619
3 0.08285714285714285 0.21047619047619048 0.04357142857142857 0.02095238095238095
3 0.135 0.18761904761904763 0.04285714285714286 0.01904761904761905
3 0.15642857142857142 0.2019047619047619 0.04357142857142857 0.021904761904761906
3 0.20714285714285716 0.1980952380952381 0.04357142857142857 0.02095238095238095
3 0.2557142857142857 0.17523809523809525 0.03785714285714286 0.021904761904761906
3 0.27214285714285713 0.19714285714285715 0.04071428571428572 0.022857142857142857
3 0.3335714285714286 0.19904761904761906 0.041428571428571426 0.02666666666666667
3 0.4064285714285714 0.18476190476190477 0.04285714285714286 0.02666666666666667
1 0.4857142857142857 0.42 0.010714285714285714 0.029523809523809525
1 0.44285714285714284 0.44 0.015714285714285715 0.03619047619047619
1 0.5357142857142857 0.15714285714285714 0.005 0.015238095238095238
1 0.5392857142857143 0.15523809523809523 0.005714285714285714 0.013333333333333334
1 0.5828571428571429 0.10857142857142857 0.005 0.010476190476190476
4 0.5828571428571429 0.11333333333333333 0.004285714285714286 0.009523809523809525
2 0.06785714285714285 0.4704761904761905 0.025714285714285714 0.01619047619047619
2 0.06 0.4542857142857143 0.02642857142857143 0.02
2 0.045714285714285714 0.43714285714285717 0.032857142857142856 0.01904761904761905
2 0.029285714285714286 0.41619047619047617 0.03428571428571429 0.025714285714285714
2 0.015714285714285715 0.3780952380952381 0.03428571428571429 0.024761904761904763
2 0.011428571428571429 0.3580952380952381 0.030714285714285715 0.021904761904761906
2 0.01 0.34 0.025714285714285714 0.017142857142857144
2 0.012142857142857143 0.32857142857142857 0.020714285714285713 0.013333333333333334
2 0.012142857142857143 0.31523809523809526 0.019285714285714285 0.012380952380952381
3 0.0 0.5761904761904761 0.085 0.08
3 0.0014285714285714286 0.5523809523809524 0.055714285714285716 0.04666666666666667
3 0.002142857142857143 0.52 0.03642857142857143 0.04476190476190476
1 0.15142857142857144 0.5638095238095238 0.02 0.037142857142857144
3 0.9514285714285714 0.6561904761904762 0.04857142857142857 0.11523809523809524
