3 0.2342857142857143 0.03142857142857143 0.008571428571428572 0.010476190476190476
3 0.255 0.03238095238095238 0.010714285714285714 0.010476190476190476
3 0.2292857142857143 0.03238095238095238 0.007142857142857143 0.007619047619047619
8 0.25785714285714284 0.04380952380952381 0.019285714285714285 0.015238095238095238
3 0.4 0.017142857142857144 0.010714285714285714 0.007619047619047619
3 0.4014285714285714 0.014285714285714285 0.011428571428571429 0.006666666666666667
3 0.4035714285714286 0.009523809523809525 0.01 0.008571428571428572
3 0.405 0.006666666666666667 0.012142857142857143 0.006666666666666667
1 0.2814285714285714 0.14 0.002857142857142857 0.008571428571428572
1 0.28 0.13238095238095238 0.004285714285714286 0.011428571428571429
1 0.36142857142857143 0.17238095238095238 0.002142857142857143 0.008571428571428572
1 0.31214285714285717 0.1676190476190476 0.002142857142857143 0.004761904761904762
1 0.3407142857142857 0.16 0.002857142857142857 0.009523809523809525
1 0.30642857142857144 0.16666666666666666 0.002857142857142857 0.005714285714285714
1 0.3464285714285714 0.2019047619047619 0.0035714285714285713 0.005714285714285714
1 0.3385714285714286 0.20761904761904762 0.002857142857142857 0.005714285714285714
1 0.3414285714285714 0.20666666666666667 0.002857142857142857 0.007619047619047619
1 0.37 0.14476190476190476 0.002142857142857143 0.011428571428571429
1 0.38571428571428573 0.17904761904761904 0.002142857142857143 0.005714285714285714
1 0.385 0.17047619047619048 0.002857142857142857 0.005714285714285714
3 0.03214285714285714 0.5171428571428571 0.014285714285714285 0.022857142857142857
3 0.04357142857142857 0.518095238095238 0.02 0.02666666666666667
3 0.060714285714285714 0.5142857142857142 0.017142857142857144 0.029523809523809525
3 0.07357142857142857 0.5171428571428571 0.015714285714285715 0.025714285714285714
3 0.08857142857142856 0.5295238095238095 0.02642857142857143 0.018095238095238095
3 0.10071428571428571 0.5380952380952381 0.02 0.01619047619047619
3 0.10928571428571429 0.5428571428571428 0.023571428571428573 0.02
3 0.11285714285714285 0.5533333333333333 0.020714285714285713 0.018095238095238095
3 0.17642857142857143 0.5495238095238095 0.015 0.025714285714285714
8 0.0 0.5552380952380952 0.03142857142857143 0.021904761904761906
3 0.37857142857142856 0.8304761904761905 0.03857142857142857 0.02857142857142857
3 0.03214285714285714 0.6485714285714286 0.017142857142857144 0.03142857142857143
3 0.12 0.7780952380952381 0.02857142857142857 0.02
3 0.31 0.8038095238095239 0.015714285714285715 0.03619047619047619
3 0.16357142857142856 0.5619047619047619 0.013571428571428571 0.023809523809523808
3 0.14 0.5971428571428572 0.015714285714285715 0.03333333333333333
3 0.10785714285714286 0.62 0.024285714285714285 0.014285714285714285
3 0.08285714285714285 0.5971428571428572 0.013571428571428571 0.025714285714285714
3 0.02857142857142857 0.5761904761904761 0.017857142857142856 0.021904761904761906
3 0.056428571428571425 0.5752380952380952 0.02142857142857143 0.014285714285714285
3 0.065 0.5904761904761905 0.017142857142857144 0.029523809523809525
3 0.09785714285714285 0.7019047619047619 0.024285714285714285 0.030476190476190476
3 0.19428571428571428 0.7914285714285715 0.029285714285714286 0.01904761904761905
3 0.23714285714285716 0.8047619047619048 0.029285714285714286 0.021904761904761906
3 0.2742857142857143 0.8104761904761905 0.03 0.02095238095238095
3 0.2792857142857143 0.6104761904761905 0.024285714285714285 0.018095238095238095
3 0.28214285714285714 0.5952380952380952 0.02642857142857143 0.015238095238095238
3 0.22357142857142856 0.6057142857142858 0.025 0.022857142857142857
3 0.3485714285714286 0.6152380952380953 0.025 0.02
3 0.2557142857142857 0.5438095238095239 0.016428571428571428 0.030476190476190476
3 0.23785714285714285 0.5428571428571428 0.017142857142857144 0.02857142857142857
3 0.22 0.5476190476190477 0.017142857142857144 0.02761904761904762
3 0.20642857142857143 0.5485714285714286 0.014285714285714285 0.02761904761904762
3 0.19142857142857142 0.6009523809523809 0.014285714285714285 0.029523809523809525
3 0.085 0.6619047619047619 0.022857142857142857 0.03238095238095238
3 0.07071428571428572 0.6580952380952381 0.02 0.03238095238095238
3 0.03785714285714286 0.6942857142857143 0.024285714285714285 0.035238095238095235
3 0.1957142857142857 0.5476190476190477 0.01 0.029523809523809525
3 0.09785714285714285 0.5942857142857143 0.012857142857142857 0.02666666666666667
3 0.2507142857142857 0.6066666666666667 0.024285714285714285 0.014285714285714285
3 0.31285714285714283 0.6152380952380953 0.02857142857142857 0.02095238095238095
3 0.1757142857142857 0.6047619047619047 0.015714285714285715 0.02761904761904762
3 0.16428571428571428 0.599047619047619 0.02142857142857143 0.030476190476190476
3 0.15357142857142858 0.5980952380952381 0.016428571428571428 0.02857142857142857
3 0.052142857142857144 0.5971428571428572 0.011428571428571429 0.023809523809523808
3 0.03857142857142857 0.6019047619047619 0.012142857142857143 0.025714285714285714
3 0.02214285714285714 0.6933333333333334 0.024285714285714285 0.03333333333333333
3 0.032857142857142856 0.6352380952380953 0.02642857142857143 0.015238095238095238
3 0.062142857142857146 0.6933333333333334 0.020714285714285713 0.030476190476190476
3 0.07214285714285715 0.6961904761904761 0.023571428571428573 0.03428571428571429
3 0.08785714285714286 0.6961904761904761 0.022857142857142857 0.03428571428571429
3 0.11571428571428571 0.6619047619047619 0.020714285714285713 0.035238095238095235
3 0.105 0.6619047619047619 0.02 0.029523809523809525
3 0.056428571428571425 0.659047619047619 0.02142857142857143 0.03142857142857143
3 0.039285714285714285 0.6552380952380953 0.023571428571428573 0.035238095238095235
3 0.009285714285714286 0.6876190476190476 0.020714285714285713 0.03428571428571429
3 0.13071428571428573 0.6666666666666666 0.018571428571428572 0.02761904761904762
4 0.3342857142857143 0.6580952380952381 0.01 0.008571428571428572
4 0.3435714285714286 0.660952380952381 0.009285714285714286 0.008571428571428572
4 0.36857142857142855 0.6 0.009285714285714286 0.004761904761904762
1 0.3842857142857143 0.6323809523809524 0.004285714285714286 0.008571428571428572
1 0.3892857142857143 0.6257142857142857 0.002142857142857143 0.007619047619047619
1 0.24142857142857144 0.8266666666666667 0.009285714285714286 0.010476190476190476
3 0.41928571428571426 0.8485714285714285 0.03142857142857143 0.022857142857142857
3 0.4742857142857143 0.8561904761904762 0.03428571428571429 0.022857142857142857
3 0.4757142857142857 0.659047619047619 0.010714285714285714 0.04
3 0.5235714285714286 0.8666666666666667 0.03142857142857143 0.025714285714285714
3 0.5742857142857143 0.8752380952380953 0.03571428571428571 0.024761904761904763
3 0.45785714285714285 0.7561904761904762 0.015714285714285715 0.04380952380952381
3 0.5078571428571429 0.6438095238095238 0.022857142857142857 0.017142857142857144
2 0.43 0.6419047619047619 0.015 0.010476190476190476
1 0.5 0.6161904761904762 0.0035714285714285713 0.010476190476190476
1 0.5521428571428572 0.6352380952380953 0.0035714285714285713 0.006666666666666667
3 0.5578571428571428 0.6552380952380953 0.02857142857142857 0.01619047619047619
3 0.5964285714285714 0.6619047619047619 0.025714285714285714 0.01904761904761905
3 0.6364285714285715 0.6695238095238095 0.023571428571428573 0.02
2 0.3435714285714286 0.5904761904761905 0.008571428571428572 0.004761904761904762
3 0.5678571428571428 0.0 0.0064285714285714285 0.010476190476190476
3 0.5685714285714286 0.06761904761904762 0.005 0.011428571428571429
3 0.5628571428571428 0.12095238095238095 0.0064285714285714285 0.011428571428571429
3 0.5621428571428572 0.13047619047619047 0.005 0.014285714285714285
1 0.5635714285714286 0.19238095238095237 0.0035714285714285713 0.008571428571428572
1 0.5557142857142857 0.21142857142857144 0.002857142857142857 0.006666666666666667
1 0.5621428571428572 0.19428571428571428 0.002142857142857143 0.005714285714285714
1 0.5607142857142857 0.15333333333333332 0.002857142857142857 0.009523809523809525
1 0.5507142857142857 0.14952380952380953 0.002857142857142857 0.008571428571428572
4 0.5342857142857143 0.2 0.008571428571428572 0.010476190476190476
1 0.6792857142857143 0.8771428571428571 0.0035714285714285713 0.010476190476190476
3 0.67 0.6780952380952381 0.03 0.01619047619047619
3 0.705 0.6828571428571428 0.03214285714285714 0.02
3 0.7078571428571429 0.7304761904761905 0.012142857142857143 0.03619047619047619
3 0.8635714285714285 0.7590476190476191 0.018571428571428572 0.037142857142857144
3 0.8021428571428572 0.6961904761904761 0.03214285714285714 0.023809523809523808
3 0.7964285714285714 0.7457142857142857 0.015714285714285715 0.04
3 0.8128571428571428 0.7485714285714286 0.015 0.04380952380952381
3 0.8292857142857143 0.7504761904761905 0.02 0.0419047619047619
3 0.7778571428571428 0.7438095238095238 0.013571428571428571 0.039047619047619046
3 0.7614285714285715 0.7409523809523809 0.012857142857142857 0.037142857142857144
3 0.7435714285714285 0.7380952380952381 0.013571428571428571 0.03619047619047619
3 0.7257142857142858 0.7333333333333333 0.014285714285714285 0.03619047619047619
3 0.8235714285714286 0.6504761904761904 0.030714285714285715 0.01904761904761905
3 0.8035714285714286 0.62 0.014285714285714285 0.03619047619047619
3 0.8142857142857143 0.5895238095238096 0.027857142857142858 0.018095238095238095
4 0.8192857142857143 0.6028571428571429 0.011428571428571429 0.008571428571428572
4 0.8185714285714286 0.6066666666666667 0.012142857142857143 0.010476190476190476
4 0.8192857142857143 0.6142857142857143 0.012857142857142857 0.010476190476190476
1 0.8778571428571429 0.7390476190476191 0.004285714285714286 0.011428571428571429
1 0.8814285714285715 0.7409523809523809 0.0035714285714285713 0.006666666666666667
1 0.8871428571428571 0.9028571428571428 0.0064285714285714285 0.008571428571428572
4 0.6364285714285715 0.6285714285714286 0.007142857142857143 0.008571428571428572
3 0.6564285714285715 0.002857142857142857 0.013571428571428571 0.007619047619047619
3 0.6742857142857143 0.002857142857142857 0.012142857142857143 0.008571428571428572
1 0.7135714285714285 0.0761904761904762 0.0035714285714285713 0.006666666666666667
1 0.6842857142857143 0.23333333333333334 0.002857142857142857 0.010476190476190476
1 0.7028571428571428 0.11714285714285715 0.002857142857142857 0.004761904761904762
1 0.6464285714285715 0.26285714285714284 0.002857142857142857 0.004761904761904762
3 0.675 0.37142857142857144 0.011428571428571429 0.021904761904761906
1 0.8271428571428572 0.06476190476190476 0.004285714285714286 0.006666666666666667
1 0.835 0.10380952380952381 0.004285714285714286 0.005714285714285714
6 0.9092857142857143 0.011428571428571429 0.019285714285714285 0.03428571428571429
6 0.9235714285714286 0.05904761904761905 0.018571428571428572 0.03619047619047619
1 0.9271428571428572 0.08857142857142856 0.004285714285714286 0.007619047619047619
3 0.9192857142857143 0.054285714285714284 0.011428571428571429 0.012380952380952381
3 0.8957142857142857 0.16857142857142857 0.007857142857142858 0.02
3 0.875 0.24285714285714285 0.009285714285714286 0.02095238095238095
3 0.9364285714285714 0.18 0.01 0.01619047619047619
3 0.9392857142857143 0.2419047619047619 0.012142857142857143 0.018095238095238095
3 0.9828571428571429 0.2438095238095238 0.013571428571428571 0.017142857142857144
3 0.9914285714285714 0.26571428571428574 0.008571428571428572 0.018095238095238095
3 0.9407142857142857 0.002857142857142857 0.015 0.010476190476190476
3 0.9635714285714285 0.0 0.015 0.007619047619047619
3 0.9864285714285714 0.0 0.013571428571428571 0.008571428571428572
3 0.9578571428571429 0.006666666666666667 0.014285714285714285 0.010476190476190476
3 0.9578571428571429 0.023809523809523808 0.015 0.007619047619047619
3 0.96 0.029523809523809525 0.015 0.009523809523809525
3 0.965 0.03428571428571429 0.014285714285714285 0.008571428571428572
3 0.9642857142857143 0.04285714285714286 0.015 0.009523809523809525
3 0.9642857142857143 0.05142857142857143 0.014285714285714285 0.009523809523809525
3 0.9685714285714285 0.05904761904761905 0.011428571428571429 0.008571428571428572
3 0.9728571428571429 0.06285714285714286 0.015714285714285715 0.010476190476190476
3 0.9728571428571429 0.06761904761904762 0.011428571428571429 0.013333333333333334
3 0.975 0.07238095238095238 0.014285714285714285 0.011428571428571429
3 0.9735714285714285 0.07714285714285714 0.02 0.012380952380952381
3 0.9771428571428571 0.0838095238095238 0.020714285714285713 0.010476190476190476
3 0.9814285714285714 0.08761904761904762 0.017142857142857144 0.012380952380952381
3 0.9771428571428571 0.09333333333333334 0.019285714285714285 0.012380952380952381
3 0.9792857142857143 0.09904761904761905 0.017857142857142856 0.014285714285714285
3 0.9785714285714285 0.10761904761904761 0.017142857142857144 0.010476190476190476
3 0.9792857142857143 0.11428571428571428 0.018571428571428572 0.017142857142857144
3 0.9828571428571429 0.12380952380952381 0.015714285714285715 0.010476190476190476
3 0.985 0.12857142857142856 0.015 0.012380952380952381
3 0.9871428571428571 0.13333333333333333 0.012142857142857143 0.017142857142857144
3 0.9892857142857143 0.14285714285714285 0.009285714285714286 0.010476190476190476
1 0.8528571428571429 0.35619047619047617 0.005 0.008571428571428572
1 0.8371428571428572 0.4238095238095238 0.004285714285714286 0.006666666666666667
1 0.8392857142857143 0.5266666666666666 0.004285714285714286 0.011428571428571429
1 0.8342857142857143 0.5219047619047619 0.005 0.009523809523809525
1 0.8392857142857143 0.5095238095238095 0.004285714285714286 0.008571428571428572
2 0.8657142857142858 0.5552380952380952 0.007142857142857143 0.017142857142857144
3 0.8464285714285714 0.42 0.01 0.029523809523809525
3 0.8492857142857143 0.36952380952380953 0.011428571428571429 0.023809523809523808
3 0.9514285714285714 0.38666666666666666 0.017142857142857144 0.02761904761904762
3 0.9728571428571429 0.48095238095238096 0.014285714285714285 0.025714285714285714
3 0.9835714285714285 0.520952380952381 0.015 0.029523809523809525
3 0.8378571428571429 0.46476190476190476 0.015 0.02761904761904762
3 0.8721428571428571 0.3742857142857143 0.012142857142857143 0.02095238095238095
3 0.8121428571428572 0.539047619047619 0.025 0.01904761904761905
3 0.8114285714285714 0.5523809523809524 0.024285714285714285 0.017142857142857144
3 0.8092857142857143 0.5666666666666667 0.03 0.02
3 0.9885714285714285 0.56 0.011428571428571429 0.029523809523809525
1 0.9185714285714286 0.9561904761904761 0.007857142857142858 0.010476190476190476
1 0.9085714285714286 0.8495238095238096 0.004285714285714286 0.007619047619047619
1 0.9257142857142857 0.9295238095238095 0.0064285714285714285 0.006666666666666667
1 0.925 0.8552380952380952 0.005714285714285714 0.009523809523809525
1 0.9257142857142857 0.8438095238095238 0.007857142857142858 0.004761904761904762
4 0.9142857142857143 0.96 0.010714285714285714 0.014285714285714285
4 0.905 0.8447619047619047 0.009285714285714286 0.02095238095238095
