4 0.595 0.842 0.024 0.04066666666666666
1 0.6145 0.8893333333333333 0.0165 0.029333333333333333
1 0.5485 0.8173333333333334 0.0105 0.04466666666666667
1 0.5375 0.8153333333333334 0.011 0.04666666666666667
1 0.524 0.796 0.014 0.052
8 0.5555 0.7106666666666667 0.038 0.07533333333333334
3 0.4385 0.7446666666666667 0.032 0.062
1 0.551 0.6686666666666666 0.008 0.03133333333333333
1 0.536 0.6813333333333333 0.0085 0.03266666666666666
1 0.536 0.672 0.008 0.032
1 0.548 0.6366666666666667 0.007 0.023333333333333334
1 0.561 0.6573333333333333 0.0055 0.021333333333333333
8 0.5575 0.6673333333333333 0.0265 0.048666666666666664
8 0.592 0.5766666666666667 0.0385 0.086
8 0.5935 0.5386666666666666 0.0505 0.042666666666666665
1 0.5485 0.5866666666666667 0.005 0.021333333333333333
3 0.61 0.5226666666666666 0.0325 0.021333333333333333
3 0.608 0.5066666666666667 0.0245 0.018666666666666668
3 0.5865 0.5346666666666666 0.0275 0.017333333333333333
3 0.642 0.5153333333333333 0.0275 0.014
3 0.646 0.536 0.032 0.012
4 0.5755 0.5433333333333333 0.0145 0.010666666666666666
2 0.5525 0.572 0.0105 0.03333333333333333
1 0.5685 0.5633333333333334 0.0045 0.020666666666666667
8 0.4045 0.684 0.0665 0.06
3 0.465 0.6146666666666667 0.026 0.04066666666666666
1 0.5005 0.5893333333333334 0.0055 0.021333333333333333
4 0.4955 0.63 0.007 0.02
1 0.4955 0.6213333333333333 0.0075 0.024666666666666667
4 0.5075 0.6273333333333333 0.007 0.021333333333333333
1 0.5085 0.6213333333333333 0.006 0.021333333333333333
1 0.4825 0.5493333333333333 0.0045 0.017333333333333333
3 0.4835 0.5386666666666666 0.015 0.021333333333333333
1 0.527 0.542 0.0045 0.018666666666666668
2 0.518 0.5986666666666667 0.0155 0.020666666666666667
1 0.52 0.5946666666666667 0.0055 0.015333333333333332
1 0.534 0.544 0.0045 0.018
1 0.538 0.542 0.005 0.020666666666666667
2 0.5295 0.5786666666666667 0.0035 0.014666666666666666
1 0.529 0.574 0.005 0.016
3 0.489 0.528 0.013 0.018
3 0.489 0.5146666666666667 0.0125 0.016
3 0.491 0.5013333333333333 0.0115 0.016666666666666666
1 0.5015 0.49933333333333335 0.003 0.013333333333333334
1 0.5035 0.49333333333333335 0.004 0.012666666666666666
3 0.5075 0.498 0.0135 0.016666666666666666
3 0.515 0.5273333333333333 0.0135 0.016
2 0.5045 0.5166666666666667 0.0075 0.014
1 0.507 0.5146666666666667 0.003 0.011333333333333334
3 0.5445 0.53 0.0185 0.015333333333333332
1 0.5515 0.516 0.0035 0.017333333333333333
4 0.5325 0.5246666666666666 0.004 0.011333333333333334
1 0.5325 0.5206666666666667 0.005 0.014666666666666666
4 0.527 0.5133333333333333 0.0055 0.010666666666666666
1 0.5295 0.5026666666666667 0.0045 0.014
1 0.5335 0.5073333333333333 0.004 0.012
1 0.523 0.49866666666666665 0.003 0.012666666666666666
2 0.5385 0.5066666666666667 0.017 0.017333333333333333
3 0.5155 0.44333333333333336 0.0135 0.008
1 0.516 0.44133333333333336 0.0025 0.008666666666666666
3 0.5885 0.47533333333333333 0.017 0.015333333333333332
3 0.565 0.46266666666666667 0.008 0.010666666666666666
2 0.584 0.4633333333333333 0.0025 0.006666666666666667
1 0.5985 0.4686666666666667 0.004 0.009333333333333334
3 0.4685 0.44533333333333336 0.015 0.008
