3 0.3068893528183716 0.0074211502782931356 0.021920668058455117 0.017625231910946195
3 0.3058455114822547 0.0 0.019832985386221295 0.012987012987012988
1 0.4003131524008351 0.055658627087198514 0.0026096033402922755 0.01855287569573284
3 0.3862212943632568 0.08070500927643785 0.010960334029227558 0.02411873840445269
3 0.29592901878914407 0.13358070500927643 0.026096033402922755 0.02504638218923933
3 0.2954070981210856 0.10853432282003711 0.02661795407098121 0.021335807050092765
3 0.2985386221294363 0.07884972170686456 0.024530271398747392 0.01855287569573284
3 0.26252609603340293 0.3562152133580705 0.04123173277661795 0.03153988868274583
3 0.20876826722338204 0.4100185528756957 0.020876826722338204 0.059369202226345084
3 0.05845511482254697 0.4322820037105751 0.016701461377870562 0.03432282003710575
3 0.030271398747390398 0.43413729128014844 0.015657620041753653 0.03153988868274583
3 0.5 0.34137291280148424 0.016701461377870562 0.045454545454545456
3 0.524008350730689 0.34137291280148424 0.018789144050104383 0.04638218923933209
4 0.46659707724425886 0.4712430426716141 0.012004175365344467 0.014842300556586271
3 0.4451983298538622 0.6178107606679035 0.043319415448851775 0.06679035250463822
3 0.4921711899791232 0.6938775510204082 0.04645093945720251 0.07421150278293136
3 0.517223382045929 0.7291280148423006 0.04592901878914405 0.08348794063079777
3 0.3684759916492693 0.865491651205937 0.05323590814196242 0.09090909090909091
3 0.46346555323590816 0.9675324675324676 0.037578288100208766 0.03153988868274583
8 0.6153444676409185 0.588126159554731 0.0767223382045929 0.10575139146567718
3 0.6263048016701461 0.32838589981447125 0.020876826722338204 0.039888682745825604
1 0.704070981210856 0.33302411873840443 0.0041753653444676405 0.015769944341372914
1 0.721294363256785 0.336734693877551 0.004697286012526096 0.021335807050092765
4 0.725991649269311 0.3589981447124304 0.005741127348643006 0.017625231910946195
3 0.7390396659707724 0.3302411873840445 0.038100208768267224 0.029684601113172542
3 0.8094989561586639 0.274582560296846 0.03288100208768267 0.02504638218923933
3 0.848643006263048 0.2810760667903525 0.03496868475991649 0.030612244897959183
3 0.8298538622129437 0.310760667903525 0.03496868475991649 0.029684601113172542
3 0.93580375782881 0.2857142857142857 0.030271398747390398 0.041743970315398886
4 0.9598121085594989 0.2894248608534323 0.014613778705636743 0.017625231910946195
4 0.9744258872651357 0.3033395176252319 0.013569937369519834 0.014842300556586271
2 0.9754697286012526 0.3163265306122449 0.019311064718162838 0.016697588126159554
4 0.8575156576200418 0.24860853432282004 0.006263048016701462 0.014842300556586271
2 0.8502087682672234 0.24118738404452691 0.006263048016701462 0.016697588126159554
4 0.9076200417536534 0.7662337662337663 0.008872651356993737 0.038033395176252316
4 0.8768267223382046 0.7680890538033395 0.014091858037578288 0.03896103896103896
1 0.4697286012526096 0.46289424860853434 0.005741127348643006 0.017625231910946195
