1 0.35928571428571426 0.9479695431472082 0.007857142857142858 0.012690355329949238
2 0.35928571428571426 0.9454314720812182 0.007142857142857143 0.02284263959390863
1 0.37285714285714283 0.9885786802030457 0.005714285714285714 0.008883248730964468
3 0.4035714285714286 0.8553299492385786 0.02214285714285714 0.07614213197969544
6 0.40714285714285714 0.06852791878172589 0.05357142857142857 0.05964467005076142
6 0.46285714285714286 0.02284263959390863 0.06428571428571428 0.06725888324873096
3 0.49142857142857144 0.0850253807106599 0.027857142857142858 0.024111675126903553
3 0.565 0.06472081218274112 0.017142857142857144 0.031725888324873094
3 0.6064285714285714 0.006345177664974619 0.013571428571428571 0.02918781725888325
3 0.5542857142857143 0.26015228426395937 0.016428571428571428 0.03680203045685279
3 0.6085714285714285 0.3934010152284264 0.017142857142857144 0.046954314720812185
3 0.5142857142857142 0.41878172588832485 0.017142857142857144 0.044416243654822336
3 0.49357142857142855 0.4200507614213198 0.017142857142857144 0.044416243654822336
3 0.5007142857142857 0.5266497461928934 0.019285714285714285 0.05203045685279188
3 0.5435714285714286 0.6941624365482234 0.019285714285714285 0.06345177664974619
3 0.4185714285714286 0.7639593908629442 0.022857142857142857 0.06345177664974619
3 0.47928571428571426 0.7969543147208121 0.022857142857142857 0.07106598984771574
3 0.44857142857142857 0.8439086294416244 0.020714285714285713 0.07233502538071065
3 0.44142857142857145 0.6560913705583756 0.02214285714285714 0.05964467005076142
8 0.44785714285714284 0.7055837563451777 0.029285714285714286 0.09644670050761421
3 0.4707142857142857 0.5228426395939086 0.020714285714285713 0.05964467005076142
6 0.49357142857142855 0.6205583756345178 0.022857142857142857 0.08629441624365482
8 0.5285714285714286 0.30583756345177665 0.02142857142857143 0.07614213197969544
3 0.5657142857142857 0.1548223350253807 0.02 0.05583756345177665
3 0.5964285714285714 0.11040609137055837 0.015 0.03553299492385787
3 0.5714285714285714 0.10532994923857868 0.017857142857142856 0.03680203045685279
3 0.5914285714285714 0.04314720812182741 0.016428571428571428 0.03807106598984772
6 0.6207142857142857 0.0 0.02642857142857143 0.048223350253807105
3 0.655 0.006345177664974619 0.014285714285714285 0.031725888324873094
3 0.6735714285714286 0.0025380710659898475 0.014285714285714285 0.03426395939086294
3 0.7021428571428572 0.1383248730964467 0.02857142857142857 0.021573604060913704
3 0.725 0.027918781725888325 0.011428571428571429 0.030456852791878174
8 0.7035714285714286 0.0 0.023571428571428573 0.06218274111675127
6 0.6885714285714286 0.0 0.017142857142857144 0.04314720812182741
1 0.83 0.0038071065989847717 0.005 0.015228426395939087
1 0.8064285714285714 0.0 0.004285714285714286 0.01649746192893401
3 0.9407142857142857 0.2715736040609137 0.027857142857142858 0.03426395939086294
3 0.8657142857142858 0.32614213197969544 0.03571428571428571 0.03553299492385787
8 0.815 0.2868020304568528 0.045714285714285714 0.04568527918781726
8 0.85 0.28045685279187815 0.04642857142857143 0.046954314720812185
3 0.8185714285714286 0.27284263959390864 0.029285714285714286 0.024111675126903553
3 0.8207142857142857 0.24746192893401014 0.03214285714285714 0.03553299492385787
