3 0.3914285714285714 0.5748730964467005 0.012142857142857143 0.0266497461928934
3 0.4 0.5088832487309645 0.009285714285714286 0.021573604060913704
3 0.4114285714285714 0.4149746192893401 0.0064285714285714285 0.013959390862944163
3 0.405 0.39720812182741116 0.007142857142857143 0.012690355329949238
3 0.4492857142857143 0.3350253807106599 0.005714285714285714 0.011421319796954314
3 0.44785714285714284 0.2918781725888325 0.005 0.011421319796954314
3 0.4407142857142857 0.28426395939086296 0.0035714285714285713 0.008883248730964468
3 0.4492857142857143 0.26776649746192893 0.005 0.011421319796954314
3 0.42428571428571427 0.22842639593908629 0.004285714285714286 0.008883248730964468
3 0.45071428571428573 0.2182741116751269 0.0035714285714285713 0.01015228426395939
3 0.44 0.4098984771573604 0.007857142857142858 0.01903553299492386
3 0.4164285714285714 0.5596446700507615 0.011428571428571429 0.03299492385786802
3 0.47285714285714286 0.5774111675126904 0.013571428571428571 0.025380710659898477
6 0.45785714285714285 0.5038071065989848 0.009285714285714286 0.03934010152284264
3 0.42142857142857143 0.48984771573604063 0.008571428571428572 0.027918781725888325
6 0.38642857142857145 0.3616751269035533 0.010714285714285714 0.04187817258883249
3 0.5621428571428572 0.5862944162436549 0.025714285714285714 0.02284263959390863
3 0.61 0.5799492385786802 0.025714285714285714 0.02284263959390863
3 0.7407142857142858 0.565989847715736 0.027142857142857142 0.02284263959390863
3 0.7935714285714286 0.5621827411167513 0.02642857142857143 0.0266497461928934
3 0.7657142857142857 0.565989847715736 0.024285714285714285 0.01903553299492386
8 0.3707142857142857 0.5583756345177665 0.019285714285714285 0.04568527918781726
3 0.39071428571428574 0.42258883248730966 0.008571428571428572 0.01649746192893401
