3 0.2542857142857143 0.9225888324873096 0.013571428571428571 0.02918781725888325
3 0.24714285714285714 0.9670050761421319 0.019285714285714285 0.031725888324873094
3 0.35928571428571426 0.6814720812182741 0.014285714285714285 0.031725888324873094
3 0.31285714285714283 0.8756345177664975 0.015 0.03680203045685279
8 0.3107142857142857 0.8959390862944162 0.023571428571428573 0.05710659898477157
8 0.36142857142857143 0.7538071065989848 0.03142857142857143 0.07741116751269035
3 0.30357142857142855 0.8109137055837563 0.015714285714285715 0.03426395939086294
3 0.36214285714285716 0.7043147208121827 0.017142857142857144 0.031725888324873094
3 0.42 0.6598984771573604 0.013571428571428571 0.030456852791878174
3 0.43785714285714283 0.6154822335025381 0.013571428571428571 0.02918781725888325
8 0.36142857142857143 0.5913705583756346 0.03357142857142857 0.07741116751269035
3 0.45714285714285713 0.5774111675126904 0.011428571428571429 0.02030456852791878
3 0.47214285714285714 0.5380710659898477 0.012142857142857143 0.025380710659898477
3 0.42142857142857143 0.5786802030456852 0.011428571428571429 0.0266497461928934
8 0.4514285714285714 0.5355329949238579 0.017142857142857144 0.04187817258883249
6 0.41214285714285714 0.5545685279187818 0.015714285714285715 0.03426395939086294
6 0.41928571428571426 0.6065989847715736 0.018571428571428572 0.03934010152284264
3 0.5021428571428571 0.4631979695431472 0.012857142857142857 0.021573604060913704
3 0.4807142857142857 0.48984771573604063 0.008571428571428572 0.021573604060913704
3 0.45285714285714285 0.47081218274111675 0.009285714285714286 0.017766497461928935
8 0.4942857142857143 0.3870558375634518 0.022857142857142857 0.048223350253807105
3 0.5228571428571429 0.4251269035532995 0.008571428571428572 0.02284263959390863
8 0.5271428571428571 0.35913705583756345 0.02 0.044416243654822336
3 0.545 0.37055837563451777 0.012857142857142857 0.02284263959390863
3 0.5171428571428571 0.3096446700507614 0.007142857142857143 0.017766497461928935
3 0.5107142857142857 0.42258883248730966 0.012857142857142857 0.01649746192893401
3 0.5628571428571428 0.3413705583756345 0.010714285714285714 0.017766497461928935
3 0.5585714285714286 0.3210659898477157 0.011428571428571429 0.01903553299492386
3 0.5478571428571428 0.3147208121827411 0.01 0.01903553299492386
3 0.5692857142857143 0.26903553299492383 0.010714285714285714 0.015228426395939087
4 0.5371428571428571 0.40482233502538073 0.005714285714285714 0.011421319796954314
1 0.5392857142857143 0.40482233502538073 0.0035714285714285713 0.01015228426395939
3 0.5757142857142857 0.2880710659898477 0.010714285714285714 0.02284263959390863
3 0.5785714285714286 0.3096446700507614 0.010714285714285714 0.02284263959390863
3 0.595 0.2779187817258883 0.011428571428571429 0.017766497461928935
3 0.6128571428571429 0.1802030456852792 0.009285714285714286 0.01649746192893401
6 0.54 0.21065989847715735 0.02 0.048223350253807105
8 0.6142857142857143 0.20050761421319796 0.020714285714285713 0.03553299492385787
3 0.6407142857142857 0.2639593908629442 0.012857142857142857 0.02030456852791878
1 0.6071428571428571 0.932741116751269 0.0035714285714285713 0.006345177664974619
1 0.6157142857142858 0.9708121827411168 0.0035714285714285713 0.007614213197969543
1 0.6264285714285714 0.9441624365482234 0.0035714285714285713 0.006345177664974619
1 0.6292857142857143 0.9302030456852792 0.002857142857142857 0.007614213197969543
1 0.6371428571428571 0.9467005076142132 0.002857142857142857 0.006345177664974619
1 0.63 0.9403553299492385 0.0035714285714285713 0.006345177664974619
8 0.5428571428571428 0.6852791878172588 0.04214285714285714 0.048223350253807105
8 0.5485714285714286 0.6700507614213198 0.03428571428571429 0.03934010152284264
6 0.5528571428571428 0.6548223350253807 0.041428571428571426 0.04187817258883249
1 0.6328571428571429 0.6129441624365483 0.0035714285714285713 0.01015228426395939
3 0.6535714285714286 0.1218274111675127 0.008571428571428572 0.01649746192893401
3 0.6492857142857142 0.17766497461928935 0.013571428571428571 0.02284263959390863
3 0.6678571428571428 0.1434010152284264 0.008571428571428572 0.015228426395939087
3 0.7171428571428572 0.07360406091370558 0.007857142857142858 0.017766497461928935
8 0.655 0.6548223350253807 0.027857142857142858 0.03426395939086294
8 0.6485714285714286 0.7055837563451777 0.029285714285714286 0.03299492385786802
8 0.7185714285714285 0.0266497461928934 0.015 0.0266497461928934
