1 0.4107142857142857 0.32095238095238093 0.002142857142857143 0.006666666666666667
1 0.32857142857142857 0.37714285714285717 0.0035714285714285713 0.007619047619047619
1 0.4014285714285714 0.35333333333333333 0.0035714285714285713 0.008571428571428572
3 0.032857142857142856 0.7761904761904762 0.018571428571428572 0.04476190476190476
3 0.06428571428571428 0.7704761904761904 0.019285714285714285 0.04476190476190476
3 0.085 0.7704761904761904 0.018571428571428572 0.04380952380952381
3 0.10785714285714286 0.7695238095238095 0.015 0.03238095238095238
3 0.12571428571428572 0.7647619047619048 0.017142857142857144 0.04285714285714286
3 0.007857142857142858 0.8714285714285714 0.023571428571428573 0.04857142857142857
3 0.04857142857142857 0.8647619047619047 0.02 0.047619047619047616
3 0.08642857142857142 0.8628571428571429 0.02 0.04666666666666667
3 0.06642857142857143 0.8609523809523809 0.020714285714285713 0.04666666666666667
3 0.0 0.78 0.010714285714285714 0.04380952380952381
3 0.24785714285714286 0.7561904761904762 0.014285714285714285 0.039047619047619046
3 0.2664285714285714 0.7466666666666667 0.015714285714285715 0.039047619047619046
3 0.2857142857142857 0.7457142857142857 0.014285714285714285 0.039047619047619046
3 0.30857142857142855 0.7447619047619047 0.013571428571428571 0.039047619047619046
3 0.2507142857142857 0.8457142857142858 0.015714285714285715 0.040952380952380955
3 0.2742857142857143 0.8438095238095238 0.013571428571428571 0.04285714285714286
3 0.33071428571428574 0.8352380952380952 0.013571428571428571 0.04380952380952381
3 0.365 0.8352380952380952 0.014285714285714285 0.04
3 0.38357142857142856 0.8314285714285714 0.014285714285714285 0.040952380952380955
3 0.3992857142857143 0.8228571428571428 0.02 0.049523809523809526
3 0.41928571428571426 0.82 0.014285714285714285 0.04666666666666667
3 0.4407142857142857 0.8219047619047619 0.012857142857142857 0.04476190476190476
3 0.48928571428571427 0.8085714285714286 0.012857142857142857 0.05047619047619047
3 0.4064285714285714 0.7371428571428571 0.012857142857142857 0.039047619047619046
3 0.44571428571428573 0.7314285714285714 0.013571428571428571 0.039047619047619046
3 0.4957142857142857 0.7295238095238096 0.013571428571428571 0.04
3 0.5107142857142857 0.7238095238095238 0.014285714285714285 0.04380952380952381
1 0.4007142857142857 0.6361904761904762 0.002142857142857143 0.006666666666666667
1 0.38 0.6104761904761905 0.004285714285714286 0.005714285714285714
4 0.39357142857142857 0.6323809523809524 0.008571428571428572 0.007619047619047619
1 0.8664285714285714 0.3942857142857143 0.002857142857142857 0.007619047619047619
1 0.72 0.28 0.0035714285714285713 0.006666666666666667
1 0.7657142857142857 0.31047619047619046 0.0035714285714285713 0.007619047619047619
1 0.7635714285714286 0.32095238095238093 0.0035714285714285713 0.007619047619047619
1 0.765 0.32476190476190475 0.0035714285714285713 0.005714285714285714
4 0.7071428571428572 0.3314285714285714 0.005 0.008571428571428572
4 0.7121428571428572 0.33714285714285713 0.004285714285714286 0.007619047619047619
4 0.7142857142857143 0.34095238095238095 0.0064285714285714285 0.006666666666666667
4 0.7178571428571429 0.34285714285714286 0.0064285714285714285 0.007619047619047619
1 0.9792857142857143 0.3838095238095238 0.007857142857142858 0.007619047619047619
3 0.9135714285714286 0.15523809523809523 0.015 0.02666666666666667
3 0.925 0.15523809523809523 0.014285714285714285 0.025714285714285714
3 0.9407142857142857 0.16285714285714287 0.013571428571428571 0.025714285714285714
3 0.9528571428571428 0.1676190476190476 0.014285714285714285 0.025714285714285714
3 0.9692857142857143 0.1761904761904762 0.016428571428571428 0.024761904761904763
