3 0.68 0.8591370558375635 0.1 0.13959390862944163
3 0.8178571428571428 0.9086294416243654 0.09714285714285714 0.0901015228426396
3 0.10142857142857142 0.4251269035532995 0.041428571428571426 0.08756345177664974
3 0.060714285714285714 0.14086294416243655 0.024285714285714285 0.06091370558375635
3 0.04357142857142857 0.2131979695431472 0.027142857142857142 0.07106598984771574
3 0.007142857142857143 0.08883248730964467 0.020714285714285713 0.0583756345177665
3 0.005714285714285714 0.025380710659898477 0.016428571428571428 0.04568527918781726
3 0.06857142857142857 0.10279187817258884 0.02857142857142857 0.048223350253807105
3 0.7328571428571429 0.4149746192893401 0.08571428571428572 0.1434010152284264
3 0.5364285714285715 0.20812182741116753 0.05142857142857143 0.0901015228426396
3 0.4407142857142857 0.1967005076142132 0.04214285714285714 0.06979695431472081
3 0.4035714285714286 0.012690355329949238 0.035 0.05203045685279188
8 0.8321428571428572 0.4200507614213198 0.10357142857142858 0.17893401015228427
8 0.43714285714285717 0.0 0.06428571428571428 0.0850253807106599
1 0.96 0.5088832487309645 0.010714285714285714 0.02284263959390863
1 0.9528571428571428 0.501269035532995 0.007857142857142858 0.01903553299492386
1 0.9407142857142857 0.46446700507614214 0.01 0.031725888324873094
1 0.95 0.4606598984771574 0.010714285714285714 0.03553299492385787
1 0.91 0.43908629441624364 0.010714285714285714 0.0266497461928934
1 0.9042857142857142 0.4149746192893401 0.01 0.02918781725888325
1 0.91 0.41878172588832485 0.007857142857142858 0.0266497461928934
1 0.895 0.4022842639593909 0.007142857142857143 0.021573604060913704
1 0.8707142857142857 0.399746192893401 0.008571428571428572 0.024111675126903553
1 0.7964285714285714 0.3147208121827411 0.009285714285714286 0.021573604060913704
1 0.7921428571428571 0.30710659898477155 0.007857142857142858 0.02284263959390863
1 0.7378571428571429 0.22461928934010153 0.0064285714285714285 0.027918781725888325
1 0.6435714285714286 0.08375634517766498 0.0064285714285714285 0.024111675126903553
1 0.6385714285714286 0.0799492385786802 0.005 0.027918781725888325
1 0.6328571428571429 0.09263959390862944 0.005 0.013959390862944163
1 0.6135714285714285 0.08375634517766498 0.005 0.024111675126903553
1 0.565 0.0038071065989847717 0.012857142857142857 0.027918781725888325
1 0.5621428571428572 0.0 0.005 0.02030456852791878
1 0.5271428571428571 0.008883248730964468 0.005 0.02030456852791878
1 0.535 0.006345177664974619 0.004285714285714286 0.02284263959390863
1 0.54 0.006345177664974619 0.005 0.024111675126903553
1 0.5464285714285714 0.0025380710659898475 0.005 0.025380710659898477
3 0.2621428571428571 0.0025380710659898475 0.055714285714285716 0.10279187817258884
