3 0.007857142857142858 0.29333333333333333 0.012857142857142857 0.021904761904761906
3 0.10857142857142857 0.3438095238095238 0.025714285714285714 0.014285714285714285
3 0.12642857142857142 0.32571428571428573 0.017857142857142856 0.011428571428571429
3 0.33285714285714285 0.3438095238095238 0.020714285714285713 0.014285714285714285
1 0.29 0.3361904761904762 0.002142857142857143 0.006666666666666667
1 0.285 0.3361904761904762 0.002142857142857143 0.006666666666666667
1 0.36142857142857143 0.33714285714285713 0.0014285714285714286 0.008571428571428572
1 0.3507142857142857 0.33904761904761904 0.002142857142857143 0.006666666666666667
1 0.18071428571428572 0.3504761904761905 0.002857142857142857 0.005714285714285714
6 0.10357142857142858 0.3019047619047619 0.04357142857142857 0.024761904761904763
3 0.28285714285714286 0.4342857142857143 0.011428571428571429 0.024761904761904763
1 0.31 0.439047619047619 0.005 0.01619047619047619
1 0.4114285714285714 0.37142857142857144 0.002142857142857143 0.007619047619047619
1 0.4007142857142857 0.9285714285714286 0.002857142857142857 0.008571428571428572
3 0.5128571428571429 0.699047619047619 0.01 0.03619047619047619
3 0.4742857142857143 0.4942857142857143 0.011428571428571429 0.03238095238095238
3 0.5221428571428571 0.49238095238095236 0.008571428571428572 0.025714285714285714
3 0.5057142857142857 0.5257142857142857 0.009285714285714286 0.02857142857142857
3 0.5 0.31523809523809526 0.008571428571428572 0.02666666666666667
3 0.54 0.09428571428571429 0.005714285714285714 0.014285714285714285
3 0.5028571428571429 0.13428571428571429 0.008571428571428572 0.02
3 0.5414285714285715 0.006666666666666667 0.007142857142857143 0.010476190476190476
1 0.6285714285714286 0.02 0.0014285714285714286 0.005714285714285714
3 0.6064285714285714 0.05238095238095238 0.012142857142857143 0.010476190476190476
1 0.6371428571428571 0.1361904761904762 0.002857142857142857 0.011428571428571429
3 0.64 0.16285714285714287 0.015 0.010476190476190476
1 0.63 0.1980952380952381 0.0035714285714285713 0.009523809523809525
3 0.64 0.2057142857142857 0.016428571428571428 0.01619047619047619
3 0.6414285714285715 0.2361904761904762 0.017142857142857144 0.014285714285714285
3 0.645 0.26285714285714284 0.016428571428571428 0.013333333333333334
3 0.6507142857142857 0.2923809523809524 0.016428571428571428 0.012380952380952381
3 0.6492857142857142 0.3057142857142857 0.016428571428571428 0.012380952380952381
1 0.6514285714285715 0.32857142857142857 0.002857142857142857 0.012380952380952381
3 0.6121428571428571 0.7038095238095238 0.032857142857142856 0.022857142857142857
3 0.6121428571428571 0.6314285714285715 0.02642857142857143 0.01619047619047619
1 0.7014285714285714 0.5819047619047619 0.010714285714285714 0.023809523809523808
1 0.6871428571428572 0.3742857142857143 0.004285714285714286 0.007619047619047619
3 0.6785714285714286 0.47619047619047616 0.02 0.017142857142857144
8 0.735 0.47523809523809524 0.018571428571428572 0.018095238095238095
1 0.745 0.45904761904761904 0.002857142857142857 0.007619047619047619
1 0.7528571428571429 0.4514285714285714 0.0035714285714285713 0.010476190476190476
1 0.7671428571428571 0.4514285714285714 0.002857142857142857 0.010476190476190476
1 0.7628571428571429 0.4533333333333333 0.002142857142857143 0.006666666666666667
