3 0.03857142857142857 0.49746192893401014 0.07571428571428572 0.06345177664974619
3 0.03 0.2398477157360406 0.075 0.06598984771573604
3 0.3742857142857143 0.5228426395939086 0.08428571428571428 0.07741116751269035
3 0.44785714285714284 0.40609137055837563 0.08 0.06852791878172589
3 0.39285714285714285 0.2563451776649746 0.06571428571428571 0.06345177664974619
3 0.8114285714285714 0.42385786802030456 0.08142857142857143 0.06979695431472081
3 0.8842857142857142 0.2982233502538071 0.07714285714285714 0.05964467005076142
3 0.97 0.7677664974619289 0.03 0.07614213197969544
3 0.9757142857142858 0.3743654822335025 0.024285714285714285 0.046954314720812185
3 0.0 0.5964467005076142 0.045 0.06091370558375635
3 0.6542857142857142 0.6230964467005076 0.09214285714285714 0.08121827411167512
