4 0.52 0.9200507614213198 0.005714285714285714 0.02030456852791878
1 0.52 0.9200507614213198 0.005 0.012690355329949238
3 0.5171428571428571 0.8401015228426396 0.008571428571428572 0.027918781725888325
3 0.4957142857142857 0.8489847715736041 0.008571428571428572 0.02918781725888325
3 0.5028571428571429 0.6611675126903553 0.0064285714285714285 0.0266497461928934
8 0.4585714285714286 0.6751269035532995 0.011428571428571429 0.046954314720812185
3 0.4707142857142857 0.633248730964467 0.007142857142857143 0.02030456852791878
3 0.46 0.6281725888324873 0.008571428571428572 0.017766497461928935
8 0.4607142857142857 0.5761421319796954 0.01 0.03934010152284264
3 0.4707142857142857 0.5736040609137056 0.007142857142857143 0.01903553299492386
3 0.46714285714285714 0.5456852791878173 0.007857142857142858 0.015228426395939087
3 0.4857142857142857 0.5241116751269036 0.0064285714285714285 0.015228426395939087
6 0.5114285714285715 0.5088832487309645 0.009285714285714286 0.04314720812182741
3 0.49857142857142855 0.4987309644670051 0.0064285714285714285 0.02030456852791878
6 0.5107142857142857 0.4530456852791878 0.008571428571428572 0.04187817258883249
3 0.47214285714285714 0.5126903553299492 0.005714285714285714 0.015228426395939087
3 0.4642857142857143 0.5076142131979695 0.005714285714285714 0.017766497461928935
3 0.465 0.49111675126903553 0.005714285714285714 0.01649746192893401
3 0.4564285714285714 0.48984771573604063 0.0064285714285714285 0.013959390862944163
3 0.4714285714285714 0.4936548223350254 0.0064285714285714285 0.013959390862944163
3 0.47214285714285714 0.47588832487309646 0.005714285714285714 0.013959390862944163
3 0.465 0.47081218274111675 0.005714285714285714 0.015228426395939087
3 0.45071428571428573 0.46573604060913704 0.005714285714285714 0.013959390862944163
3 0.4585714285714286 0.45685279187817257 0.005714285714285714 0.012690355329949238
3 0.47214285714285714 0.4606598984771574 0.005714285714285714 0.013959390862944163
3 0.4785714285714286 0.4631979695431472 0.005714285714285714 0.013959390862944163
3 0.4857142857142857 0.46446700507614214 0.0064285714285714285 0.013959390862944163
8 0.495 0.4302030456852792 0.011428571428571429 0.0266497461928934
3 0.5021428571428571 0.4302030456852792 0.01 0.013959390862944163
3 0.44142857142857145 0.43781725888324874 0.010714285714285714 0.013959390862944163
3 0.41285714285714287 0.4302030456852792 0.014285714285714285 0.011421319796954314
3 0.4092857142857143 0.42258883248730966 0.012857142857142857 0.011421319796954314
3 0.39 0.4035532994923858 0.012142857142857143 0.01015228426395939
6 0.3792857142857143 0.39086294416243655 0.017857142857142856 0.013959390862944163
3 0.4057142857142857 0.39213197969543145 0.012857142857142857 0.012690355329949238
3 0.42714285714285716 0.39213197969543145 0.012857142857142857 0.011421319796954314
3 0.4492857142857143 0.3934010152284264 0.01 0.01015228426395939
3 0.4828571428571429 0.4010152284263959 0.011428571428571429 0.011421319796954314
3 0.5407142857142857 0.41243654822335024 0.013571428571428571 0.012690355329949238
6 0.5564285714285714 0.399746192893401 0.027857142857142858 0.02284263959390863
3 0.6028571428571429 0.42258883248730966 0.011428571428571429 0.013959390862944163
8 0.6157142857142858 0.4251269035532995 0.015 0.015228426395939087
6 0.6407142857142857 0.4213197969543147 0.017142857142857144 0.013959390862944163
3 0.6635714285714286 0.4200507614213198 0.017142857142857144 0.015228426395939087
3 0.6042857142857143 0.4022842639593909 0.012142857142857143 0.012690355329949238
6 0.7057142857142857 0.3870558375634518 0.027857142857142858 0.02284263959390863
3 0.7964285714285714 0.4302030456852792 0.012857142857142857 0.008883248730964468
3 0.7892857142857143 0.4200507614213198 0.015714285714285715 0.013959390862944163
8 0.7864285714285715 0.4086294416243655 0.02 0.01903553299492386
6 0.8178571428571428 0.41116751269035534 0.03142857142857143 0.024111675126903553
3 0.7514285714285714 0.350253807106599 0.01 0.01015228426395939
3 0.6821428571428572 0.3096446700507614 0.0064285714285714285 0.01015228426395939
3 0.6757142857142857 0.30710659898477155 0.0064285714285714285 0.008883248730964468
3 0.6771428571428572 0.2982233502538071 0.007142857142857143 0.008883248730964468
6 0.6828571428571428 0.2918781725888325 0.005714285714285714 0.011421319796954314
3 0.6807142857142857 0.26015228426395937 0.0064285714285714285 0.012690355329949238
3 0.6821428571428572 0.27411167512690354 0.007857142857142858 0.008883248730964468
8 0.6842857142857143 0.2550761421319797 0.007857142857142858 0.01903553299492386
3 0.8064285714285714 0.5710659898477157 0.014285714285714285 0.011421319796954314
3 0.8035714285714286 0.5634517766497462 0.016428571428571428 0.01015228426395939
3 0.8028571428571428 0.5571065989847716 0.012857142857142857 0.01015228426395939
3 0.7992857142857143 0.550761421319797 0.014285714285714285 0.01015228426395939
3 0.7971428571428572 0.5444162436548223 0.013571428571428571 0.01015228426395939
3 0.7942857142857143 0.5380710659898477 0.014285714285714285 0.01015228426395939
6 0.26857142857142857 0.36421319796954316 0.009285714285714286 0.03299492385786802
3 0.2742857142857143 0.35152284263959394 0.0064285714285714285 0.015228426395939087
3 0.28285714285714286 0.30456852791878175 0.007142857142857143 0.012690355329949238
3 0.29214285714285715 0.2779187817258883 0.005 0.011421319796954314
6 0.2042857142857143 0.4302030456852792 0.027857142857142858 0.02030456852791878
3 0.045 0.4137055837563452 0.013571428571428571 0.01649746192893401
3 0.05785714285714286 0.4086294416243655 0.009285714285714286 0.013959390862944163
3 0.06857142857142857 0.3883248730964467 0.010714285714285714 0.013959390862944163
3 0.08071428571428571 0.37055837563451777 0.010714285714285714 0.012690355329949238
3 0.08642857142857142 0.35913705583756345 0.008571428571428572 0.012690355329949238
3 0.09214285714285714 0.3464467005076142 0.01 0.012690355329949238
8 0.4642857142857143 0.37944162436548223 0.014285714285714285 0.01903553299492386
3 0.45285714285714285 0.38451776649746194 0.010714285714285714 0.01015228426395939
3 0.47714285714285715 0.3680203045685279 0.005714285714285714 0.011421319796954314
3 0.4685714285714286 0.35786802030456855 0.005 0.012690355329949238
3 0.47928571428571426 0.35152284263959394 0.004285714285714286 0.011421319796954314
6 0.46714285714285714 0.31852791878172587 0.007142857142857143 0.03299492385786802
3 0.495 0.3477157360406091 0.005 0.012690355329949238
6 0.5021428571428571 0.3426395939086294 0.005 0.02030456852791878
3 0.5007142857142857 0.3299492385786802 0.005 0.012690355329949238
3 0.5071428571428571 0.3286802030456853 0.005 0.013959390862944163
8 0.49785714285714283 0.28426395939086296 0.007142857142857143 0.024111675126903553
3 0.49714285714285716 0.2563451776649746 0.004285714285714286 0.008883248730964468
3 0.4707142857142857 0.24873096446700507 0.005 0.012690355329949238
3 0.4757142857142857 0.24111675126903553 0.004285714285714286 0.01015228426395939
6 0.4707142857142857 0.20304568527918782 0.005714285714285714 0.027918781725888325
3 0.4764285714285714 0.16878172588832488 0.004285714285714286 0.007614213197969543
6 0.4714285714285714 0.14213197969543148 0.005 0.015228426395939087
6 0.4714285714285714 0.12055837563451777 0.005 0.01649746192893401
6 0.4664285714285714 0.10786802030456853 0.005714285714285714 0.02284263959390863
6 0.4764285714285714 0.10406091370558376 0.005 0.02284263959390863
