3 0.5428571428571428 0.3580952380952381 0.0035714285714285713 0.005714285714285714
3 0.5557142857142857 0.35904761904761906 0.005 0.005714285714285714
3 0.5628571428571428 0.36095238095238097 0.005 0.007619047619047619
3 0.56 0.37333333333333335 0.004285714285714286 0.005714285714285714
3 0.5664285714285714 0.3780952380952381 0.005 0.008571428571428572
3 0.5771428571428572 0.36857142857142855 0.005714285714285714 0.008571428571428572
3 0.5742857142857143 0.38666666666666666 0.005714285714285714 0.007619047619047619
3 0.5871428571428572 0.3838095238095238 0.005714285714285714 0.008571428571428572
3 0.575 0.4123809523809524 0.007142857142857143 0.009523809523809525
3 0.5435714285714286 0.41904761904761906 0.0064285714285714285 0.007619047619047619
3 0.6028571428571429 0.40190476190476193 0.007857142857142858 0.009523809523809525
3 0.5964285714285714 0.41714285714285715 0.007857142857142858 0.009523809523809525
3 0.6228571428571429 0.41619047619047617 0.01 0.010476190476190476
3 0.6207142857142857 0.43142857142857144 0.01 0.012380952380952381
3 0.5228571428571429 0.43142857142857144 0.004285714285714286 0.007619047619047619
1 0.5071428571428571 0.43523809523809526 0.0035714285714285713 0.004761904761904762
3 0.5364285714285715 0.4380952380952381 0.005714285714285714 0.008571428571428572
3 0.5457142857142857 0.4361904761904762 0.005714285714285714 0.008571428571428572
3 0.5407142857142857 0.4866666666666667 0.007142857142857143 0.011428571428571429
1 0.5107142857142857 0.5057142857142857 0.0035714285714285713 0.006666666666666667
1 0.5164285714285715 0.5066666666666667 0.004285714285714286 0.006666666666666667
1 0.5157142857142857 0.5152380952380953 0.005 0.007619047619047619
1 0.5114285714285715 0.5190476190476191 0.004285714285714286 0.007619047619047619
3 0.52 0.5171428571428571 0.013571428571428571 0.01619047619047619
3 0.5428571428571428 0.54 0.009285714285714286 0.014285714285714285
1 0.5121428571428571 0.5533333333333333 0.004285714285714286 0.008571428571428572
3 0.5807142857142857 0.5085714285714286 0.010714285714285714 0.015238095238095238
3 0.5671428571428572 0.5552380952380952 0.011428571428571429 0.018095238095238095
3 0.5485714285714286 0.579047619047619 0.01 0.01904761904761905
3 0.63 0.4552380952380952 0.012142857142857143 0.013333333333333334
3 0.6271428571428571 0.4723809523809524 0.010714285714285714 0.017142857142857144
3 0.615 0.4876190476190476 0.01 0.014285714285714285
3 0.6492857142857142 0.4714285714285714 0.010714285714285714 0.015238095238095238
3 0.7064285714285714 0.5695238095238095 0.02 0.02666666666666667
1 0.45714285714285713 0.5304761904761904 0.002857142857142857 0.004761904761904762
1 0.45571428571428574 0.579047619047619 0.004285714285714286 0.008571428571428572
1 0.4514285714285714 0.5580952380952381 0.004285714285714286 0.007619047619047619
1 0.45 0.560952380952381 0.0035714285714285713 0.006666666666666667
1 0.44785714285714284 0.559047619047619 0.004285714285714286 0.006666666666666667
1 0.25785714285714284 0.7371428571428571 0.0035714285714285713 0.0038095238095238095
1 0.2557142857142857 0.74 0.002857142857142857 0.004761904761904762
1 0.21142857142857144 0.780952380952381 0.005714285714285714 0.0038095238095238095
1 0.08571428571428572 0.94 0.005 0.004761904761904762
1 0.1357142857142857 0.8819047619047619 0.004285714285714286 0.004761904761904762
1 0.07714285714285714 0.9533333333333334 0.005 0.006666666666666667
1 0.07642857142857143 0.96 0.002857142857142857 0.0038095238095238095
1 0.07357142857142857 0.9619047619047619 0.0035714285714285713 0.005714285714285714
1 0.07142857142857142 0.9666666666666667 0.002857142857142857 0.002857142857142857
1 0.06785714285714285 0.9695238095238096 0.005714285714285714 0.002857142857142857
3 0.5564285714285714 0.6295238095238095 0.013571428571428571 0.02666666666666667
1 0.51 0.6485714285714286 0.007857142857142858 0.012380952380952381
1 0.5971428571428572 0.6733333333333333 0.020714285714285713 0.03142857142857143
1 0.5664285714285714 0.7085714285714285 0.016428571428571428 0.035238095238095235
3 0.5864285714285714 0.7133333333333334 0.017857142857142856 0.03619047619047619
3 0.6078571428571429 0.7095238095238096 0.018571428571428572 0.035238095238095235
3 0.5935714285714285 0.7495238095238095 0.020714285714285713 0.04285714285714286
3 0.5771428571428572 0.7971428571428572 0.02142857142857143 0.04857142857142857
3 0.6007142857142858 0.7961904761904762 0.02214285714285714 0.04476190476190476
3 0.6078571428571429 0.8466666666666667 0.024285714285714285 0.05238095238095238
3 0.5957142857142858 0.9104761904761904 0.025714285714285714 0.06761904761904762
3 0.625 0.9133333333333333 0.02857142857142857 0.06857142857142857
3 0.6157142857142858 0.7495238095238095 0.024285714285714285 0.0419047619047619
3 0.6257142857142857 0.7923809523809524 0.027857142857142858 0.05047619047619047
3 0.6464285714285715 0.7647619047619048 0.027857142857142858 0.05047619047619047
3 0.6607142857142857 0.819047619047619 0.03142857142857143 0.05904761904761905
3 0.6392857142857142 0.8533333333333334 0.03214285714285714 0.05904761904761905
3 0.6807142857142857 0.878095238095238 0.03642857142857143 0.06952380952380953
8 0.6407142857142857 0.9057142857142857 0.056428571428571425 0.09428571428571429
3 0.7064285714285714 0.960952380952381 0.03571428571428571 0.039047619047619046
3 0.7314285714285714 0.9066666666666666 0.045 0.08095238095238096
3 0.8542857142857143 0.7723809523809524 0.05357142857142857 0.06666666666666667
3 0.9192857142857143 0.7552380952380953 0.06285714285714286 0.07238095238095238
3 0.8028571428571428 0.6447619047619048 0.03785714285714286 0.045714285714285714
3 0.725 0.6847619047619048 0.02857142857142857 0.040952380952380955
3 0.7278571428571429 0.6352380952380953 0.025 0.03619047619047619
1 0.8214285714285714 0.3076190476190476 0.005714285714285714 0.013333333333333334
1 0.7964285714285714 0.26095238095238094 0.007142857142857143 0.011428571428571429
3 0.8471428571428572 0.26476190476190475 0.027857142857142858 0.02761904761904762
3 0.9042857142857142 0.22857142857142856 0.03 0.02666666666666667
3 0.7914285714285715 0.29333333333333333 0.022857142857142857 0.025714285714285714
3 0.8185714285714286 0.23904761904761904 0.025 0.023809523809523808
3 0.8121428571428572 0.24095238095238095 0.02214285714285714 0.02095238095238095
3 0.8057142857142857 0.2419047619047619 0.02214285714285714 0.02
3 0.7985714285714286 0.2419047619047619 0.019285714285714285 0.021904761904761906
3 0.7842857142857143 0.2438095238095238 0.018571428571428572 0.022857142857142857
3 0.7821428571428571 0.24666666666666667 0.015 0.015238095238095238
3 0.7664285714285715 0.24761904761904763 0.016428571428571428 0.021904761904761906
3 0.7621428571428571 0.25047619047619046 0.015714285714285715 0.01904761904761905
1 0.7585714285714286 0.2342857142857143 0.002857142857142857 0.006666666666666667
1 0.7578571428571429 0.23523809523809525 0.002857142857142857 0.005714285714285714
1 0.7071428571428572 0.22952380952380952 0.0035714285714285713 0.005714285714285714
3 0.7571428571428571 0.24952380952380954 0.015714285714285715 0.01904761904761905
3 0.7542857142857143 0.24761904761904763 0.013571428571428571 0.01619047619047619
3 0.7507142857142857 0.24952380952380954 0.012857142857142857 0.01619047619047619
3 0.7435714285714285 0.25142857142857145 0.013571428571428571 0.01619047619047619
3 0.74 0.25142857142857145 0.012857142857142857 0.01619047619047619
3 0.7171428571428572 0.26095238095238094 0.009285714285714286 0.008571428571428572
3 0.7807142857142857 0.29619047619047617 0.02142857142857143 0.023809523809523808
3 0.7728571428571429 0.29619047619047617 0.02142857142857143 0.023809523809523808
3 0.7685714285714286 0.2923809523809524 0.02214285714285714 0.023809523809523808
1 0.64 0.2876190476190476 0.0035714285714285713 0.006666666666666667
3 0.6457142857142857 0.26666666666666666 0.0064285714285714285 0.008571428571428572
3 0.6435714285714286 0.26571428571428574 0.007857142857142858 0.009523809523809525
3 0.6414285714285715 0.26571428571428574 0.007857142857142858 0.009523809523809525
3 0.6392857142857142 0.26571428571428574 0.007857142857142858 0.009523809523809525
3 0.6342857142857142 0.26666666666666666 0.007142857142857143 0.009523809523809525
3 0.6307142857142857 0.2885714285714286 0.0064285714285714285 0.008571428571428572
3 0.6271428571428571 0.2904761904761905 0.007857142857142858 0.009523809523809525
3 0.625 0.2885714285714286 0.009285714285714286 0.010476190476190476
3 0.6228571428571429 0.2857142857142857 0.009285714285714286 0.010476190476190476
1 0.6592857142857143 0.37142857142857144 0.005 0.007619047619047619
1 0.6614285714285715 0.37047619047619046 0.0035714285714285713 0.007619047619047619
2 0.6571428571428571 0.3780952380952381 0.0064285714285714285 0.005714285714285714
1 0.6364285714285715 0.3761904761904762 0.002857142857142857 0.0038095238095238095
2 0.6357142857142857 0.37714285714285717 0.005 0.005714285714285714
