3 0.20142857142857143 0.06952380952380953 0.005714285714285714 0.006666666666666667
3 0.2592857142857143 0.1361904761904762 0.007142857142857143 0.008571428571428572
1 0.25 0.10761904761904761 0.002142857142857143 0.007619047619047619
3 0.25857142857142856 0.11047619047619048 0.01 0.008571428571428572
3 0.24642857142857144 0.06666666666666667 0.007142857142857143 0.008571428571428572
3 0.25857142857142856 0.08285714285714285 0.005 0.006666666666666667
3 0.13785714285714284 0.3742857142857143 0.030714285714285715 0.01904761904761905
3 0.1392857142857143 0.3904761904761905 0.03214285714285714 0.017142857142857144
4 0.28285714285714286 0.98 0.01 0.02
1 0.21785714285714286 0.72 0.01 0.02666666666666667
1 0.22285714285714286 0.6257142857142857 0.007857142857142858 0.02095238095238095
3 0.25 0.38571428571428573 0.020714285714285713 0.029523809523809525
3 0.245 0.3523809523809524 0.017142857142857144 0.030476190476190476
4 0.2742857142857143 0.37714285714285717 0.004285714285714286 0.014285714285714285
1 0.2742857142857143 0.37714285714285717 0.004285714285714286 0.007619047619047619
3 0.16285714285714287 0.3342857142857143 0.04071428571428572 0.02095238095238095
3 0.16142857142857142 0.31238095238095237 0.03214285714285714 0.02095238095238095
3 0.16142857142857142 0.3038095238095238 0.032857142857142856 0.01904761904761905
1 0.20285714285714285 0.15142857142857144 0.002142857142857143 0.005714285714285714
3 0.26285714285714284 0.08857142857142856 0.0035714285714285713 0.006666666666666667
3 0.26571428571428574 0.09333333333333334 0.0035714285714285713 0.005714285714285714
3 0.26785714285714285 0.09904761904761905 0.005714285714285714 0.006666666666666667
3 0.27285714285714285 0.10571428571428572 0.0035714285714285713 0.004761904761904762
3 0.2757142857142857 0.11047619047619048 0.005 0.006666666666666667
3 0.28214285714285714 0.11523809523809524 0.008571428571428572 0.007619047619047619
3 0.2914285714285714 0.12857142857142856 0.009285714285714286 0.008571428571428572
1 0.2757142857142857 0.0980952380952381 0.002142857142857143 0.0038095238095238095
1 0.325 0.5533333333333333 0.007857142857142858 0.02666666666666667
3 0.3057142857142857 0.15142857142857144 0.009285714285714286 0.009523809523809525
3 0.31285714285714283 0.1580952380952381 0.005 0.007619047619047619
3 0.3171428571428571 0.16857142857142857 0.01 0.009523809523809525
3 0.32285714285714284 0.17523809523809525 0.008571428571428572 0.009523809523809525
3 0.32785714285714285 0.1819047619047619 0.007857142857142858 0.009523809523809525
1 0.33714285714285713 0.16476190476190475 0.0014285714285714286 0.009523809523809525
3 0.35428571428571426 0.21619047619047618 0.012857142857142857 0.01619047619047619
3 0.315 0.3019047619047619 0.019285714285714285 0.02666666666666667
3 0.36142857142857143 0.31333333333333335 0.017857142857142856 0.02
3 0.3407142857142857 0.37523809523809526 0.020714285714285713 0.029523809523809525
3 0.355 0.40190476190476193 0.017857142857142856 0.02666666666666667
3 0.36428571428571427 0.37238095238095237 0.02142857142857143 0.02761904761904762
3 0.36357142857142855 0.4247619047619048 0.023571428571428573 0.03428571428571429
4 0.435 0.8933333333333333 0.017142857142857144 0.047619047619047616
4 0.39357142857142857 0.8447619047619047 0.016428571428571428 0.04666666666666667
3 0.37285714285714283 0.21333333333333335 0.019285714285714285 0.011428571428571429
3 0.4042857142857143 0.2885714285714286 0.02 0.02095238095238095
3 0.4164285714285714 0.3076190476190476 0.017857142857142856 0.018095238095238095
3 0.45285714285714285 0.35428571428571426 0.02 0.023809523809523808
3 0.43857142857142856 0.45714285714285713 0.027142857142857142 0.03333333333333333
3 0.37785714285714284 0.4561904761904762 0.025 0.039047619047619046
3 0.39714285714285713 0.5047619047619047 0.03 0.04476190476190476
3 0.41785714285714287 0.5485714285714286 0.032857142857142856 0.05047619047619047
3 0.4407142857142857 0.6019047619047619 0.03642857142857143 0.054285714285714284
3 0.5121428571428571 0.7638095238095238 0.04928571428571429 0.08190476190476191
3 0.465 0.6676190476190477 0.04357142857142857 0.06952380952380953
4 0.5085714285714286 0.5838095238095238 0.01 0.01619047619047619
3 0.5421428571428571 0.7304761904761905 0.04642857142857143 0.06666666666666667
1 0.5078571428571429 0.580952380952381 0.01 0.011428571428571429
1 0.3964285714285714 0.8438095238095238 0.012142857142857143 0.023809523809523808
1 0.4357142857142857 0.8971428571428571 0.015714285714285715 0.023809523809523808
