3 0.2814285714285714 0.7619047619047619 0.08785714285714286 0.1438095238095238
3 0.05857142857142857 0.37523809523809526 0.12357142857142857 0.17238095238095238
3 0.175 0.38857142857142857 0.10214285714285715 0.15523809523809523
3 0.2792857142857143 0.38761904761904764 0.10571428571428572 0.15333333333333332
1 0.06642857142857143 0.14095238095238094 0.03785714285714286 0.03333333333333333
1 0.0035714285714285713 0.029523809523809525 0.024285714285714285 0.03142857142857143
2 0.07428571428571429 0.15142857142857144 0.032857142857142856 0.04285714285714286
4 0.0007142857142857143 0.023809523809523808 0.04642857142857143 0.05047619047619047
4 0.0007142857142857143 0.14 0.04357142857142857 0.045714285714285714
4 0.27071428571428574 0.6704761904761904 0.04928571428571429 0.04857142857142857
4 0.2957142857142857 0.6314285714285715 0.045714285714285714 0.0380952380952381
4 0.31857142857142856 0.5933333333333334 0.03785714285714286 0.05619047619047619
4 0.36214285714285716 0.5380952380952381 0.04214285714285714 0.04476190476190476
1 0.38357142857142856 0.5571428571428572 0.017142857142857144 0.022857142857142857
4 0.37857142857142856 0.5114285714285715 0.037142857142857144 0.0419047619047619
4 0.3414285714285714 0.5552380952380952 0.03857142857142857 0.05238095238095238
1 0.36 0.58 0.02 0.025714285714285714
1 0.41214285714285714 0.9095238095238095 0.02142857142857143 0.03333333333333333
4 0.21857142857142858 0.8057142857142857 0.041428571428571426 0.05523809523809524
4 0.23285714285714285 0.7628571428571429 0.047857142857142855 0.037142857142857144
4 0.25285714285714284 0.7247619047619047 0.04357142857142857 0.040952380952380955
3 0.34785714285714286 0.780952380952381 0.09785714285714285 0.18
1 0.24071428571428571 0.9276190476190476 0.029285714285714286 0.03619047619047619
1 0.20785714285714285 0.861904761904762 0.03571428571428571 0.037142857142857144
1 0.24571428571428572 0.8695238095238095 0.024285714285714285 0.0380952380952381
1 0.20642857142857143 0.9171428571428571 0.03214285714285714 0.03333333333333333
1 0.24714285714285714 0.9038095238095238 0.02142857142857143 0.024761904761904763
1 0.24 0.9276190476190476 0.020714285714285713 0.02
1 0.22428571428571428 0.94 0.02857142857142857 0.022857142857142857
1 0.21 0.8914285714285715 0.03 0.025714285714285714
1 0.235 0.8904761904761904 0.025714285714285714 0.01904761904761905
3 0.64 0.5257142857142857 0.11857142857142858 0.1219047619047619
1 0.6392857142857142 0.1742857142857143 0.02 0.0380952380952381
1 0.6414285714285715 0.2580952380952381 0.018571428571428572 0.03142857142857143
1 0.8378571428571429 0.84 0.039285714285714285 0.03142857142857143
3 0.7214285714285714 0.8333333333333334 0.09 0.16666666666666666
3 0.8085714285714286 0.8942857142857142 0.09071428571428572 0.10571428571428572
1 0.0007142857142857143 0.2857142857142857 0.03571428571428571 0.037142857142857144
1 0.012857142857142857 0.17809523809523808 0.029285714285714286 0.045714285714285714
4 0.01 0.17714285714285713 0.05 0.030476190476190476
4 0.002857142857142857 0.20666666666666667 0.047857142857142855 0.047619047619047616
4 0.0 0.23333333333333334 0.035 0.0380952380952381
3 0.24071428571428571 0.0 0.07071428571428572 0.10857142857142857
3 0.41785714285714287 0.8676190476190476 0.09642857142857143 0.13238095238095238
