3 0.060714285714285714 0.07614213197969544 0.007857142857142858 0.01649746192893401
6 0.08 0.03807106598984772 0.013571428571428571 0.04060913705583756
3 0.10142857142857142 0.09137055837563451 0.009285714285714286 0.02030456852791878
3 0.095 0.1649746192893401 0.008571428571428572 0.02284263959390863
8 0.06928571428571428 0.12436548223350254 0.017857142857142856 0.046954314720812185
3 0.03785714285714286 0.19035532994923857 0.009285714285714286 0.02030456852791878
3 0.018571428571428572 0.23223350253807107 0.01 0.017766497461928935
3 0.047142857142857146 0.22461928934010153 0.010714285714285714 0.024111675126903553
3 0.027142857142857142 0.25253807106598986 0.011428571428571429 0.02284263959390863
3 0.0 0.38578680203045684 0.013571428571428571 0.03426395939086294
3 0.02 0.35786802030456855 0.010714285714285714 0.0266497461928934
3 0.0 0.4416243654822335 0.008571428571428572 0.02918781725888325
3 0.009285714285714286 0.43908629441624364 0.015 0.03299492385786802
3 0.0 0.5329949238578681 0.012142857142857143 0.03553299492385787
3 0.0035714285714285713 0.49111675126903553 0.015 0.03553299492385787
3 0.08714285714285715 0.5088832487309645 0.011428571428571429 0.03680203045685279
8 0.03642857142857143 0.39593908629441626 0.02857142857142857 0.07741116751269035
3 0.07357142857142857 0.6789340101522843 0.017142857142857144 0.050761421319796954
3 0.030714285714285715 0.5571065989847716 0.017857142857142856 0.04060913705583756
3 0.02214285714285714 0.6598984771573604 0.018571428571428572 0.044416243654822336
6 0.17785714285714285 0.7043147208121827 0.03357142857142857 0.13071065989847716
6 0.24642857142857144 0.6649746192893401 0.03142857142857143 0.12944162436548223
3 0.29428571428571426 0.1065989847715736 0.013571428571428571 0.017766497461928935
3 0.30428571428571427 0.12944162436548223 0.015 0.01903553299492386
3 0.3157142857142857 0.15101522842639595 0.012857142857142857 0.021573604060913704
3 0.33214285714285713 0.17893401015228427 0.012857142857142857 0.02030456852791878
3 0.32142857142857145 0.19416243654822335 0.013571428571428571 0.01903553299492386
3 0.3442857142857143 0.2068527918781726 0.015 0.024111675126903553
3 0.35928571428571426 0.23730964467005075 0.015 0.02284263959390863
6 0.35928571428571426 0.25761421319796957 0.03785714285714286 0.0850253807106599
3 0.345 0.0266497461928934 0.016428571428571428 0.02030456852791878
3 0.3914285714285714 0.10025380710659898 0.022857142857142857 0.0266497461928934
3 0.39571428571428574 0.11294416243654823 0.022857142857142857 0.02284263959390863
3 0.39714285714285713 0.1218274111675127 0.024285714285714285 0.024111675126903553
3 0.40785714285714286 0.13324873096446702 0.025 0.0266497461928934
3 0.41214285714285714 0.13578680203045684 0.02857142857142857 0.03299492385786802
3 0.4185714285714286 0.14974619289340102 0.030714285714285715 0.027918781725888325
3 0.4257142857142857 0.16116751269035534 0.030714285714285715 0.0266497461928934
3 0.4442857142857143 0.19543147208121828 0.027857142857142858 0.030456852791878174
3 0.43142857142857144 0.17639593908629442 0.029285714285714286 0.02918781725888325
3 0.3871428571428571 0.19289340101522842 0.011428571428571429 0.021573604060913704
3 0.3585714285714286 0.14213197969543148 0.016428571428571428 0.024111675126903553
3 0.37 0.16370558375634517 0.017142857142857144 0.025380710659898477
3 0.39571428571428574 0.21192893401015228 0.016428571428571428 0.027918781725888325
3 0.41 0.23857868020304568 0.018571428571428572 0.02918781725888325
3 0.4307142857142857 0.2626903553299492 0.023571428571428573 0.025380710659898477
3 0.4407142857142857 0.2868020304568528 0.023571428571428573 0.025380710659898477
3 0.4471428571428571 0.29949238578680204 0.02214285714285714 0.024111675126903553
3 0.4542857142857143 0.31091370558375636 0.02214285714285714 0.02284263959390863
3 0.47 0.34390862944162437 0.023571428571428573 0.024111675126903553
3 0.4614285714285714 0.31852791878172587 0.023571428571428573 0.027918781725888325
3 0.4164285714285714 0.3946700507614213 0.018571428571428572 0.030456852791878174
3 0.49714285714285716 0.39213197969543145 0.022857142857142857 0.0266497461928934
3 0.47785714285714287 0.35279187817258884 0.025 0.027918781725888325
3 0.4835714285714286 0.36421319796954316 0.025 0.02918781725888325
3 0.5307142857142857 0.45558375634517767 0.027142857142857142 0.031725888324873094
3 0.5185714285714286 0.43274111675126903 0.025714285714285714 0.030456852791878174
3 0.5085714285714286 0.41751269035532995 0.023571428571428573 0.024111675126903553
3 0.3535714285714286 0.5723350253807107 0.017142857142857144 0.04060913705583756
6 0.49714285714285716 0.5736040609137056 0.027857142857142858 0.06218274111675127
6 0.58 0.7944162436548223 0.03785714285714286 0.09137055837563451
8 0.565 0.9479695431472082 0.03571428571428571 0.050761421319796954
3 0.9214285714285714 0.7538071065989848 0.027857142857142858 0.04314720812182741
3 0.9492857142857143 0.8147208121827412 0.029285714285714286 0.046954314720812185
1 0.9378571428571428 0.6281725888324873 0.007857142857142858 0.012690355329949238
3 0.6092857142857143 0.5951776649746193 0.03 0.03934010152284264
3 0.6585714285714286 0.6865482233502538 0.030714285714285715 0.03934010152284264
3 0.6464285714285715 0.6649746192893401 0.03 0.03807106598984772
3 0.6371428571428571 0.6408629441624365 0.03 0.03807106598984772
3 0.4614285714285714 0.0266497461928934 0.018571428571428572 0.02284263959390863
3 0.495 0.0 0.020714285714285713 0.031725888324873094
3 0.52 0.0 0.018571428571428572 0.017766497461928935
3 0.465 0.05964467005076142 0.015714285714285715 0.02030456852791878
3 0.4757142857142857 0.05203045685279188 0.017142857142857144 0.02030456852791878
3 0.52 0.01903553299492386 0.017857142857142856 0.02284263959390863
3 0.52 0.048223350253807105 0.018571428571428572 0.02284263959390863
3 0.5392857142857143 0.03934010152284264 0.017857142857142856 0.02030456852791878
3 0.5628571428571428 0.02030456852791878 0.016428571428571428 0.02284263959390863
3 0.5821428571428572 0.01015228426395939 0.017142857142857144 0.021573604060913704
3 0.4514285714285714 0.11928934010152284 0.02 0.025380710659898477
3 0.46785714285714286 0.10786802030456853 0.016428571428571428 0.031725888324873094
3 0.4742857142857143 0.10406091370558376 0.02 0.02918781725888325
3 0.4835714285714286 0.09644670050761421 0.019285714285714285 0.025380710659898477
3 0.49357142857142855 0.09137055837563451 0.02214285714285714 0.0266497461928934
3 0.5164285714285715 0.0799492385786802 0.02 0.02284263959390863
3 0.5071428571428571 0.08375634517766498 0.017142857142857144 0.0266497461928934
3 0.5264285714285715 0.07360406091370558 0.02 0.02284263959390863
3 0.5385714285714286 0.06979695431472081 0.017142857142857144 0.02030456852791878
3 0.5492857142857143 0.0583756345177665 0.015714285714285715 0.024111675126903553
3 0.5578571428571428 0.050761421319796954 0.018571428571428572 0.02284263959390863
3 0.5735714285714286 0.04314720812182741 0.012857142857142857 0.02284263959390863
3 0.58 0.03553299492385787 0.015714285714285715 0.0266497461928934
3 0.5907142857142857 0.030456852791878174 0.014285714285714285 0.024111675126903553
3 0.5942857142857143 0.02284263959390863 0.02142857142857143 0.0266497461928934
3 0.6071428571428571 0.01649746192893401 0.017142857142857144 0.02284263959390863
3 0.6142857142857143 0.012690355329949238 0.020714285714285713 0.02284263959390863
3 0.6214285714285714 0.008883248730964468 0.02142857142857143 0.02284263959390863
3 0.63 0.0012690355329949238 0.022857142857142857 0.024111675126903553
3 0.6457142857142857 0.0 0.016428571428571428 0.01649746192893401
3 0.4542857142857143 0.1434010152284264 0.017857142857142856 0.027918781725888325
3 0.4664285714285714 0.13959390862944163 0.015714285714285715 0.024111675126903553
3 0.47785714285714287 0.13578680203045684 0.015714285714285715 0.02030456852791878
3 0.48928571428571427 0.12436548223350254 0.015714285714285715 0.024111675126903553
3 0.49642857142857144 0.1218274111675127 0.015 0.01903553299492386
3 0.51 0.11421319796954314 0.012142857142857143 0.02030456852791878
3 0.5192857142857142 0.1065989847715736 0.016428571428571428 0.02030456852791878
3 0.525 0.10025380710659898 0.019285714285714285 0.021573604060913704
3 0.5378571428571428 0.08756345177664974 0.017142857142857144 0.027918781725888325
3 0.55 0.08121827411167512 0.014285714285714285 0.027918781725888325
3 0.5607142857142857 0.0799492385786802 0.015 0.01903553299492386
3 0.57 0.07106598984771574 0.014285714285714285 0.025380710659898477
3 0.5735714285714286 0.06725888324873096 0.020714285714285713 0.02284263959390863
3 0.5878571428571429 0.06345177664974619 0.014285714285714285 0.017766497461928935
3 0.5964285714285714 0.05203045685279188 0.017142857142857144 0.02030456852791878
3 0.6035714285714285 0.04568527918781726 0.019285714285714285 0.02030456852791878
3 0.6192857142857143 0.04187817258883249 0.012142857142857143 0.02284263959390863
3 0.6242857142857143 0.03426395939086294 0.017857142857142856 0.024111675126903553
3 0.6442857142857142 0.02284263959390863 0.016428571428571428 0.024111675126903553
3 0.45571428571428574 0.1713197969543147 0.017142857142857144 0.027918781725888325
3 0.46714285714285714 0.16624365482233502 0.014285714285714285 0.025380710659898477
3 0.47714285714285715 0.1598984771573604 0.019285714285714285 0.024111675126903553
3 0.4928571428571429 0.1446700507614213 0.020714285714285713 0.02918781725888325
3 0.5078571428571429 0.13705583756345177 0.015714285714285715 0.024111675126903553
3 0.5178571428571429 0.13071065989847716 0.017142857142857144 0.025380710659898477
3 0.5385714285714286 0.11928934010152284 0.015714285714285715 0.021573604060913704
3 0.5485714285714286 0.11040609137055837 0.015 0.025380710659898477
3 0.5685714285714286 0.09390862944162437 0.016428571428571428 0.027918781725888325
3 0.5778571428571428 0.09137055837563451 0.015714285714285715 0.02284263959390863
3 0.5892857142857143 0.07868020304568528 0.014285714285714285 0.027918781725888325
3 0.6064285714285714 0.06598984771573604 0.015 0.02918781725888325
3 0.6121428571428571 0.06472081218274112 0.016428571428571428 0.021573604060913704
3 0.6214285714285714 0.0583756345177665 0.016428571428571428 0.0266497461928934
3 0.6307142857142857 0.05456852791878172 0.017142857142857144 0.021573604060913704
3 0.6392857142857142 0.04568527918781726 0.017857142857142856 0.025380710659898477
3 0.5942857142857143 0.06979695431472081 0.019285714285714285 0.027918781725888325
