8 0.4992857142857143 0.9086294416243654 0.018571428571428572 0.06852791878172589
3 0.42857142857142855 0.766497461928934 0.015714285714285715 0.03934010152284264
3 0.5242857142857142 0.5939086294416244 0.012142857142857143 0.03426395939086294
3 0.5092857142857142 0.5964467005076142 0.01 0.0266497461928934
3 0.5264285714285715 0.49238578680203043 0.009285714285714286 0.017766497461928935
3 0.5407142857142857 0.45685279187817257 0.007857142857142858 0.01903553299492386
3 0.4957142857142857 0.43147208121827413 0.007857142857142858 0.01649746192893401
3 0.5164285714285715 0.43147208121827413 0.007142857142857143 0.01903553299492386
3 0.5407142857142857 0.40609137055837563 0.0064285714285714285 0.015228426395939087
3 0.5242857142857142 0.3895939086294416 0.007857142857142858 0.017766497461928935
3 0.5378571428571428 0.3819796954314721 0.0064285714285714285 0.017766497461928935
3 0.5385714285714286 0.36928934010152287 0.0064285714285714285 0.012690355329949238
3 0.5271428571428571 0.3629441624365482 0.0064285714285714285 0.017766497461928935
3 0.5157142857142857 0.3489847715736041 0.007142857142857143 0.017766497461928935
3 0.4992857142857143 0.33121827411167515 0.007142857142857143 0.012690355329949238
3 0.5292857142857142 0.3401015228426396 0.005714285714285714 0.012690355329949238
3 0.5171428571428571 0.33883248730964466 0.005714285714285714 0.01015228426395939
3 0.5178571428571429 0.3299492385786802 0.005714285714285714 0.01015228426395939
3 0.5171428571428571 0.3197969543147208 0.004285714285714286 0.007614213197969543
3 0.5271428571428571 0.30456852791878175 0.005714285714285714 0.012690355329949238
3 0.5171428571428571 0.3096446700507614 0.005 0.01015228426395939
3 0.5271428571428571 0.2880710659898477 0.005714285714285714 0.013959390862944163
3 0.4157142857142857 0.35913705583756345 0.015714285714285715 0.01015228426395939
3 0.39071428571428574 0.35786802030456855 0.016428571428571428 0.01015228426395939
3 0.45 0.36421319796954316 0.017857142857142856 0.012690355329949238
3 0.5057142857142857 0.26903553299492383 0.005714285714285714 0.01015228426395939
8 0.5264285714285715 0.26015228426395937 0.007142857142857143 0.02284263959390863
3 0.5085714285714286 0.23604060913705585 0.004285714285714286 0.007614213197969543
3 0.49857142857142855 0.24492385786802032 0.005 0.011421319796954314
3 0.5278571428571428 0.2068527918781726 0.0035714285714285713 0.008883248730964468
3 0.5285714285714286 0.20050761421319796 0.004285714285714286 0.006345177664974619
3 0.5435714285714286 0.48096446700507617 0.01 0.0266497461928934
1 0.7621428571428571 0.9149746192893401 0.005 0.0266497461928934
1 0.7564285714285715 0.9428934010152284 0.005 0.01903553299492386
1 0.7464285714285714 0.9111675126903553 0.005714285714285714 0.02030456852791878
1 0.74 0.9035532994923858 0.007857142857142858 0.02284263959390863
1 0.7478571428571429 0.9568527918781726 0.0064285714285714285 0.021573604060913704
1 0.7435714285714285 0.9416243654822335 0.0064285714285714285 0.025380710659898477
