3 0.18684759916492694 0.07421150278293136 0.007306889352818371 0.011131725417439703
1 0.010438413361169102 0.6196660482374768 0.008350730688935281 0.021335807050092765
3 0.2687891440501044 0.44805194805194803 0.014613778705636743 0.025974025974025976
3 0.2849686847599165 0.44434137291280146 0.013569937369519834 0.02411873840445269
3 0.2980167014613779 0.4387755102040816 0.015657620041753653 0.02504638218923933
3 0.31419624217118997 0.4294990723562152 0.015135699373695199 0.026901669758812616
3 0.7348643006263048 0.9517625231910947 0.042275574112734866 0.04730983302411874
3 0.7108559498956158 0.8413729128014842 0.04123173277661795 0.07235621521335807
3 0.6779749478079332 0.8423005565862709 0.037578288100208766 0.06679035250463822
3 0.6670146137787056 0.7588126159554731 0.0360125260960334 0.06493506493506493
2 0.6450939457202505 0.7588126159554731 0.027661795407098122 0.06215213358070501
3 0.6336116910229646 0.6985157699443414 0.03549060542797495 0.05380333951762523
3 0.598643006263048 0.6808905380333952 0.027139874739039668 0.05194805194805195
3 0.6122129436325678 0.6493506493506493 0.02661795407098121 0.05287569573283859
8 0.55741127348643 0.5760667903525046 0.04645093945720251 0.09925788497217068
1 0.982776617954071 0.9768089053803339 0.010438413361169102 0.022263450834879406
1 0.9697286012526096 0.9359925788497218 0.009916492693110648 0.03525046382189239
1 0.9420668058455115 0.9536178107606679 0.012004175365344467 0.030612244897959183
4 0.9431106471816284 0.9545454545454546 0.009916492693110648 0.03525046382189239
3 0.9024008350730689 0.8543599257884972 0.028183716075156576 0.045454545454545456
1 0.8194154488517745 0.6957328385899815 0.007828810020876827 0.02040816326530612
4 0.8157620041753654 0.7003710575139147 0.013569937369519834 0.02040816326530612
3 0.732776617954071 0.6317254174397031 0.027661795407098122 0.038033395176252316
1 0.6878914405010439 0.5974025974025974 0.006263048016701462 0.014842300556586271
1 0.6717118997912317 0.5788497217068646 0.005741127348643006 0.013914656771799629
4 0.6863256784968684 0.5992578849721707 0.009394572025052192 0.01855287569573284
4 0.6691022964509394 0.5797773654916512 0.009394572025052192 0.017625231910946195
3 0.6863256784968684 0.5658627087198516 0.02348643006263048 0.036178107606679034
2 0.6633611691022965 0.549165120593692 0.019832985386221295 0.03339517625231911
3 0.6487473903966597 0.512987012987013 0.02244258872651357 0.036178107606679034
3 0.610125260960334 0.45640074211502785 0.018789144050104383 0.03525046382189239
3 0.5563674321503131 0.4452690166975881 0.024008350730688934 0.029684601113172542
3 0.5793319415448852 0.41929499072356213 0.01826722338204593 0.02411873840445269
1 0.5882045929018789 0.525974025974026 0.005741127348643006 0.014842300556586271
4 0.5861169102296451 0.5269016697588126 0.008872651356993737 0.02040816326530612
3 0.5678496868475992 0.4007421150278293 0.015657620041753653 0.023191094619666047
8 0.39196242171189977 0.26159554730983303 0.011482254697286013 0.02040816326530612
1 0.534446764091858 0.3970315398886827 0.004697286012526096 0.014842300556586271
4 0.5323590814196242 0.39981447124304265 0.008872651356993737 0.012987012987012988
1 0.5396659707724426 0.3803339517625232 0.0036534446764091857 0.012987012987012988
4 0.5375782881002088 0.38311688311688313 0.006784968684759917 0.012059369202226345
1 0.5224425887265136 0.37940630797773656 0.004697286012526096 0.016697588126159554
1 0.5255741127348643 0.35528756957328383 0.0041753653444676405 0.014842300556586271
1 0.5140918580375783 0.3654916512059369 0.005219206680584551 0.017625231910946195
1 0.5083507306889353 0.35992578849721707 0.003131524008350731 0.014842300556586271
1 0.5182672233820459 0.3562152133580705 0.0036534446764091857 0.013914656771799629
3 0.5140918580375783 0.32560296846011133 0.013048016701461378 0.02040816326530612
3 0.5438413361169102 0.37012987012987014 0.016179540709812108 0.02504638218923933
4 0.5469728601252609 0.35714285714285715 0.007828810020876827 0.01020408163265306
4 0.5511482254697286 0.3608534322820037 0.008350730688935281 0.01020408163265306
3 0.4801670146137787 0.27736549165120594 0.012004175365344467 0.017625231910946195
1 0.41805845511482254 0.2077922077922078 0.0026096033402922755 0.008348794063079777
1 0.40762004175365346 0.1901669758812616 0.003131524008350731 0.006493506493506494
1 0.41388308977035493 0.18460111317254174 0.0020876826722338203 0.0074211502782931356
1 0.4102296450939457 0.1836734693877551 0.0026096033402922755 0.0074211502782931356
1 0.4055323590814196 0.18181818181818182 0.0015657620041753654 0.006493506493506494
1 0.39926931106471814 0.18089053803339517 0.0026096033402922755 0.0074211502782931356
1 0.40187891440501045 0.17625231910946196 0.0026096033402922755 0.006493506493506494
1 0.40083507306889354 0.1790352504638219 0.0026096033402922755 0.0055658627087198514
1 0.395615866388309 0.17717996289424862 0.0026096033402922755 0.0055658627087198514
1 0.39822546972860123 0.17717996289424862 0.0015657620041753654 0.0055658627087198514
1 0.3945720250521921 0.16975881261595546 0.0020876826722338203 0.0074211502782931356
1 0.39196242171189977 0.16048237476808905 0.0020876826722338203 0.0074211502782931356
1 0.3862212943632568 0.15862708719851576 0.0020876826722338203 0.006493506493506494
1 0.3872651356993737 0.15306122448979592 0.0020876826722338203 0.006493506493506494
4 0.38674321503131526 0.1549165120593692 0.0026096033402922755 0.006493506493506494
4 0.38569937369519836 0.16048237476808905 0.0026096033402922755 0.0055658627087198514
4 0.39196242171189977 0.16419294990723562 0.0026096033402922755 0.006493506493506494
4 0.3945720250521921 0.17161410018552875 0.003131524008350731 0.0074211502782931356
4 0.395615866388309 0.17996289424860853 0.0026096033402922755 0.00463821892393321
4 0.3977035490605428 0.1790352504638219 0.0020876826722338203 0.0027829313543599257
4 0.3987473903966597 0.1836734693877551 0.0036534446764091857 0.006493506493506494
4 0.40083507306889354 0.18089053803339517 0.0026096033402922755 0.0055658627087198514
4 0.401356993736952 0.17810760667903525 0.003131524008350731 0.00463821892393321
4 0.40501043841336115 0.1836734693877551 0.0026096033402922755 0.0055658627087198514
4 0.40762004175365346 0.19202226345083487 0.003131524008350731 0.0074211502782931356
4 0.41388308977035493 0.18738404452690166 0.0026096033402922755 0.0055658627087198514
4 0.41701461377870563 0.20964749536178107 0.0041753653444676405 0.0074211502782931356
2 0.4102296450939457 0.18645640074211503 0.0036534446764091857 0.0074211502782931356
1 0.4102296450939457 0.17996289424860853 0.0026096033402922755 0.008348794063079777
1 0.3815240083507307 0.15398886827458255 0.0020876826722338203 0.008348794063079777
1 0.3815240083507307 0.1549165120593692 0.0015657620041753654 0.0055658627087198514
1 0.40292275574112735 0.15306122448979592 0.0020876826722338203 0.0074211502782931356
1 0.3940501043841336 0.14471243042671614 0.0026096033402922755 0.008348794063079777
8 0.3757828810020877 0.13172541743970315 0.008350730688935281 0.012987012987012988
2 0.6617954070981211 0.1901669758812616 0.006263048016701462 0.008348794063079777
1 0.6711899791231732 0.18831168831168832 0.0020876826722338203 0.008348794063079777
4 0.6691022964509394 0.19109461966604824 0.004697286012526096 0.0074211502782931356
1 0.6633611691022965 0.18552875695732837 0.0026096033402922755 0.00927643784786642
3 0.6659707724425887 0.17996289424860853 0.013048016701461378 0.012987012987012988
2 0.5981210855949896 0.12523191094619665 0.009394572025052192 0.011131725417439703
3 0.3627348643006263 0.11595547309833024 0.005741127348643006 0.00927643784786642
3 0.36012526096033404 0.11224489795918367 0.006263048016701462 0.00927643784786642
3 0.3564718162839248 0.10575139146567718 0.005219206680584551 0.00927643784786642
3 0.32254697286012524 0.1038961038961039 0.005741127348643006 0.01020408163265306
3 0.31524008350730687 0.08812615955473098 0.004697286012526096 0.008348794063079777
3 0.3126304801670146 0.07699443413729128 0.004697286012526096 0.0074211502782931356
6 0.319937369519833 0.08070500927643785 0.008872651356993737 0.01855287569573284
8 0.30062630480167013 0.07421150278293136 0.007828810020876827 0.016697588126159554
6 0.2886221294363257 0.06586270871985157 0.008350730688935281 0.016697588126159554
8 0.2938413361169102 0.061224489795918366 0.006784968684759917 0.013914656771799629
3 0.2917536534446764 0.059369202226345084 0.0041753653444676405 0.0074211502782931356
3 0.28653444676409184 0.05844155844155844 0.003131524008350731 0.006493506493506494
3 0.2651356993736952 0.10946196660482375 0.010438413361169102 0.00927643784786642
3 0.2870563674321503 0.11595547309833024 0.005219206680584551 0.014842300556586271
3 0.2661795407098121 0.11966604823747681 0.005741127348643006 0.01020408163265306
6 0.2588726513569937 0.0862708719851577 0.013569937369519834 0.016697588126159554
