3 0.4065 0.02666666666666667 0.007 0.006666666666666667
3 0.366 0.07933333333333334 0.008 0.010666666666666666
3 0.3415 0.09266666666666666 0.0075 0.012666666666666666
3 0.3445 0.07733333333333334 0.008 0.010666666666666666
6 0.347 0.056 0.011 0.021333333333333333
8 0.3955 0.11733333333333333 0.009 0.018
3 0.421 0.102 0.01 0.010666666666666666
3 0.4225 0.11066666666666666 0.008 0.011333333333333334
3 0.422 0.13133333333333333 0.0085 0.012
6 0.422 0.142 0.013 0.027333333333333334
6 0.4315 0.18933333333333333 0.0155 0.028
3 0.43 0.18333333333333332 0.009 0.014666666666666666
1 0.4385 0.24333333333333335 0.003 0.012666666666666666
3 0.4405 0.23333333333333334 0.0115 0.016666666666666666
3 0.4455 0.248 0.011 0.014
3 0.422 0.41933333333333334 0.013 0.018666666666666668
3 0.571 0.382 0.034 0.021333333333333333
3 0.578 0.4106666666666667 0.033 0.022
3 0.5815 0.428 0.032 0.020666666666666667
3 0.5945 0.44666666666666666 0.032 0.020666666666666667
4 0.7215 0.492 0.012 0.009333333333333334
3 0.7105 0.508 0.0395 0.024
3 0.7685 0.542 0.039 0.026
3 0.213 0.216 0.0105 0.017333333333333333
3 0.229 0.19133333333333333 0.012 0.013333333333333334
3 0.369 0.13666666666666666 0.008 0.013333333333333334
3 0.3305 0.13 0.0085 0.014666666666666666
1 0.3385 0.13733333333333334 0.002 0.009333333333333334
1 0.3415 0.13733333333333334 0.002 0.01
3 0.3295 0.13933333333333334 0.008 0.014
3 0.3265 0.15933333333333333 0.0095 0.016
3 0.3265 0.184 0.0095 0.018666666666666668
3 0.325 0.2 0.0105 0.016666666666666666
3 0.3245 0.22 0.012 0.019333333333333334
3 0.353 0.25 0.0105 0.02266666666666667
3 0.2735 0.246 0.0235 0.016666666666666666
3 0.3255 0.326 0.0125 0.025333333333333333
2 0.3275 0.3526666666666667 0.011 0.009333333333333334
3 0.328 0.36933333333333335 0.0135 0.02666666666666667
3 0.331 0.42733333333333334 0.023 0.03266666666666666
3 0.288 0.37333333333333335 0.013 0.028666666666666667
3 0.2875 0.416 0.012 0.03
3 0.285 0.43866666666666665 0.0135 0.03333333333333333
3 0.2865 0.4633333333333333 0.0155 0.036
3 0.2845 0.49866666666666665 0.0165 0.03666666666666667
2 0.318 0.47533333333333333 0.01 0.011333333333333334
1 0.3195 0.534 0.0065 0.017333333333333333
2 0.311 0.5373333333333333 0.013 0.010666666666666666
2 0.3295 0.5093333333333333 0.0155 0.010666666666666666
3 0.3325 0.468 0.022 0.036
3 0.331 0.5066666666666667 0.033 0.038
4 0.2865 0.6366666666666667 0.008 0.023333333333333334
3 0.313 0.5566666666666666 0.05 0.029333333333333333
4 0.378 0.5333333333333333 0.006 0.018
1 0.378 0.5326666666666666 0.005 0.016
3 0.333 0.6013333333333334 0.019 0.056
3 0.377 0.5793333333333334 0.0195 0.043333333333333335
4 0.364 0.5966666666666667 0.012 0.012
1 0.367 0.5946666666666667 0.0065 0.012
4 0.286 0.6826666666666666 0.0125 0.018666666666666668
3 0.335 0.6786666666666666 0.035 0.04733333333333333
3 0.3305 0.7246666666666667 0.0465 0.06333333333333334
3 0.273 0.7073333333333334 0.024 0.06733333333333333
4 0.288 0.774 0.0075 0.02266666666666667
1 0.312 0.8073333333333333 0.0095 0.021333333333333333
1 0.329 0.8513333333333334 0.0135 0.016666666666666666
3 0.325 0.832 0.0495 0.08
2 0.4515 0.5953333333333334 0.014 0.012666666666666666
1 0.4555 0.5886666666666667 0.0055 0.015333333333333332
2 0.5605 0.568 0.013 0.014
2 0.571 0.5646666666666667 0.007 0.017333333333333333
1 0.548 0.652 0.0065 0.015333333333333332
3 0.5655 0.232 0.024 0.013333333333333334
2 0.6395 0.564 0.014 0.014
3 0.6405 0.5846666666666667 0.0435 0.024666666666666667
3 0.637 0.6046666666666667 0.037 0.025333333333333333
3 0.7885 0.5886666666666667 0.0445 0.028666666666666667
2 0.652 0.8673333333333333 0.0145 0.024666666666666667
2 0.644 0.89 0.012 0.024
2 0.6895 0.9026666666666666 0.0125 0.03
3 0.6825 0.8113333333333334 0.0535 0.043333333333333335
3 0.7295 0.7566666666666667 0.0305 0.06066666666666667
3 0.689 0.848 0.064 0.04733333333333333
3 0.763 0.8093333333333333 0.0385 0.054
3 0.774 0.736 0.056 0.04533333333333334
3 0.817 0.69 0.034 0.05533333333333333
3 0.836 0.6873333333333334 0.036 0.04466666666666667
3 0.871 0.6726666666666666 0.039 0.056666666666666664
3 0.8585 0.7313333333333333 0.0475 0.06066666666666667
3 0.7905 0.7773333333333333 0.053 0.03866666666666667
3 0.81 0.8106666666666666 0.056 0.042
3 0.896 0.73 0.051 0.03933333333333333
3 0.9015 0.67 0.036 0.056666666666666664
3 0.9255 0.6693333333333333 0.036 0.051333333333333335
3 0.9475 0.6606666666666666 0.032 0.050666666666666665
3 0.978 0.652 0.022 0.05266666666666667
3 0.9695 0.778 0.0305 0.042
3 0.9355 0.8113333333333334 0.048 0.05
3 0.923 0.902 0.058 0.078
3 0.9485 0.8886666666666667 0.0515 0.07266666666666667
3 0.8625 0.9266666666666666 0.064 0.04133333333333333
3 0.886 0.9666666666666667 0.064 0.03333333333333333
1 0.8215 0.8933333333333333 0.009 0.018666666666666668
1 0.831 0.9073333333333333 0.0075 0.02266666666666667
1 0.836 0.8966666666666666 0.0085 0.020666666666666667
3 0.812 0.06 0.016 0.008666666666666666
3 0.9115 0.048 0.0165 0.008
3 0.946 0.048 0.0155 0.007333333333333333
3 0.9705 0.04733333333333333 0.0145 0.008
6 0.864 0.04066666666666666 0.039 0.017333333333333333
