6 0.08928571428571429 0.2057142857142857 0.20142857142857143 0.32571428571428573
3 0.0 0.46095238095238095 0.08071428571428571 0.16
3 0.039285714285714285 0.3019047619047619 0.07428571428571429 0.10952380952380952
3 0.105 0.2257142857142857 0.07071428571428572 0.09238095238095238
3 0.1757142857142857 0.13904761904761906 0.05857142857142857 0.07238095238095238
3 0.21928571428571428 0.09333333333333334 0.04928571428571429 0.05238095238095238
1 0.19071428571428573 0.06 0.017142857142857144 0.03619047619047619
8 0.26 0.0 0.05 0.08666666666666667
3 0.15642857142857142 0.022857142857142857 0.06928571428571428 0.029523809523809525
3 0.17642857142857143 0.0 0.06285714285714286 0.03428571428571429
3 0.3028571428571429 0.004761904761904762 0.025714285714285714 0.03619047619047619
1 0.42857142857142855 0.0 0.01 0.018095238095238095
1 0.5307142857142857 0.0 0.007142857142857143 0.02095238095238095
1 0.6435714285714286 0.17523809523809525 0.012857142857142857 0.04380952380952381
3 0.4307142857142857 0.0838095238095238 0.037142857142857144 0.05523809523809524
3 0.5264285714285715 0.012380952380952381 0.025 0.039047619047619046
3 0.5557142857142857 0.006666666666666667 0.02642857142857143 0.03238095238095238
3 0.5542857142857143 0.03142857142857143 0.03142857142857143 0.04
3 0.5578571428571428 0.06380952380952382 0.03428571428571429 0.047619047619047616
3 0.565 0.10761904761904761 0.03214285714285714 0.045714285714285714
3 0.5664285714285714 0.14476190476190476 0.08857142857142856 0.05047619047619047
3 0.5235714285714286 0.20476190476190476 0.045 0.0761904761904762
3 0.5764285714285714 0.31333333333333335 0.05142857142857143 0.10285714285714286
3 0.4957142857142857 0.37523809523809526 0.05928571428571429 0.12285714285714286
3 0.5671428571428572 0.439047619047619 0.06571428571428571 0.13714285714285715
3 0.48714285714285716 0.5047619047619047 0.07428571428571429 0.1819047619047619
3 0.565 0.6523809523809524 0.08214285714285714 0.2342857142857143
3 0.19214285714285714 0.700952380952381 0.13214285714285715 0.2723809523809524
8 0.32 0.7257142857142858 0.14142857142857143 0.2704761904761905
3 0.7342857142857143 0.8466666666666667 0.19357142857142856 0.15142857142857144
4 0.8407142857142857 0.7685714285714286 0.06785714285714285 0.045714285714285714
1 0.8728571428571429 0.7504761904761905 0.02214285714285714 0.054285714285714284
2 0.9528571428571428 0.800952380952381 0.045714285714285714 0.1180952380952381
4 0.7771428571428571 0.6295238095238095 0.07142857142857142 0.04380952380952381
2 0.8364285714285714 0.6190476190476191 0.047857142857142855 0.037142857142857144
4 0.7964285714285714 0.5961904761904762 0.04642857142857143 0.024761904761904763
4 0.7992857142857143 0.5714285714285714 0.041428571428571426 0.03428571428571429
4 0.8014285714285714 0.5628571428571428 0.04428571428571428 0.024761904761904763
4 0.7871428571428571 0.5238095238095238 0.05 0.040952380952380955
1 0.7185714285714285 0.19238095238095237 0.011428571428571429 0.040952380952380955
4 0.6807142857142857 0.19047619047619047 0.03357142857142857 0.02857142857142857
1 0.7007142857142857 0.12761904761904763 0.007142857142857143 0.037142857142857144
1 0.6114285714285714 0.2019047619047619 0.01 0.03619047619047619
4 0.5871428571428572 0.2580952380952381 0.027142857142857142 0.04857142857142857
