8 0.3142857142857143 0.5076190476190476 0.07928571428571428 0.1419047619047619
3 0.5421428571428571 0.7 0.045714285714285714 0.13238095238095238
3 0.5364285714285715 0.5819047619047619 0.047857142857142855 0.10285714285714286
3 0.5442857142857143 0.4828571428571429 0.03642857142857143 0.09047619047619047
3 0.5514285714285714 0.40190476190476193 0.032857142857142856 0.07047619047619047
3 0.5564285714285714 0.34476190476190477 0.035 0.05619047619047619
8 0.5628571428571428 0.25333333333333335 0.03857142857142857 0.08666666666666667
3 0.39357142857142857 0.2695238095238095 0.04285714285714286 0.05523809523809524
3 0.44 0.19238095238095237 0.02642857142857143 0.05238095238095238
3 0.4564285714285714 0.14666666666666667 0.02642857142857143 0.04
3 0.5785714285714286 0.15714285714285714 0.02857142857142857 0.035238095238095235
3 0.5735714285714286 0.19428571428571428 0.030714285714285715 0.03428571428571429
3 0.5721428571428572 0.22952380952380952 0.02857142857142857 0.0380952380952381
1 0.5442857142857143 0.2180952380952381 0.0064285714285714285 0.022857142857142857
1 0.5492857142857143 0.2180952380952381 0.0064285714285714285 0.025714285714285714
1 0.5564285714285714 0.22 0.007142857142857143 0.024761904761904763
4 0.5571428571428572 0.22476190476190477 0.009285714285714286 0.022857142857142857
3 0.4642857142857143 0.11714285714285715 0.023571428571428573 0.037142857142857144
3 0.48 0.09238095238095238 0.02142857142857143 0.039047619047619046
3 0.48928571428571427 0.06761904761904762 0.025714285714285714 0.03428571428571429
3 0.5828571428571429 0.1180952380952381 0.023571428571428573 0.03619047619047619
3 0.5928571428571429 0.08857142857142856 0.024285714285714285 0.039047619047619046
3 0.5864285714285714 0.058095238095238096 0.041428571428571426 0.03619047619047619
3 0.6071428571428571 0.02761904761904762 0.020714285714285713 0.025714285714285714
3 0.5035714285714286 0.040952380952380955 0.02142857142857143 0.02857142857142857
3 0.5135714285714286 0.02 0.02142857142857143 0.02666666666666667
3 0.5257142857142857 0.002857142857142857 0.025 0.024761904761904763
3 0.6171428571428571 0.007619047619047619 0.02 0.018095238095238095
3 0.7742857142857142 0.039047619047619046 0.035 0.01619047619047619
3 0.7757142857142857 0.04476190476190476 0.027142857142857142 0.015238095238095238
3 0.775 0.05619047619047619 0.03214285714285714 0.015238095238095238
3 0.7735714285714286 0.06857142857142857 0.03214285714285714 0.02095238095238095
3 0.7707142857142857 0.09142857142857143 0.04285714285714286 0.02095238095238095
3 0.7757142857142857 0.11238095238095239 0.041428571428571426 0.021904761904761906
