3 0.3104434907010014 0.950381679389313 0.1223175965665236 0.04770992366412214
3 0.0 0.18416030534351144 0.03934191702432046 0.03721374045801527
3 0.23605150214592274 0.49904580152671757 0.1072961373390558 0.07061068702290077
3 0.5028612303290415 0.5925572519083969 0.12660944206008584 0.10305343511450382
3 0.6516452074391988 0.6583969465648855 0.13876967095851217 0.10400763358778627
3 0.8311874105865522 0.7194656488549618 0.15665236051502146 0.12309160305343511
1 0.4206008583690987 0.46469465648854963 0.020028612303290415 0.039122137404580155
1 0.6008583690987125 0.4770992366412214 0.015736766809728183 0.04961832061068702
1 0.5886981402002861 0.4570610687022901 0.016452074391988557 0.04580152671755725
1 0.9155937052932761 0.6593511450381679 0.02503576537911302 0.04961832061068702
1 0.7975679542203148 0.5629770992366412 0.031473533619456366 0.046755725190839696
1 0.630901287553648 0.44274809160305345 0.01430615164520744 0.04866412213740458
1 0.4864091559370529 0.40458015267175573 0.015736766809728183 0.04389312977099236
1 0.4084406294706724 0.4083969465648855 0.015736766809728183 0.04007633587786259
1 0.4656652360515021 0.4074427480916031 0.010014306151645207 0.04770992366412214
1 0.010014306151645207 0.25572519083969464 0.015736766809728183 0.02767175572519084
1 0.06723891273247497 0.28530534351145037 0.017167381974248927 0.029580152671755726
1 0.36409155937052934 0.32633587786259544 0.009298998569384835 0.033396946564885496
3 0.06151645207439199 0.41603053435114506 0.06509298998569385 0.05248091603053435
1 0.46280400572246067 0.39217557251908397 0.009298998569384835 0.02767175572519084
1 0.46208869814020026 0.37595419847328243 0.012875536480686695 0.03244274809160305
1 0.3698140200286123 0.3988549618320611 0.016452074391988557 0.03721374045801527
4 0.20958512160228898 0.43702290076335876 0.030758226037195996 0.029580152671755726
4 0.5572246065808297 0.5209923664122137 0.03862660944206009 0.042938931297709926
4 0.4470672389127325 0.5916030534351145 0.03648068669527897 0.04103053435114504
4 0.7339055793991416 0.5811068702290076 0.04363376251788269 0.042938931297709926
4 0.6545064377682404 0.549618320610687 0.044349070100143065 0.04961832061068702
4 0.7846924177396281 0.6603053435114504 0.032188841201716736 0.03148854961832061
4 0.44635193133047213 0.43702290076335876 0.012160228898426323 0.03816793893129771
2 0.4113018597997139 0.5858778625954199 0.023605150214592276 0.02767175572519084
2 0.3569384835479256 0.5610687022900763 0.0536480686695279 0.04103053435114504
1 0.3726752503576538 0.5438931297709924 0.016452074391988557 0.03435114503816794
1 0.6187410586552218 0.41412213740458015 0.008583690987124463 0.04198473282442748
1 0.5464949928469242 0.4666030534351145 0.010014306151645207 0.04770992366412214
1 0.6781115879828327 0.5057251908396947 0.017167381974248927 0.05343511450381679
1 0.6080114449213162 0.4036259541984733 0.015021459227467811 0.035305343511450385
1 0.678826895565093 0.4112595419847328 0.009298998569384835 0.03435114503816794
2 0.7424892703862661 0.5 0.012160228898426323 0.05152671755725191
2 0.5515021459227468 0.4580152671755725 0.029327610872675252 0.035305343511450385
2 0.5586552217453505 0.4484732824427481 0.032188841201716736 0.03435114503816794
2 0.5600858369098712 0.43225190839694655 0.029327610872675252 0.039122137404580155
2 0.4241773962804006 0.42843511450381677 0.01859799713876967 0.03816793893129771
4 0.4356223175965665 0.44274809160305345 0.012875536480686695 0.026717557251908396
2 0.8319027181688126 0.6173664122137404 0.06580829756795423 0.05725190839694656
2 0.7925608011444921 0.5333969465648855 0.012160228898426323 0.04389312977099236
2 0.7582260371959942 0.5114503816793893 0.015021459227467811 0.042938931297709926
2 0.8175965665236051 0.49713740458015265 0.032904148783977114 0.03244274809160305
2 0.801859799713877 0.5190839694656488 0.03862660944206009 0.03148854961832061
1 0.8419170243204578 0.5219465648854962 0.02861230329041488 0.046755725190839696
2 0.9656652360515021 0.7032442748091603 0.033619456366237484 0.02862595419847328
1 0.9856938483547926 0.6946564885496184 0.013590844062947067 0.022900763358778626
