3 0.8507142857142858 0.6390476190476191 0.06928571428571428 0.08571428571428572
1 0.9571428571428572 0.6238095238095238 0.013571428571428571 0.02095238095238095
8 0.7542857142857143 0.758095238095238 0.24571428571428572 0.2419047619047619
3 0.6292857142857143 0.7085714285714285 0.10857142857142857 0.12857142857142856
3 0.49642857142857144 0.6114285714285714 0.08142857142857143 0.08571428571428572
3 0.7592857142857142 0.58 0.05714285714285714 0.06380952380952382
3 0.34785714285714286 0.4780952380952381 0.055 0.049523809523809526
1 0.385 0.47333333333333333 0.008571428571428572 0.02857142857142857
1 0.4 0.47904761904761906 0.009285714285714286 0.02857142857142857
1 0.4114285714285714 0.4828571428571429 0.012857142857142857 0.030476190476190476
3 0.2742857142857143 0.4180952380952381 0.041428571428571426 0.03428571428571429
3 0.24714285714285714 0.3923809523809524 0.032857142857142856 0.03142857142857143
3 0.2742857142857143 0.36857142857142855 0.03642857142857143 0.02666666666666667
3 0.21928571428571428 0.3638095238095238 0.032857142857142856 0.037142857142857144
3 0.19428571428571428 0.3485714285714286 0.03 0.02857142857142857
3 0.1792857142857143 0.3295238095238095 0.02642857142857143 0.02666666666666667
1 0.2057142857142857 0.29428571428571426 0.005714285714285714 0.02
1 0.195 0.3076190476190476 0.0064285714285714285 0.018095238095238095
1 0.17285714285714285 0.2980952380952381 0.004285714285714286 0.006666666666666667
1 0.095 0.28 0.005 0.010476190476190476
1 0.09285714285714286 0.27714285714285714 0.0035714285714285713 0.012380952380952381
1 0.08928571428571429 0.27714285714285714 0.0035714285714285713 0.011428571428571429
8 0.26785714285714285 0.2123809523809524 0.015714285714285715 0.01904761904761905
3 0.0007142857142857143 0.22285714285714286 0.014285714285714285 0.014285714285714285
