3 0.10428571428571429 0.7847619047619048 0.09928571428571428 0.18666666666666668
3 0.0 0.6 0.07928571428571428 0.09142857142857143
1 0.3314285714285714 0.9504761904761905 0.025714285714285714 0.03619047619047619
2 0.3942857142857143 0.8428571428571429 0.06642857142857143 0.15714285714285714
1 0.4185714285714286 0.8580952380952381 0.03357142857142857 0.04476190476190476
3 0.2621428571428571 0.680952380952381 0.125 0.19428571428571428
3 0.28214285714285714 0.5495238095238095 0.12642857142857142 0.18
3 0.16714285714285715 0.540952380952381 0.08142857142857143 0.17142857142857143
3 0.44785714285714284 0.5114285714285715 0.06714285714285714 0.19333333333333333
3 0.3092857142857143 0.44285714285714284 0.13642857142857143 0.13428571428571429
2 0.2792857142857143 0.49142857142857144 0.03214285714285714 0.05904761904761905
1 0.775 0.5057142857142857 0.03 0.05619047619047619
3 0.8914285714285715 0.8266666666666667 0.10357142857142858 0.17333333333333334
1 0.2357142857142857 0.2580952380952381 0.025 0.05142857142857143
3 0.18571428571428572 0.06380952380952382 0.06928571428571428 0.13238095238095238
3 0.2735714285714286 0.1961904761904762 0.06357142857142857 0.1361904761904762
3 0.3492857142857143 0.25523809523809526 0.11 0.11047619047619048
3 0.5385714285714286 0.2 0.05071428571428571 0.12380952380952381
3 0.6171428571428571 0.2914285714285714 0.11428571428571428 0.10380952380952381
3 0.5442857142857143 0.06190476190476191 0.045714285714285714 0.0980952380952381
3 0.6285714285714286 0.05619047619047619 0.09 0.08666666666666667
1 0.7464285714285714 0.15047619047619049 0.023571428571428573 0.05238095238095238
3 0.7821428571428571 0.2342857142857143 0.1357142857142857 0.09714285714285714
3 0.795 0.16666666666666666 0.13214285714285715 0.09047619047619047
3 0.7964285714285714 0.11523809523809524 0.12214285714285714 0.06
3 0.8264285714285714 0.05142857142857143 0.09785714285714285 0.0838095238095238
3 0.8278571428571428 0.03142857142857143 0.10642857142857143 0.05619047619047619
3 0.8485714285714285 0.0 0.09357142857142857 0.05142857142857143
