2 0.3145 0.552 0.0115 0.03266666666666666
2 0.263 0.45866666666666667 0.0215 0.019333333333333334
2 0.238 0.43533333333333335 0.0195 0.024
2 0.196 0.4766666666666667 0.0255 0.04066666666666666
3 0.1275 0.544 0.0435 0.05266666666666667
8 0.0665 0.33066666666666666 0.058 0.096
3 0.0965 0.31 0.0235 0.02266666666666667
3 0.0 0.286 0.011 0.021333333333333333
8 0.0455 0.2613333333333333 0.0405 0.06266666666666666
8 0.0355 0.21733333333333332 0.0285 0.048
3 0.0925 0.22866666666666666 0.032 0.014666666666666666
1 0.0935 0.22066666666666668 0.0055 0.014666666666666666
1 0.044 0.17333333333333334 0.004 0.01
8 0.0345 0.18133333333333335 0.014 0.014666666666666666
8 0.013 0.17533333333333334 0.0115 0.014666666666666666
3 0.0105 0.16466666666666666 0.0095 0.012666666666666666
3 0.0245 0.166 0.009 0.008
3 0.028 0.16266666666666665 0.009 0.008666666666666666
3 0.0235 0.15533333333333332 0.008 0.008
3 0.014 0.16266666666666665 0.008 0.007333333333333333
3 0.009 0.15666666666666668 0.008 0.008
3 0.01 0.15333333333333332 0.008 0.006
3 0.006 0.14866666666666667 0.0075 0.007333333333333333
3 0.021 0.148 0.0075 0.01
3 0.0185 0.14666666666666667 0.007 0.006666666666666667
8 0.018 0.138 0.0085 0.013333333333333334
3 0.0045 0.14266666666666666 0.0075 0.008
3 0.0045 0.13866666666666666 0.006 0.006
3 0.0145 0.136 0.0055 0.006666666666666667
8 0.014 0.12866666666666668 0.007 0.011333333333333334
8 0.001 0.126 0.0105 0.015333333333333332
3 0.0095 0.12666666666666668 0.006 0.004666666666666667
3 0.0065 0.124 0.005 0.004666666666666667
3 0.004 0.12 0.003 0.004666666666666667
3 0.0065 0.11866666666666667 0.0035 0.004
3 0.0005 0.11666666666666667 0.0045 0.004666666666666667
8 0.173 0.208 0.0385 0.019333333333333334
3 0.248 0.24866666666666667 0.027 0.017333333333333333
3 0.2435 0.242 0.025 0.02
3 0.231 0.23733333333333334 0.0285 0.014666666666666666
3 0.2105 0.224 0.031 0.013333333333333334
3 0.2135 0.22733333333333333 0.026 0.013333333333333334
3 0.2955 0.232 0.0175 0.016
8 0.2915 0.218 0.022 0.018666666666666668
3 0.333 0.22866666666666666 0.0265 0.014
3 0.3435 0.23533333333333334 0.019 0.019333333333333334
3 0.3515 0.25266666666666665 0.016 0.018666666666666668
3 0.3555 0.274 0.0265 0.019333333333333334
3 0.2895 0.282 0.035 0.014
3 0.291 0.28733333333333333 0.02 0.012666666666666666
3 0.2975 0.29133333333333333 0.03 0.014666666666666666
4 0.382 0.27666666666666667 0.0085 0.014
3 0.3545 0.32466666666666666 0.0415 0.027333333333333334
3 0.3675 0.3426666666666667 0.0405 0.022
3 0.3905 0.348 0.043 0.025333333333333333
3 0.4025 0.358 0.043 0.03
3 0.4315 0.38133333333333336 0.0425 0.03333333333333333
4 0.461 0.392 0.019 0.027333333333333334
3 0.475 0.416 0.051 0.036
2 0.5355 0.44666666666666666 0.0375 0.042666666666666665
3 0.551 0.4686666666666667 0.063 0.04733333333333333
3 0.575 0.492 0.065 0.043333333333333335
3 0.75 0.6146666666666667 0.076 0.06066666666666667
3 0.8515 0.688 0.093 0.076
3 0.9405 0.7453333333333333 0.0595 0.08
3 0.69 0.4166666666666667 0.0605 0.03933333333333333
2 0.723 0.39666666666666667 0.009 0.021333333333333333
4 0.776 0.4513333333333333 0.02 0.024666666666666667
4 0.6765 0.35933333333333334 0.015 0.020666666666666667
3 0.5035 0.3566666666666667 0.034 0.025333333333333333
1 0.422 0.30666666666666664 0.006 0.009333333333333334
3 0.3265 0.184 0.021 0.01
3 0.2275 0.18866666666666668 0.021 0.013333333333333334
2 0.244 0.18666666666666668 0.0075 0.009333333333333334
1 0.2585 0.20333333333333334 0.003 0.008666666666666666
3 0.2845 0.18066666666666667 0.009 0.010666666666666666
3 0.2665 0.176 0.009 0.010666666666666666
8 0.267 0.16666666666666666 0.012 0.015333333333333332
6 0.2265 0.08133333333333333 0.021 0.010666666666666666
6 0.277 0.08266666666666667 0.0195 0.008666666666666666
8 0.3005 0.08733333333333333 0.0155 0.006666666666666667
6 0.1565 0.08 0.023 0.011333333333333334
