3 0.12714285714285714 0.7685714285714286 0.11142857142857143 0.0761904761904762
3 0.09 0.7180952380952381 0.095 0.05047619047619047
1 0.7435714285714285 0.800952380952381 0.015714285714285715 0.04857142857142857
1 0.76 0.8 0.012142857142857143 0.05619047619047619
1 0.6442857142857142 0.6104761904761905 0.007857142857142858 0.022857142857142857
1 0.7185714285714285 0.5942857142857143 0.007142857142857143 0.02
1 0.6921428571428572 0.5885714285714285 0.0035714285714285713 0.02
1 0.6914285714285714 0.5819047619047619 0.004285714285714286 0.017142857142857144
1 0.685 0.58 0.0064285714285714285 0.01619047619047619
1 0.6792857142857143 0.5914285714285714 0.005714285714285714 0.017142857142857144
1 0.6992857142857143 0.5771428571428572 0.0035714285714285713 0.015238095238095238
1 0.705 0.580952380952381 0.002857142857142857 0.017142857142857144
1 0.7035714285714286 0.5752380952380952 0.002857142857142857 0.018095238095238095
1 0.7185714285714285 0.5504761904761905 0.002142857142857143 0.012380952380952381
1 0.7378571428571429 0.5523809523809524 0.0035714285714285713 0.011428571428571429
1 0.5914285714285714 0.5638095238095238 0.002142857142857143 0.012380952380952381
1 0.5928571428571429 0.5619047619047619 0.002857142857142857 0.013333333333333334
1 0.5992857142857143 0.5628571428571428 0.002857142857142857 0.014285714285714285
1 0.6028571428571429 0.560952380952381 0.0035714285714285713 0.015238095238095238
1 0.6092857142857143 0.560952380952381 0.004285714285714286 0.015238095238095238
2 0.6778571428571428 0.6095238095238096 0.025 0.021904761904761906
2 0.6671428571428571 0.5885714285714285 0.017142857142857144 0.01619047619047619
4 0.7321428571428571 0.5761904761904761 0.010714285714285714 0.010476190476190476
2 0.5521428571428572 0.6485714285714286 0.012857142857142857 0.02095238095238095
2 0.5564285714285714 0.6476190476190476 0.012857142857142857 0.02
2 0.5607142857142857 0.6466666666666666 0.012857142857142857 0.02095238095238095
2 0.565 0.6428571428571429 0.012857142857142857 0.02
2 0.5807142857142857 0.6333333333333333 0.012857142857142857 0.02
2 0.585 0.6323809523809524 0.012857142857142857 0.02
2 0.5942857142857143 0.6266666666666667 0.012857142857142857 0.02
2 0.6014285714285714 0.6238095238095238 0.012857142857142857 0.02
2 0.6085714285714285 0.6209523809523809 0.012857142857142857 0.02095238095238095
2 0.6121428571428571 0.6171428571428571 0.012857142857142857 0.02095238095238095
2 0.6157142857142858 0.6171428571428571 0.012857142857142857 0.02
2 0.6192857142857143 0.6142857142857143 0.012857142857142857 0.02
2 0.6257142857142857 0.6133333333333333 0.012857142857142857 0.02095238095238095
2 0.6264285714285714 0.6123809523809524 0.012857142857142857 0.02
3 0.44285714285714284 0.7238095238095238 0.052142857142857144 0.045714285714285714
8 0.39071428571428574 0.6504761904761904 0.05714285714285714 0.04380952380952381
8 0.47928571428571426 0.6342857142857142 0.04285714285714286 0.030476190476190476
3 0.395 0.6371428571428571 0.045 0.02857142857142857
3 0.445 0.6257142857142857 0.03642857142857143 0.02761904761904762
3 0.48142857142857143 0.6133333333333333 0.03214285714285714 0.024761904761904763
3 0.5171428571428571 0.6152380952380953 0.03142857142857143 0.02761904761904762
3 0.5135714285714286 0.6009523809523809 0.029285714285714286 0.023809523809523808
3 0.525 0.5961904761904762 0.02642857142857143 0.01619047619047619
3 0.5457142857142857 0.5828571428571429 0.025 0.02095238095238095
3 0.5614285714285714 0.5885714285714285 0.025 0.02095238095238095
3 0.5678571428571428 0.599047619047619 0.025 0.023809523809523808
3 0.5842857142857143 0.5857142857142857 0.017142857142857144 0.017142857142857144
3 0.5735714285714286 0.580952380952381 0.02142857142857143 0.018095238095238095
3 0.5978571428571429 0.5761904761904761 0.02142857142857143 0.01904761904761905
3 0.6178571428571429 0.5828571428571429 0.020714285714285713 0.017142857142857144
3 0.6292857142857143 0.5628571428571428 0.016428571428571428 0.011428571428571429
3 0.6292857142857143 0.5695238095238095 0.02 0.018095238095238095
3 0.6421428571428571 0.5657142857142857 0.016428571428571428 0.015238095238095238
6 0.6321428571428571 0.5685714285714286 0.03857142857142857 0.035238095238095235
3 0.665 0.5695238095238095 0.015 0.013333333333333334
3 0.6535714285714286 0.5619047619047619 0.017857142857142856 0.014285714285714285
3 0.6514285714285715 0.5552380952380952 0.013571428571428571 0.012380952380952381
3 0.6707142857142857 0.5580952380952381 0.016428571428571428 0.012380952380952381
3 0.6792857142857143 0.5542857142857143 0.012142857142857143 0.007619047619047619
3 0.6714285714285714 0.5523809523809524 0.01 0.012380952380952381
3 0.6892857142857143 0.5523809523809524 0.012142857142857143 0.009523809523809525
3 0.7042857142857143 0.5514285714285714 0.01 0.010476190476190476
3 0.6935714285714286 0.5495238095238095 0.011428571428571429 0.006666666666666667
3 0.7085714285714285 0.5485714285714286 0.007857142857142858 0.008571428571428572
3 0.6978571428571428 0.5476190476190477 0.009285714285714286 0.004761904761904762
3 0.6985714285714286 0.5438095238095239 0.009285714285714286 0.007619047619047619
3 0.7057142857142857 0.54 0.009285714285714286 0.007619047619047619
3 0.7192857142857143 0.5438095238095239 0.009285714285714286 0.008571428571428572
3 0.7221428571428572 0.540952380952381 0.010714285714285714 0.007619047619047619
3 0.7385714285714285 0.5438095238095239 0.009285714285714286 0.009523809523809525
3 0.7371428571428571 0.5380952380952381 0.007142857142857143 0.008571428571428572
3 0.725 0.5352380952380953 0.012142857142857143 0.008571428571428572
3 0.7292857142857143 0.5342857142857143 0.010714285714285714 0.005714285714285714
3 0.6807142857142857 0.5380952380952381 0.015714285714285715 0.010476190476190476
3 0.6842857142857143 0.5361904761904762 0.011428571428571429 0.007619047619047619
8 0.6964285714285714 0.5352380952380953 0.015714285714285715 0.008571428571428572
3 0.7092857142857143 0.5304761904761904 0.013571428571428571 0.008571428571428572
3 0.6885714285714286 0.5304761904761904 0.014285714285714285 0.007619047619047619
3 0.7192857142857143 0.5304761904761904 0.012142857142857143 0.006666666666666667
3 0.7857142857142857 0.5476190476190477 0.01 0.011428571428571429
3 0.7928571428571428 0.5495238095238095 0.0064285714285714285 0.012380952380952381
3 0.7721428571428571 0.5476190476190477 0.013571428571428571 0.007619047619047619
3 0.7828571428571428 0.540952380952381 0.007142857142857143 0.008571428571428572
3 0.7821428571428571 0.5419047619047619 0.012857142857142857 0.005714285714285714
3 0.7914285714285715 0.5380952380952381 0.009285714285714286 0.005714285714285714
3 0.7821428571428571 0.5333333333333333 0.005714285714285714 0.007619047619047619
3 0.7892857142857143 0.5361904761904762 0.010714285714285714 0.005714285714285714
3 0.79 0.5352380952380953 0.010714285714285714 0.004761904761904762
3 0.7807142857142857 0.5247619047619048 0.005 0.005714285714285714
3 0.7928571428571428 0.5266666666666666 0.005 0.004761904761904762
3 0.7928571428571428 0.5219047619047619 0.005714285714285714 0.004761904761904762
3 0.785 0.5190476190476191 0.004285714285714286 0.004761904761904762
3 0.9014285714285715 0.5723809523809524 0.015 0.012380952380952381
3 0.8885714285714286 0.5714285714285714 0.012142857142857143 0.011428571428571429
3 0.8514285714285714 0.5685714285714286 0.01 0.010476190476190476
3 0.815 0.5723809523809524 0.025714285714285714 0.010476190476190476
3 0.8364285714285714 0.5628571428571428 0.010714285714285714 0.014285714285714285
3 0.6285714285714286 0.5466666666666666 0.012142857142857143 0.008571428571428572
3 0.6171428571428571 0.5457142857142857 0.011428571428571429 0.007619047619047619
3 0.6057142857142858 0.5447619047619048 0.012142857142857143 0.007619047619047619
3 0.5742857142857143 0.5476190476190477 0.016428571428571428 0.008571428571428572
3 0.5542857142857143 0.5447619047619048 0.015714285714285715 0.007619047619047619
3 0.3892857142857143 0.5285714285714286 0.012857142857142857 0.009523809523809525
3 0.39071428571428574 0.5228571428571429 0.009285714285714286 0.007619047619047619
3 0.3692857142857143 0.5266666666666666 0.012142857142857143 0.007619047619047619
