3 0.0 0.5104761904761905 0.02857142857142857 0.06095238095238095
3 0.03142857142857143 0.4504761904761905 0.054285714285714284 0.06190476190476191
1 0.2307142857142857 0.2876190476190476 0.012857142857142857 0.017142857142857144
1 0.22857142857142856 0.2780952380952381 0.010714285714285714 0.017142857142857144
2 0.195 0.25333333333333335 0.015714285714285715 0.018095238095238095
4 0.18571428571428572 0.22476190476190477 0.02142857142857143 0.025714285714285714
1 0.19071428571428573 0.22666666666666666 0.010714285714285714 0.018095238095238095
3 0.3842857142857143 0.2361904761904762 0.047857142857142855 0.05619047619047619
3 0.41 0.2695238095238095 0.04285714285714286 0.05333333333333334
3 0.435 0.3333333333333333 0.052142857142857144 0.05523809523809524
3 0.4514285714285714 0.36095238095238097 0.04857142857142857 0.05142857142857143
3 0.4714285714285714 0.38857142857142857 0.04642857142857143 0.05238095238095238
3 0.49142857142857144 0.41904761904761906 0.05 0.05333333333333334
3 0.53 0.47523809523809524 0.045714285714285714 0.05714285714285714
4 0.5271428571428571 0.3361904761904762 0.017142857142857144 0.024761904761904763
3 0.5428571428571428 0.2619047619047619 0.041428571428571426 0.06
3 0.5085714285714286 0.20476190476190476 0.04071428571428572 0.06095238095238095
4 0.45714285714285713 0.15333333333333332 0.016428571428571428 0.02761904761904762
1 0.4607142857142857 0.15333333333333332 0.007142857142857143 0.01904761904761905
8 0.46214285714285713 0.12476190476190477 0.055714285714285716 0.07809523809523809
3 0.43 0.07142857142857142 0.04 0.06095238095238095
2 0.3992857142857143 0.02095238095238095 0.03857142857142857 0.05619047619047619
3 0.2907142857142857 0.06857142857142857 0.04428571428571428 0.04666666666666667
3 0.2857142857142857 0.045714285714285714 0.02857142857142857 0.04666666666666667
3 0.285 0.02 0.029285714285714286 0.03142857142857143
3 0.3707142857142857 0.0 0.03357142857142857 0.02761904761904762
2 0.47928571428571426 0.6133333333333333 0.015 0.02761904761904762
4 0.5607142857142857 0.638095238095238 0.022857142857142857 0.01904761904761905
1 0.5664285714285714 0.64 0.011428571428571429 0.017142857142857144
4 0.5971428571428572 0.6742857142857143 0.024285714285714285 0.014285714285714285
4 0.6292857142857143 0.660952380952381 0.014285714285714285 0.035238095238095235
1 0.64 0.6933333333333334 0.012857142857142857 0.012380952380952381
8 0.6864285714285714 0.5104761904761905 0.04285714285714286 0.07238095238095238
2 0.7071428571428572 0.58 0.020714285714285713 0.047619047619047616
4 0.6721428571428572 0.4552380952380952 0.016428571428571428 0.030476190476190476
1 0.69 0.4723809523809524 0.009285714285714286 0.01619047619047619
3 0.7271428571428571 0.5704761904761905 0.047857142857142855 0.07142857142857142
3 0.7742857142857142 0.6419047619047619 0.045 0.06666666666666667
3 0.8107142857142857 0.7114285714285714 0.05357142857142857 0.07523809523809524
4 0.7835714285714286 0.7904761904761904 0.022857142857142857 0.023809523809523808
1 0.785 0.7914285714285715 0.015 0.01619047619047619
1 0.8128571428571428 0.9066666666666666 0.008571428571428572 0.007619047619047619
1 0.8414285714285714 0.9 0.017857142857142856 0.017142857142857144
3 0.8628571428571429 0.8361904761904762 0.052142857142857144 0.06476190476190476
8 0.915 0.8847619047619047 0.085 0.11428571428571428
2 0.8114285714285714 0.9476190476190476 0.025714285714285714 0.04285714285714286
3 0.9278571428571428 0.5428571428571428 0.05857142857142857 0.06666666666666667
4 0.7414285714285714 0.41714285714285715 0.020714285714285713 0.01619047619047619
4 0.75 0.37714285714285717 0.017142857142857144 0.022857142857142857
1 0.7557142857142857 0.38 0.01 0.01619047619047619
3 0.8021428571428572 0.3476190476190476 0.04642857142857143 0.058095238095238096
1 0.7885714285714286 0.2542857142857143 0.011428571428571429 0.022857142857142857
3 0.9235714285714286 0.2819047619047619 0.045 0.054285714285714284
3 0.985 0.2180952380952381 0.015 0.03428571428571429
3 0.9435714285714286 0.13714285714285715 0.04928571428571429 0.054285714285714284
3 0.9228571428571428 0.11428571428571428 0.052142857142857144 0.05333333333333334
3 0.85 0.1895238095238095 0.045714285714285714 0.06095238095238095
3 0.815 0.1380952380952381 0.04357142857142857 0.05333333333333334
3 0.8821428571428571 0.06380952380952382 0.05 0.05523809523809524
3 0.86 0.039047619047619046 0.045714285714285714 0.049523809523809526
3 0.8442857142857143 0.010476190476190476 0.045 0.04857142857142857
3 0.8278571428571428 0.0 0.04071428571428572 0.03619047619047619
3 0.8021428571428572 0.0 0.03357142857142857 0.02
1 0.7242857142857143 0.058095238095238096 0.008571428571428572 0.01904761904761905
4 0.7164285714285714 0.08571428571428572 0.017142857142857144 0.02095238095238095
1 0.7335714285714285 0.07428571428571429 0.007142857142857143 0.018095238095238095
8 0.7207142857142858 0.08 0.035 0.05619047619047619
3 0.7057142857142857 0.16952380952380952 0.035 0.049523809523809526
8 0.5992857142857143 0.04285714285714286 0.05785714285714286 0.0761904761904762
1 0.6914285714285714 0.19904761904761906 0.009285714285714286 0.018095238095238095
3 0.6464285714285715 0.18666666666666668 0.039285714285714285 0.06380952380952382
3 0.5928571428571429 0.11523809523809524 0.03428571428571429 0.04857142857142857
1 0.6671428571428571 0.3057142857142857 0.010714285714285714 0.022857142857142857
