1 0.5885 0.894 0.025 0.054
3 0.6565 0.8226666666666667 0.063 0.11666666666666667
4 0.7255 0.966 0.0485 0.034
1 0.6725 0.972 0.017 0.028
8 0.281 0.8 0.104 0.15133333333333332
1 0.345 0.8466666666666667 0.0275 0.07133333333333333
8 0.5515 0.704 0.1025 0.066
1 0.544 0.7053333333333334 0.013 0.03866666666666667
3 0.544 0.6573333333333333 0.032 0.052
4 0.512 0.682 0.013 0.036
4 0.5185 0.644 0.012 0.026
4 0.4945 0.6126666666666667 0.0105 0.024666666666666667
4 0.525 0.6086666666666667 0.011 0.023333333333333334
4 0.5445 0.5333333333333333 0.0065 0.014666666666666666
4 0.538 0.5026666666666667 0.0045 0.010666666666666666
1 0.5115 0.6846666666666666 0.012 0.02666666666666667
1 0.5115 0.6753333333333333 0.012 0.027333333333333334
1 0.5195 0.6366666666666667 0.01 0.028
1 0.526 0.6033333333333334 0.0085 0.021333333333333333
1 0.4945 0.6166666666666667 0.008 0.018
1 0.495 0.606 0.0095 0.025333333333333333
1 0.544 0.5333333333333333 0.0055 0.013333333333333334
1 0.545 0.5286666666666666 0.005 0.014666666666666666
1 0.538 0.498 0.0045 0.011333333333333334
1 0.54 0.5866666666666667 0.007 0.028666666666666667
1 0.547 0.5866666666666667 0.0075 0.028
1 0.541 0.5726666666666667 0.0075 0.024666666666666667
4 0.571 0.5893333333333334 0.0135 0.017333333333333333
8 0.5565 0.5473333333333333 0.0205 0.035333333333333335
8 0.4465 0.614 0.0365 0.05
1 0.4465 0.6106666666666667 0.0065 0.028666666666666667
1 0.4505 0.614 0.0065 0.023333333333333334
3 0.481 0.556 0.0185 0.032
2 0.5095 0.5593333333333333 0.0045 0.018
2 0.525 0.5433333333333333 0.0055 0.016666666666666666
1 0.51 0.5546666666666666 0.0075 0.021333333333333333
1 0.51 0.5566666666666666 0.004 0.011333333333333334
1 0.5245 0.5366666666666666 0.0055 0.018666666666666668
8 0.4545 0.5333333333333333 0.049 0.04
3 0.5035 0.5186666666666667 0.0175 0.024666666666666667
3 0.504 0.508 0.027 0.018
8 0.592 0.496 0.0265 0.04533333333333334
3 0.5215 0.49 0.012 0.014666666666666666
1 0.5345 0.49066666666666664 0.004 0.012666666666666666
