3 0.44857142857142857 0.01649746192893401 0.025714285714285714 0.05583756345177665
1 0.44785714285714284 0.06852791878172589 0.0064285714285714285 0.03426395939086294
1 0.5271428571428571 0.017766497461928935 0.007142857142857143 0.03299492385786802
3 0.5385714285714286 0.01903553299492386 0.03357142857142857 0.05964467005076142
1 0.535 0.07868020304568528 0.0064285714285714285 0.03426395939086294
1 0.5392857142857143 0.10279187817258884 0.007142857142857143 0.030456852791878174
3 0.5578571428571428 0.0799492385786802 0.037142857142857144 0.07106598984771574
8 0.5807142857142857 0.1484771573604061 0.05857142857142857 0.13705583756345177
3 0.46785714285714286 0.09517766497461928 0.03214285714285714 0.06598984771573604
3 0.485 0.1598984771573604 0.035 0.08883248730964467
3 0.505 0.2614213197969543 0.03785714285714286 0.08883248730964467
3 0.5342857142857143 0.3565989847715736 0.04 0.09390862944162437
1 0.6457142857142857 0.20939086294416243 0.009285714285714286 0.03553299492385787
1 0.6592857142857143 0.19416243654822335 0.0064285714285714285 0.031725888324873094
1 0.6764285714285714 0.23604060913705585 0.0064285714285714285 0.03426395939086294
1 0.6692857142857143 0.26776649746192893 0.007857142857142858 0.031725888324873094
1 0.6671428571428571 0.24111675126903553 0.0064285714285714285 0.03299492385786802
1 0.6585714285714286 0.24111675126903553 0.0064285714285714285 0.021573604060913704
1 0.6657142857142857 0.23477157360406092 0.004285714285714286 0.024111675126903553
1 0.6614285714285715 0.22842639593908629 0.007142857142857143 0.03553299492385787
4 0.6271428571428571 0.2956852791878173 0.03 0.03680203045685279
4 0.6307142857142857 0.30583756345177665 0.03142857142857143 0.03934010152284264
4 0.6414285714285715 0.3223350253807107 0.024285714285714285 0.031725888324873094
4 0.6371428571428571 0.33248730964467005 0.03357142857142857 0.03934010152284264
4 0.6428571428571429 0.3426395939086294 0.03214285714285714 0.03934010152284264
4 0.6442857142857142 0.3616751269035533 0.03142857142857143 0.03680203045685279
4 0.6507142857142857 0.36928934010152287 0.02857142857142857 0.03807106598984772
4 0.655 0.3883248730964467 0.025714285714285714 0.02918781725888325
4 0.6592857142857143 0.399746192893401 0.029285714285714286 0.031725888324873094
4 0.6607142857142857 0.40609137055837563 0.03 0.04568527918781726
4 0.665 0.42385786802030456 0.03357142857142857 0.04060913705583756
4 0.6678571428571428 0.45050761421319796 0.04071428571428572 0.030456852791878174
4 0.6757142857142857 0.4593908629441624 0.027857142857142858 0.03299492385786802
4 0.6814285714285714 0.4784263959390863 0.027857142857142858 0.02918781725888325
4 0.6864285714285714 0.49111675126903553 0.027857142857142858 0.03553299492385787
4 0.6907142857142857 0.5025380710659898 0.03571428571428571 0.03934010152284264
4 0.6957142857142857 0.5266497461928934 0.02642857142857143 0.025380710659898477
4 0.6964285714285714 0.5342639593908629 0.03428571428571429 0.03553299492385787
4 0.7014285714285714 0.5558375634517766 0.027857142857142858 0.03426395939086294
1 0.7842857142857143 0.5901015228426396 0.012857142857142857 0.030456852791878174
1 0.4735714285714286 0.46446700507614214 0.009285714285714286 0.03299492385786802
1 0.47928571428571426 0.4619289340101523 0.007857142857142858 0.027918781725888325
1 0.4907142857142857 0.4530456852791878 0.007142857142857143 0.03299492385786802
1 0.5135714285714286 0.44289340101522845 0.01 0.03426395939086294
1 0.4992857142857143 0.48350253807106597 0.008571428571428572 0.03299492385786802
1 0.5092857142857142 0.4936548223350254 0.009285714285714286 0.03299492385786802
1 0.5292857142857142 0.5126903553299492 0.008571428571428572 0.03680203045685279
1 0.5407142857142857 0.5152284263959391 0.009285714285714286 0.02918781725888325
1 0.38285714285714284 0.600253807106599 0.009285714285714286 0.031725888324873094
4 0.4035714285714286 0.5850253807106599 0.019285714285714285 0.021573604060913704
1 0.47214285714285714 0.567258883248731 0.009285714285714286 0.0266497461928934
1 0.4357142857142857 0.733502538071066 0.011428571428571429 0.025380710659898477
1 0.42142857142857143 0.7385786802030457 0.007857142857142858 0.02918781725888325
1 0.41 0.7423857868020305 0.007142857142857143 0.025380710659898477
1 0.4207142857142857 0.7258883248730964 0.005714285714285714 0.02918781725888325
1 0.41785714285714287 0.7055837563451777 0.010714285714285714 0.025380710659898477
1 0.425 0.6865482233502538 0.009285714285714286 0.02284263959390863
1 0.6164285714285714 0.8426395939086294 0.012857142857142857 0.027918781725888325
1 0.6157142857142858 0.8109137055837563 0.008571428571428572 0.030456852791878174
2 0.6285714285714286 0.7728426395939086 0.012857142857142857 0.04060913705583756
