3 0.4742857142857143 0.6725888324873096 0.02642857142857143 0.06218274111675127
3 0.47214285714285714 0.5939086294416244 0.027142857142857142 0.06472081218274112
3 0.45571428571428574 0.46573604060913704 0.023571428571428573 0.048223350253807105
3 0.5542857142857143 0.36548223350253806 0.025714285714285714 0.05583756345177665
3 0.6692857142857143 0.027918781725888325 0.023571428571428573 0.05583756345177665
3 0.7992857142857143 0.4733502538071066 0.019285714285714285 0.05203045685279188
3 0.81 0.4035532994923858 0.020714285714285713 0.05203045685279188
3 0.795 0.3730964467005076 0.017857142857142856 0.04314720812182741
3 0.8264285714285714 0.33375634517766495 0.017142857142857144 0.046954314720812185
1 0.795 0.7766497461928934 0.007857142857142858 0.013959390862944163
1 0.8571428571428571 0.8515228426395939 0.007857142857142858 0.008883248730964468
3 0.8978571428571429 0.9631979695431472 0.039285714285714285 0.03553299492385787
3 0.15714285714285714 0.6192893401015228 0.022857142857142857 0.046954314720812185
3 0.13357142857142856 0.5964467005076142 0.03 0.06218274111675127
3 0.17642857142857143 0.25 0.03214285714285714 0.03680203045685279
3 0.18785714285714286 0.217005076142132 0.03357142857142857 0.04060913705583756
3 0.15285714285714286 0.19543147208121828 0.03214285714285714 0.03553299492385787
3 0.14857142857142858 0.22588832487309646 0.025714285714285714 0.031725888324873094
