8 0.38 0.0 0.016428571428571428 0.08952380952380952
3 0.35428571428571426 0.24285714285714285 0.025714285714285714 0.018095238095238095
3 0.6107142857142858 0.29619047619047617 0.012142857142857143 0.03142857142857143
3 0.6157142857142858 0.4857142857142857 0.009285714285714286 0.03619047619047619
8 0.51 0.6390476190476191 0.018571428571428572 0.11047619047619048
8 0.6207142857142857 0.7447619047619047 0.015714285714285715 0.08095238095238096
8 0.5535714285714286 0.92 0.012142857142857143 0.04285714285714286
3 0.46214285714285713 0.9266666666666666 0.02214285714285714 0.014285714285714285
3 0.8635714285714285 0.9095238095238095 0.015714285714285715 0.03238095238095238
3 0.8678571428571429 0.9847619047619047 0.024285714285714285 0.015238095238095238
8 0.7757142857142857 0.024761904761904763 0.017857142857142856 0.07047619047619047
8 0.38642857142857145 0.2980952380952381 0.015714285714285715 0.0419047619047619
