3 0.2595 0.572 0.15 0.10333333333333333
3 0.477 0.5073333333333333 0.1365 0.10133333333333333
1 0.601 0.6126666666666667 0.029 0.04733333333333333
1 0.615 0.6173333333333333 0.0235 0.043333333333333335
4 0.5865 0.6166666666666667 0.055 0.043333333333333335
3 0.8145 0.7126666666666667 0.1855 0.12133333333333333
1 0.8395 0.5586666666666666 0.0295 0.05533333333333333
1 0.886 0.6126666666666667 0.0245 0.043333333333333335
4 0.822 0.564 0.057 0.03666666666666667
2 0.8625 0.622 0.0505 0.034666666666666665
