3 0.3255 0.5053333333333333 0.066 0.03666666666666667
3 0.4195 0.504 0.0575 0.03866666666666667
3 0.6275 0.5153333333333333 0.063 0.03866666666666667
3 0.7945 0.5193333333333333 0.057 0.03666666666666667
3 0.832 0.38466666666666666 0.0845 0.04066666666666666
3 0.6275 0.414 0.083 0.035333333333333335
2 0.697 0.5526666666666666 0.0205 0.018666666666666668
2 0.195 0.8133333333333334 0.0155 0.03866666666666667
2 0.2955 0.546 0.0125 0.025333333333333333
2 0.23 0.5286666666666666 0.0265 0.02
2 0.24 0.5193333333333333 0.0205 0.013333333333333334
1 0.235 0.5233333333333333 0.0105 0.016666666666666666
1 0.239 0.512 0.0125 0.018666666666666668
3 0.5475 0.15866666666666668 0.0525 0.032
3 0.637 0.16133333333333333 0.05 0.027333333333333334
3 0.653 0.086 0.023 0.050666666666666665
3 0.756 0.09733333333333333 0.049 0.028666666666666667
3 0.7555 0.07466666666666667 0.05 0.02666666666666667
4 0.725 0.05266666666666667 0.016 0.018666666666666668
1 0.0315 0.11666666666666667 0.011 0.026
3 0.0 0.134 0.018 0.026
