1 0.17857142857142858 0.5333333333333333 0.03428571428571429 0.07428571428571429
3 0.10571428571428572 0.36952380952380953 0.16214285714285714 0.15047619047619049
3 0.2735714285714286 0.22380952380952382 0.12571428571428572 0.11904761904761904
3 0.4521428571428571 0.10761904761904761 0.09285714285714286 0.12285714285714286
3 0.6457142857142857 0.05523809523809524 0.08 0.10952380952380952
3 0.5807142857142857 0.15523809523809523 0.09285714285714286 0.13047619047619047
3 0.4407142857142857 0.29333333333333333 0.13071428571428573 0.2019047619047619
3 0.5664285714285714 0.3219047619047619 0.11428571428571428 0.16
3 0.6342857142857142 0.1838095238095238 0.10357142857142858 0.14476190476190476
3 0.4064285714285714 0.5885714285714285 0.13785714285714284 0.21333333333333335
3 0.28285714285714286 0.5371428571428571 0.15857142857142856 0.2571428571428571
3 0.28214285714285714 0.8628571428571429 0.16 0.13714285714285715
3 0.07857142857142857 0.8628571428571429 0.17785714285714285 0.13714285714285715
3 0.655 0.7076190476190476 0.14857142857142858 0.2923809523809524
3 0.8292857142857143 0.66 0.1707142857142857 0.2057142857142857
3 0.8535714285714285 0.4514285714285714 0.14642857142857144 0.1580952380952381
3 0.8514285714285714 0.35714285714285715 0.14857142857142858 0.13523809523809524
3 0.8985714285714286 0.2342857142857143 0.10142857142857142 0.11333333333333333
3 0.9242857142857143 0.18761904761904763 0.07571428571428572 0.06380952380952382
3 0.8978571428571429 0.058095238095238096 0.06285714285714286 0.10571428571428572
3 0.7521428571428571 0.017142857142857144 0.07285714285714286 0.08571428571428572
3 0.5692857142857143 0.0 0.07928571428571428 0.05523809523809524
