1 0.15357142857142858 0.4949238578680203 0.01 0.03680203045685279
1 0.1492857142857143 0.4581218274111675 0.010714285714285714 0.03553299492385787
1 0.16 0.4606598984771574 0.011428571428571429 0.03426395939086294
1 0.165 0.44416243654822335 0.012857142857142857 0.04187817258883249
1 0.3628571428571429 0.434010152284264 0.014285714285714285 0.03807106598984772
1 0.3807142857142857 0.45558375634517767 0.013571428571428571 0.03553299492385787
1 0.4228571428571429 0.47588832487309646 0.011428571428571429 0.0266497461928934
1 0.5771428571428572 0.43147208121827413 0.01 0.03426395939086294
1 0.5857142857142857 0.4352791878172589 0.009285714285714286 0.03426395939086294
1 0.5885714285714285 0.4517766497461929 0.007142857142857143 0.03553299492385787
3 0.8064285714285714 0.5126903553299492 0.07428571428571429 0.07487309644670051
1 0.8228571428571428 0.30456852791878175 0.012142857142857143 0.03553299492385787
