3 0.24 0.7304761904761905 0.14142857142857143 0.06857142857142857
3 0.18928571428571428 0.5714285714285714 0.11928571428571429 0.05714285714285714
8 0.04285714285714286 0.8057142857142857 0.22785714285714287 0.13142857142857142
8 0.18071428571428572 0.64 0.13071428571428573 0.06380952380952382
3 0.44642857142857145 0.29619047619047617 0.04357142857142857 0.1295238095238095
3 0.30714285714285716 0.32476190476190475 0.10214285714285715 0.058095238095238096
3 0.32857142857142857 0.2742857142857143 0.09 0.05047619047619047
3 0.35642857142857143 0.10952380952380952 0.07214285714285715 0.039047619047619046
3 0.33714285714285713 0.2 0.08 0.03619047619047619
8 0.3107142857142857 0.22 0.11357142857142857 0.06285714285714286
8 0.6128571428571429 0.11523809523809524 0.052142857142857144 0.10380952380952381
3 0.5585714285714286 0.0 0.02214285714285714 0.024761904761904763
8 0.665 0.011428571428571429 0.04928571428571429 0.10285714285714286
3 0.6728571428571428 0.14666666666666667 0.08785714285714286 0.054285714285714284
3 0.7142857142857143 0.04285714285714286 0.029285714285714286 0.05238095238095238
3 0.8007142857142857 0.7571428571428571 0.16428571428571428 0.08476190476190476
3 0.835 0.8609523809523809 0.15071428571428572 0.09714285714285714
3 0.8092857142857143 0.6733333333333333 0.13357142857142856 0.07904761904761905
3 0.7821428571428571 0.58 0.11357142857142857 0.07523809523809524
3 0.7685714285714286 0.5057142857142857 0.11214285714285714 0.06761904761904762
3 0.8314285714285714 0.36 0.07142857142857142 0.11142857142857143
3 0.74 0.39714285714285713 0.09857142857142857 0.054285714285714284
3 0.6628571428571428 0.11428571428571428 0.06928571428571428 0.0419047619047619
3 0.89 0.34095238095238095 0.07428571428571429 0.1019047619047619
3 0.7585714285714286 0.4514285714285714 0.10785714285714286 0.05714285714285714
3 0.9464285714285714 0.6323809523809524 0.05357142857142857 0.1619047619047619
3 0.9421428571428572 0.4561904761904762 0.05785714285714286 0.1295238095238095
1 0.48 0.6066666666666667 0.015 0.023809523809523808
1 0.5114285714285715 0.5323809523809524 0.012857142857142857 0.03142857142857143
2 0.5092857142857142 0.539047619047619 0.017857142857142856 0.05238095238095238
2 0.48 0.6133333333333333 0.015 0.049523809523809526
2 0.5807142857142857 0.1419047619047619 0.007142857142857143 0.035238095238095235
1 0.5807142857142857 0.13714285714285715 0.0064285714285714285 0.022857142857142857
1 0.4585714285714286 0.0 0.007142857142857143 0.022857142857142857
1 0.4657142857142857 0.0 0.01 0.017142857142857144
3 0.6292857142857143 0.0 0.04357142857142857 0.022857142857142857
