8 0.222 0.3253333333333333 0.0795 0.17466666666666666
3 0.3625 0.288 0.0685 0.15266666666666667
3 0.469 0.292 0.0645 0.15666666666666668
3 0.571 0.28933333333333333 0.08 0.14933333333333335
3 0.6645 0.5353333333333333 0.101 0.18266666666666667
3 0.5515 0.10933333333333334 0.111 0.10666666666666667
8 0.176 0.05 0.0715 0.178
8 0.067 0.19666666666666666 0.0875 0.18333333333333332
3 0.318 0.822 0.0805 0.178
3 0.0 0.71 0.088 0.098
3 0.519 0.0013333333333333333 0.0655 0.07533333333333334
3 0.1615 0.0013333333333333333 0.0575 0.04733333333333333
3 0.89 0.0 0.106 0.08733333333333333
3 0.9535 0.09133333333333334 0.045 0.084
1 0.606 0.5306666666666666 0.0195 0.028
1 0.6495 0.382 0.0285 0.024666666666666667
4 0.7905 0.7306666666666667 0.0525 0.027333333333333334
4 0.6045 0.5173333333333333 0.0205 0.058666666666666666
4 0.725 0.49866666666666665 0.0465 0.04133333333333333
4 0.659 0.36933333333333335 0.017 0.056666666666666664
2 0.671 0.334 0.058 0.13733333333333334
1 0.707 0.382 0.017 0.017333333333333333
1 0.729 0.36333333333333334 0.029 0.03333333333333333
1 0.7265 0.4066666666666667 0.023 0.028666666666666667
1 0.7415 0.48933333333333334 0.0225 0.022
1 0.7515 0.476 0.025 0.02266666666666667
1 0.817 0.5786666666666667 0.024 0.029333333333333333
1 0.832 0.5906666666666667 0.0295 0.016
1 0.897 0.692 0.04 0.024666666666666667
1 0.894 0.8093333333333333 0.0415 0.034666666666666665
1 0.578 0.22733333333333333 0.014 0.03866666666666667
1 0.621 0.22666666666666666 0.0185 0.03666666666666667
3 0.0 0.576 0.073 0.06333333333333334
