3 0.6085594989561587 0.640074211502783 0.027139874739039668 0.05009276437847866
3 0.6670146137787056 0.4619666048237477 0.03288100208768267 0.05102040816326531
3 0.7051148225469729 0.40630797773654914 0.031315240083507306 0.04267161410018553
3 0.447286012526096 0.7291280148423006 0.049060542797494784 0.08070500927643785
4 0.015657620041753653 0.564935064935065 0.022964509394572025 0.025974025974025976
1 0.04175365344467641 0.5853432282003711 0.011482254697286013 0.023191094619666047
4 0.019832985386221295 0.6001855287569573 0.020876826722338204 0.02504638218923933
1 0.05897703549060543 0.6614100185528757 0.010438413361169102 0.029684601113172542
1 0.8966597077244259 0.21057513914656772 0.006784968684759917 0.01855287569573284
4 0.16910229645093947 0.9304267161410018 0.026096033402922755 0.04452690166975881
4 0.08663883089770355 0.7671614100185529 0.019311064718162838 0.036178107606679034
