3 0.012857142857142857 0.5895238095238096 0.06857142857142857 0.0761904761904762
3 0.24785714285714286 0.6457142857142857 0.03857142857142857 0.09428571428571429
3 0.2885714285714286 0.621904761904762 0.054285714285714284 0.07904761904761905
3 0.3171428571428571 0.5942857142857143 0.055 0.07047619047619047
3 0.36357142857142855 0.540952380952381 0.04928571428571429 0.07047619047619047
1 0.002142857142857143 0.5885714285714285 0.005714285714285714 0.023809523809523808
1 0.305 0.7904761904761904 0.014285714285714285 0.035238095238095235
1 0.3342857142857143 0.7514285714285714 0.010714285714285714 0.03333333333333333
1 0.005 0.66 0.005714285714285714 0.02666666666666667
1 0.015 0.700952380952381 0.007857142857142858 0.02761904761904762
1 0.005 0.7076190476190476 0.007857142857142858 0.02666666666666667
3 0.0007142857142857143 0.7552380952380953 0.05 0.1180952380952381
3 0.025 0.7657142857142857 0.06285714285714286 0.11047619047619048
3 0.08642857142857142 0.7904761904761904 0.04857142857142857 0.1
3 0.29214285714285715 0.8285714285714286 0.054285714285714284 0.12476190476190477
3 0.24857142857142858 0.8228571428571428 0.04857142857142857 0.12
3 0.19071428571428573 0.8161904761904762 0.06 0.11714285714285715
3 0.15428571428571428 0.799047619047619 0.05 0.10571428571428572
3 0.11785714285714285 0.7904761904761904 0.05285714285714286 0.10476190476190476
3 0.39071428571428574 0.8457142857142858 0.04357142857142857 0.12380952380952381
3 0.3464285714285714 0.8504761904761905 0.041428571428571426 0.10285714285714286
3 0.495 0.8761904761904762 0.07428571428571429 0.06285714285714286
3 0.485 0.8142857142857143 0.07428571428571429 0.07047619047619047
1 0.5678571428571428 0.047619047619047616 0.002857142857142857 0.013333333333333334
1 0.5585714285714286 0.05904761904761905 0.0035714285714285713 0.017142857142857144
1 0.5764285714285714 0.06190476190476191 0.0035714285714285713 0.02
3 0.5621428571428572 0.07238095238095238 0.016428571428571428 0.030476190476190476
3 0.5514285714285714 0.1361904761904762 0.015 0.023809523809523808
3 0.5421428571428571 0.16285714285714287 0.017142857142857144 0.03142857142857143
1 0.5642857142857143 0.1619047619047619 0.002857142857142857 0.011428571428571429
1 0.5771428571428572 0.21333333333333335 0.0035714285714285713 0.015238095238095238
4 0.5264285714285715 0.18285714285714286 0.005 0.014285714285714285
3 0.5085714285714286 0.25142857142857145 0.037142857142857144 0.035238095238095235
3 0.5035714285714286 0.26666666666666666 0.018571428571428572 0.037142857142857144
1 0.44857142857142857 0.2914285714285714 0.005 0.021904761904761906
1 0.45714285714285713 0.2914285714285714 0.004285714285714286 0.02
1 0.5621428571428572 0.30952380952380953 0.005714285714285714 0.02095238095238095
1 0.5542857142857143 0.3295238095238095 0.0064285714285714285 0.02
1 0.5428571428571428 0.32666666666666666 0.005714285714285714 0.022857142857142857
1 0.5435714285714286 0.32666666666666666 0.002857142857142857 0.012380952380952381
4 0.4471428571428571 0.3742857142857143 0.016428571428571428 0.01619047619047619
4 0.43857142857142856 0.3923809523809524 0.020714285714285713 0.018095238095238095
4 0.4257142857142857 0.44476190476190475 0.017857142857142856 0.01619047619047619
4 0.4664285714285714 0.319047619047619 0.010714285714285714 0.014285714285714285
1 0.4835714285714286 0.32571428571428573 0.002857142857142857 0.010476190476190476
1 0.47928571428571426 0.32571428571428573 0.002857142857142857 0.012380952380952381
4 0.4785714285714286 0.29619047619047617 0.012142857142857143 0.015238095238095238
4 0.40285714285714286 0.5047619047619047 0.017857142857142856 0.025714285714285714
4 0.6492857142857142 0.92 0.015 0.03333333333333333
1 0.6578571428571428 0.900952380952381 0.007857142857142858 0.022857142857142857
1 0.6264285714285714 0.8857142857142857 0.010714285714285714 0.03238095238095238
3 0.5014285714285714 0.7619047619047619 0.07642857142857143 0.06666666666666667
3 0.5042857142857143 0.7152380952380952 0.07785714285714286 0.06095238095238095
3 0.5185714285714286 0.6752380952380952 0.05714285714285714 0.04857142857142857
3 0.5364285714285715 0.5876190476190476 0.056428571428571425 0.04666666666666667
3 0.5385714285714286 0.6276190476190476 0.06357142857142857 0.06095238095238095
3 0.5407142857142857 0.5514285714285714 0.06285714285714286 0.05047619047619047
3 0.5514285714285714 0.5219047619047619 0.05357142857142857 0.0419047619047619
3 0.55 0.49333333333333335 0.055714285714285716 0.0380952380952381
3 0.5578571428571428 0.4666666666666667 0.055714285714285716 0.037142857142857144
3 0.5578571428571428 0.43714285714285717 0.055 0.0419047619047619
3 0.56 0.4095238095238095 0.056428571428571425 0.037142857142857144
3 0.5757142857142857 0.38761904761904764 0.045 0.037142857142857144
3 0.5757142857142857 0.36857142857142855 0.045714285714285714 0.035238095238095235
3 0.5778571428571428 0.3476190476190476 0.047142857142857146 0.037142857142857144
3 0.5821428571428572 0.32571428571428573 0.045714285714285714 0.03142857142857143
3 0.5821428571428572 0.3057142857142857 0.05142857142857143 0.03333333333333333
3 0.5914285714285714 0.2857142857142857 0.04428571428571428 0.03238095238095238
3 0.5978571428571429 0.2714285714285714 0.04214285714285714 0.029523809523809525
3 0.605 0.2523809523809524 0.03642857142857143 0.02857142857142857
1 0.6014285714285714 0.2619047619047619 0.004285714285714286 0.01619047619047619
3 0.605 0.2361904761904762 0.04071428571428572 0.030476190476190476
3 0.6107142857142858 0.2219047619047619 0.039285714285714285 0.025714285714285714
3 0.6121428571428571 0.20476190476190476 0.037142857142857144 0.025714285714285714
3 0.6157142857142858 0.18857142857142858 0.03857142857142857 0.02666666666666667
3 0.6185714285714285 0.1742857142857143 0.037142857142857144 0.023809523809523808
3 0.6214285714285714 0.16380952380952382 0.032857142857142856 0.024761904761904763
3 0.6214285714285714 0.15428571428571428 0.03214285714285714 0.023809523809523808
3 0.6221428571428571 0.14 0.039285714285714285 0.02666666666666667
3 0.625 0.1295238095238095 0.035 0.023809523809523808
3 0.625 0.1180952380952381 0.03214285714285714 0.017142857142857144
3 0.6314285714285715 0.07714285714285714 0.030714285714285715 0.01904761904761905
3 0.6307142857142857 0.08761904761904762 0.02857142857142857 0.017142857142857144
3 0.6321428571428571 0.0980952380952381 0.03142857142857143 0.022857142857142857
3 0.6042857142857143 0.09142857142857143 0.013571428571428571 0.021904761904761906
3 0.58 0.08857142857142856 0.015 0.02
3 0.6478571428571429 0.05523809523809524 0.022857142857142857 0.018095238095238095
3 0.6528571428571428 0.04857142857142857 0.024285714285714285 0.018095238095238095
3 0.6535714285714286 0.04 0.027142857142857142 0.01619047619047619
3 0.6521428571428571 0.01904761904761905 0.025 0.022857142857142857
3 0.6535714285714286 0.0019047619047619048 0.02 0.018095238095238095
3 0.6585714285714286 0.0 0.025714285714285714 0.011428571428571429
1 0.5964285714285714 0.07333333333333333 0.002142857142857143 0.012380952380952381
1 0.5871428571428572 0.13904761904761906 0.004285714285714286 0.017142857142857144
1 0.5928571428571429 0.14476190476190476 0.004285714285714286 0.013333333333333334
1 0.5835714285714285 0.15714285714285714 0.0035714285714285713 0.011428571428571429
1 0.6078571428571429 0.16095238095238096 0.0035714285714285713 0.015238095238095238
1 0.6014285714285714 0.16285714285714287 0.004285714285714286 0.015238095238095238
1 0.6035714285714285 0.19142857142857142 0.004285714285714286 0.01619047619047619
1 0.5992857142857143 0.19238095238095237 0.004285714285714286 0.014285714285714285
4 0.5928571428571429 0.05904761904761905 0.01 0.007619047619047619
3 0.7021428571428572 0.05333333333333334 0.015714285714285715 0.02666666666666667
3 0.7092857142857143 0.09333333333333334 0.016428571428571428 0.030476190476190476
3 0.6978571428571428 0.14285714285714285 0.017857142857142856 0.029523809523809525
3 0.7314285714285714 0.07047619047619047 0.015714285714285715 0.025714285714285714
3 0.7335714285714285 0.11428571428571428 0.012857142857142857 0.03333333333333333
3 0.6928571428571428 0.18476190476190477 0.02 0.02666666666666667
1 0.6942857142857143 0.41333333333333333 0.007857142857142858 0.018095238095238095
1 0.7114285714285714 0.6628571428571428 0.007142857142857143 0.03333333333333333
3 0.7485714285714286 0.8266666666666667 0.03785714285714286 0.10857142857142857
3 0.8092857142857143 0.7314285714285714 0.03785714285714286 0.09523809523809523
3 0.7471428571428571 0.7 0.035 0.09904761904761905
3 0.7435714285714285 0.6028571428571429 0.03357142857142857 0.07904761904761905
3 0.7885714285714286 0.4780952380952381 0.02857142857142857 0.058095238095238096
3 0.825 0.43238095238095237 0.027142857142857142 0.058095238095238096
3 0.7721428571428571 0.33904761904761904 0.023571428571428573 0.04476190476190476
3 0.8128571428571428 0.33714285714285713 0.023571428571428573 0.04285714285714286
3 0.8078571428571428 0.29428571428571426 0.02142857142857143 0.037142857142857144
3 0.805 0.24952380952380954 0.018571428571428572 0.03428571428571429
3 0.7985714285714286 0.21333333333333335 0.019285714285714285 0.030476190476190476
3 0.74 0.20285714285714285 0.017857142857142856 0.03238095238095238
3 0.765 0.18857142857142858 0.017142857142857144 0.02761904761904762
3 0.7935714285714286 0.1580952380952381 0.016428571428571428 0.025714285714285714
3 0.7485714285714286 0.06095238095238095 0.015714285714285715 0.02095238095238095
3 0.7471428571428571 0.017142857142857144 0.010714285714285714 0.015238095238095238
3 0.7664285714285715 0.04476190476190476 0.015 0.021904761904761906
3 0.7678571428571429 0.023809523809523808 0.014285714285714285 0.01904761904761905
3 0.7821428571428571 0.004761904761904762 0.011428571428571429 0.017142857142857144
3 0.7835714285714286 0.022857142857142857 0.012142857142857143 0.01619047619047619
3 0.7857142857142857 0.0419047619047619 0.014285714285714285 0.017142857142857144
3 0.7878571428571428 0.06761904761904762 0.013571428571428571 0.02095238095238095
3 0.7878571428571428 0.09047619047619047 0.014285714285714285 0.02095238095238095
3 0.79 0.11428571428571428 0.015 0.02095238095238095
3 0.7921428571428571 0.13714285714285715 0.017142857142857144 0.017142857142857144
3 0.7964285714285714 0.18666666666666668 0.019285714285714285 0.02761904761904762
1 0.8164285714285714 0.16952380952380952 0.0035714285714285713 0.015238095238095238
4 0.795 0.2866666666666667 0.011428571428571429 0.018095238095238095
1 0.7985714285714286 0.28476190476190477 0.007142857142857143 0.012380952380952381
3 0.8192857142857143 0.3923809523809524 0.025714285714285714 0.04
1 0.9564285714285714 0.621904761904762 0.012857142857142857 0.025714285714285714
1 0.9078571428571428 0.3323809523809524 0.004285714285714286 0.01904761904761905
1 0.9007142857142857 0.34285714285714286 0.004285714285714286 0.018095238095238095
3 0.9 0.19238095238095237 0.039285714285714285 0.02
3 0.9 0.1742857142857143 0.029285714285714286 0.01904761904761905
3 0.8707142857142857 0.10476190476190476 0.013571428571428571 0.02095238095238095
1 0.8885714285714286 0.13428571428571429 0.005714285714285714 0.024761904761904763
1 0.8885714285714286 0.0838095238095238 0.005714285714285714 0.012380952380952381
1 0.9028571428571428 0.08761904761904762 0.0035714285714285713 0.011428571428571429
1 0.8971428571428571 0.039047619047619046 0.0035714285714285713 0.015238095238095238
1 0.8764285714285714 0.05238095238095238 0.0035714285714285713 0.012380952380952381
1 0.9607142857142857 0.10952380952380952 0.005 0.015238095238095238
1 0.9678571428571429 0.11047619047619048 0.0035714285714285713 0.014285714285714285
1 0.98 0.11333333333333333 0.005 0.015238095238095238
1 0.9907142857142858 0.11523809523809524 0.002857142857142857 0.014285714285714285
1 0.9242857142857143 0.09333333333333334 0.0064285714285714285 0.01904761904761905
1 0.9057142857142857 0.03142857142857143 0.004285714285714286 0.014285714285714285
3 0.8664285714285714 0.0761904761904762 0.013571428571428571 0.02666666666666667
1 0.8257142857142857 0.0 0.004285714285714286 0.010476190476190476
1 0.8321428571428572 0.0 0.004285714285714286 0.009523809523809525
4 0.8435714285714285 0.0038095238095238095 0.010714285714285714 0.012380952380952381
3 0.8542857142857143 0.02666666666666667 0.02 0.014285714285714285
3 0.8535714285714285 0.05047619047619047 0.02 0.018095238095238095
3 0.8557142857142858 0.039047619047619046 0.019285714285714285 0.01619047619047619
1 0.8435714285714285 0.04285714285714286 0.005 0.017142857142857144
3 0.7071428571428572 0.0019047619047619048 0.014285714285714285 0.02
