1 0.3342857142857143 0.08952380952380952 0.012142857142857143 0.039047619047619046
1 0.205 0.26476190476190475 0.018571428571428572 0.039047619047619046
1 0.18857142857142858 0.28476190476190477 0.018571428571428572 0.03142857142857143
3 0.275 0.17238095238095238 0.035 0.08190476190476191
3 0.18928571428571428 0.058095238095238096 0.032857142857142856 0.06761904761904762
3 0.17214285714285715 0.10571428571428572 0.041428571428571426 0.06952380952380953
3 0.15428571428571428 0.16095238095238096 0.041428571428571426 0.07809523809523809
3 0.12714285714285714 0.2571428571428571 0.05285714285714286 0.08857142857142856
3 0.09071428571428572 0.34 0.06642857142857143 0.10857142857142857
3 0.055 0.43714285714285717 0.06714285714285714 0.12761904761904763
2 0.11071428571428571 0.5266666666666666 0.019285714285714285 0.05047619047619047
1 0.11285714285714285 0.5152380952380953 0.025714285714285714 0.035238095238095235
3 0.06357142857142857 0.6561904761904762 0.08714285714285715 0.16285714285714287
3 0.005 0.5885714285714285 0.07928571428571428 0.15619047619047619
3 0.0 0.8114285714285714 0.027857142857142858 0.1361904761904762
3 0.395 0.1019047619047619 0.027857142857142858 0.07047619047619047
3 0.4857142857142857 0.0019047619047619048 0.06428571428571428 0.03238095238095238
3 0.4942857142857143 0.024761904761904763 0.06571428571428571 0.035238095238095235
3 0.545 0.049523809523809526 0.052142857142857144 0.037142857142857144
4 0.5842857142857143 0.0019047619047619048 0.025714285714285714 0.018095238095238095
3 0.455 0.03333333333333333 0.07357142857142857 0.05619047619047619
3 0.5135714285714286 0.07047619047619047 0.075 0.05142857142857143
3 0.58 0.10952380952380952 0.065 0.04380952380952381
1 0.4471428571428571 0.05619047619047619 0.013571428571428571 0.03428571428571429
3 0.6271428571428571 0.2561904761904762 0.08214285714285714 0.04666666666666667
3 0.6542857142857142 0.3038095238095238 0.08714285714285715 0.06666666666666667
3 0.5635714285714286 0.33904761904761904 0.04285714285714286 0.08190476190476191
1 0.605 0.3161904761904762 0.011428571428571429 0.0419047619047619
3 0.5128571428571429 0.3438095238095238 0.047857142857142855 0.09238095238095238
3 0.49214285714285716 0.25333333333333335 0.04857142857142857 0.08952380952380952
3 0.35 0.30666666666666664 0.04285714285714286 0.11428571428571428
3 0.5828571428571429 0.7457142857142857 0.08 0.17809523809523808
3 0.6571428571428571 0.7314285714285714 0.07214285714285715 0.1676190476190476
3 0.505 0.9257142857142857 0.060714285714285714 0.07238095238095238
3 0.6035714285714285 0.9419047619047619 0.06928571428571428 0.05714285714285714
3 0.6892857142857143 0.9266666666666666 0.06785714285714285 0.07047619047619047
4 0.7485714285714286 0.4876190476190476 0.041428571428571426 0.02666666666666667
4 0.7464285714285714 0.4638095238095238 0.03571428571428571 0.03238095238095238
3 0.7492857142857143 0.5428571428571428 0.11642857142857142 0.0761904761904762
3 0.7814285714285715 0.62 0.11642857142857142 0.07238095238095238
1 0.8692857142857143 0.6885714285714286 0.03785714285714286 0.0380952380952381
3 0.7471428571428571 0.7752380952380953 0.09714285714285714 0.20761904761904762
2 0.9421428571428572 0.8885714285714286 0.05785714285714286 0.045714285714285714
