3 0.24714285714285714 0.8946700507614214 0.04357142857142857 0.07233502538071065
3 0.4857142857142857 0.42258883248730966 0.015 0.01903553299492386
3 0.52 0.3730964467005076 0.012142857142857143 0.01649746192893401
4 0.5442857142857143 0.4631979695431472 0.005 0.01649746192893401
1 0.545 0.45558375634517767 0.004285714285714286 0.01649746192893401
3 0.6235714285714286 0.2982233502538071 0.010714285714285714 0.015228426395939087
3 0.5892857142857143 0.29441624365482233 0.01 0.015228426395939087
3 0.5864285714285714 0.282994923857868 0.008571428571428572 0.013959390862944163
3 0.5864285714285714 0.26903553299492383 0.009285714285714286 0.011421319796954314
3 0.61 0.26649746192893403 0.007857142857142858 0.012690355329949238
8 0.6285714285714286 0.217005076142132 0.01 0.01903553299492386
