1 0.44 0.824 0.0265 0.08533333333333333
1 0.532 0.806 0.0215 0.07533333333333334
1 0.4915 0.6966666666666667 0.021 0.06466666666666666
1 0.521 0.68 0.0215 0.06866666666666667
1 0.601 0.6286666666666667 0.017 0.06066666666666667
1 0.558 0.628 0.018 0.05533333333333333
1 0.748 0.4706666666666667 0.0195 0.048
1 0.7855 0.4613333333333333 0.018 0.05333333333333334
1 0.7675 0.43 0.014 0.044
1 0.855 0.408 0.016 0.04933333333333333
1 0.9055 0.35933333333333334 0.0165 0.035333333333333335
1 0.9585 0.33 0.0135 0.029333333333333333
1 0.9775 0.24866666666666667 0.014 0.03
1 0.5765 0.5686666666666667 0.011 0.058
1 0.54 0.612 0.017 0.06266666666666666
1 0.473 0.6573333333333333 0.018 0.06
1 0.43 0.6966666666666667 0.021 0.06466666666666666
1 0.404 0.712 0.0275 0.07333333333333333
1 0.3595 0.6926666666666667 0.019 0.06533333333333333
1 0.366 0.39466666666666667 0.0145 0.044
1 0.9285 0.358 0.0115 0.035333333333333335
1 0.308 0.758 0.031 0.07533333333333334
1 0.194 0.5893333333333334 0.017 0.03933333333333333
1 0.187 0.5673333333333334 0.021 0.035333333333333335
1 0.164 0.5646666666666667 0.022 0.036
1 0.182 0.55 0.022 0.04466666666666667
1 0.398 0.35 0.0105 0.024
1 0.4125 0.3426666666666667 0.015 0.026
1 0.7055 0.456 0.0175 0.027333333333333334
1 0.7275 0.44333333333333336 0.0135 0.03266666666666666
1 0.6535 0.506 0.017 0.04666666666666667
1 0.625 0.682 0.0105 0.026
1 0.615 0.6746666666666666 0.014 0.03133333333333333
1 0.8305 0.408 0.018 0.034666666666666665
1 0.7885 0.402 0.0125 0.028
1 0.5345 0.8166666666666667 0.018 0.034
1 0.6265 0.6426666666666667 0.0195 0.06533333333333333
1 0.5175 0.636 0.0215 0.058666666666666666
1 0.518 0.5813333333333334 0.015 0.062
1 0.504 0.5726666666666667 0.0205 0.06333333333333334
1 0.5625 0.5433333333333333 0.016 0.052
1 0.562 0.5813333333333334 0.017 0.05466666666666667
1 0.4785 0.604 0.0225 0.048666666666666664
1 0.414 0.6613333333333333 0.0235 0.052
1 0.3535 0.6666666666666666 0.0175 0.06666666666666667
1 0.3945 0.6386666666666667 0.022 0.06
1 0.412 0.6393333333333333 0.0215 0.058666666666666666
1 0.4345 0.6406666666666667 0.0275 0.042666666666666665
1 0.447 0.7913333333333333 0.0295 0.07066666666666667
1 0.4265 0.772 0.0275 0.07266666666666667
1 0.8375 0.3526666666666667 0.014 0.036
1 0.866 0.228 0.007 0.024666666666666667
4 0.183 0.752 0.068 0.058
4 0.296 0.7746666666666666 0.059 0.06133333333333333
4 0.2855 0.41733333333333333 0.0195 0.04066666666666666
3 0.264 0.6113333333333333 0.0875 0.14466666666666667
3 0.875 0.41933333333333334 0.0735 0.05733333333333333
3 0.9455 0.43866666666666665 0.0545 0.06266666666666666
3 0.776 0.326 0.0825 0.05533333333333333
3 0.858 0.2833333333333333 0.06 0.04466666666666667
3 0.879 0.2813333333333333 0.0585 0.03933333333333333
3 0.9105 0.25266666666666665 0.063 0.04066666666666666
3 0.926 0.23933333333333334 0.054 0.035333333333333335
3 0.8745 0.228 0.0485 0.035333333333333335
3 0.8135 0.21933333333333332 0.045 0.028666666666666667
3 0.8855 0.2 0.0375 0.020666666666666667
3 0.9495 0.206 0.0435 0.026
3 0.783 0.18 0.033 0.02266666666666667
3 0.2285 0.20066666666666666 0.0295 0.02
3 0.2745 0.16466666666666666 0.017 0.018
3 0.097 0.14133333333333334 0.0225 0.014
3 0.1145 0.148 0.0175 0.012
8 0.1535 0.18133333333333335 0.0565 0.029333333333333333
6 0.241 0.15266666666666667 0.0295 0.027333333333333334
3 0.2205 0.15866666666666668 0.025 0.012666666666666666
3 0.206 0.15533333333333332 0.024 0.011333333333333334
3 0.191 0.14866666666666667 0.0185 0.009333333333333334
3 0.189 0.14666666666666667 0.0155 0.01
3 0.1845 0.146 0.017 0.01
8 0.167 0.13733333333333334 0.0285 0.016
8 0.1975 0.14666666666666667 0.0255 0.016
8 0.1565 0.13466666666666666 0.0245 0.014666666666666666
3 0.1435 0.14 0.0095 0.009333333333333334
3 0.1605 0.174 0.0305 0.014666666666666666
3 0.158 0.17133333333333334 0.023 0.013333333333333334
3 0.1215 0.178 0.029 0.013333333333333334
3 0.117 0.174 0.0245 0.014666666666666666
3 0.1135 0.17266666666666666 0.024 0.011333333333333334
3 0.1145 0.17 0.0265 0.013333333333333334
3 0.105 0.17066666666666666 0.0255 0.010666666666666666
3 0.101 0.168 0.028 0.010666666666666666
3 0.084 0.15266666666666667 0.027 0.012666666666666666
3 0.0765 0.15066666666666667 0.024 0.010666666666666666
3 0.0955 0.16133333333333333 0.0225 0.010666666666666666
3 0.094 0.16 0.02 0.01
3 0.097 0.164 0.025 0.013333333333333334
3 0.2355 0.212 0.036 0.015333333333333332
3 0.947 0.36 0.047 0.052
3 0.457 0.5153333333333333 0.1025 0.094
3 0.3985 0.4553333333333333 0.076 0.088
8 0.3055 0.43733333333333335 0.0985 0.082
