3 0.43214285714285716 0.839047619047619 0.085 0.13714285714285715
3 0.5121428571428571 0.7209523809523809 0.07285714285714286 0.11238095238095239
3 0.31785714285714284 0.2057142857142857 0.04214285714285714 0.035238095238095235
3 0.3414285714285714 0.2638095238095238 0.03857142857142857 0.03619047619047619
3 0.5 0.2704761904761905 0.032857142857142856 0.04
3 0.555 0.32285714285714284 0.05785714285714286 0.04476190476190476
8 0.0007142857142857143 0.06952380952380953 0.05071428571428571 0.05142857142857143
3 0.46714285714285714 0.3352380952380952 0.05785714285714286 0.04857142857142857
3 0.5307142857142857 0.3657142857142857 0.05857142857142857 0.047619047619047616
3 0.6007142857142858 0.4066666666666667 0.06428571428571428 0.05142857142857143
3 0.5964285714285714 0.37047619047619046 0.056428571428571425 0.04285714285714286
3 0.6142857142857143 0.35714285714285715 0.05714285714285714 0.04380952380952381
3 0.675 0.38761904761904764 0.06928571428571428 0.04857142857142857
3 0.7192857142857143 0.38285714285714284 0.05714285714285714 0.0419047619047619
3 0.755 0.37238095238095237 0.056428571428571425 0.04380952380952381
3 0.7692857142857142 0.3504761904761905 0.065 0.0380952380952381
3 0.7892857142857143 0.32571428571428573 0.052142857142857144 0.04
3 0.8078571428571428 0.2904761904761905 0.054285714285714284 0.03619047619047619
3 0.8257142857142857 0.27714285714285714 0.045714285714285714 0.03333333333333333
3 0.8278571428571428 0.26 0.052142857142857144 0.039047619047619046
3 0.8428571428571429 0.2523809523809524 0.04285714285714286 0.03333333333333333
3 0.8528571428571429 0.2438095238095238 0.05142857142857143 0.03333333333333333
3 0.8642857142857143 0.22857142857142856 0.05 0.02857142857142857
3 0.8757142857142857 0.21523809523809523 0.04642857142857143 0.02857142857142857
3 0.8828571428571429 0.2 0.052142857142857144 0.023809523809523808
3 0.8985714285714286 0.1838095238095238 0.03857142857142857 0.023809523809523808
3 0.9035714285714286 0.17238095238095238 0.04285714285714286 0.02666666666666667
3 0.9135714285714286 0.16 0.047857142857142855 0.030476190476190476
3 0.9285714285714286 0.15333333333333332 0.04357142857142857 0.022857142857142857
3 0.9357142857142857 0.1295238095238095 0.05071428571428571 0.03333333333333333
3 0.9485714285714286 0.11714285714285715 0.04285714285714286 0.025714285714285714
3 0.9664285714285714 0.11142857142857143 0.03214285714285714 0.023809523809523808
3 0.9778571428571429 0.09904761904761905 0.02142857142857143 0.018095238095238095
3 0.9735714285714285 0.08952380952380952 0.02642857142857143 0.01904761904761905
3 0.9742857142857143 0.2838095238095238 0.025714285714285714 0.03142857142857143
3 0.9721428571428572 0.3142857142857143 0.027857142857142858 0.04857142857142857
3 0.8964285714285715 0.319047619047619 0.03785714285714286 0.05714285714285714
3 0.9328571428571428 0.36952380952380953 0.041428571428571426 0.05904761904761905
3 0.9257142857142857 0.4114285714285714 0.041428571428571426 0.06095238095238095
3 0.9264285714285714 0.47333333333333333 0.07357142857142857 0.07428571428571429
3 0.9278571428571428 0.5876190476190476 0.07214285714285715 0.06
3 0.8464285714285714 0.62 0.04928571428571429 0.08476190476190476
3 0.81 0.7133333333333334 0.05785714285714286 0.10285714285714286
3 0.7635714285714286 0.8304761904761905 0.06928571428571428 0.1361904761904762
3 0.6278571428571429 0.48095238095238096 0.06785714285714285 0.07238095238095238
3 0.64 0.5419047619047619 0.055714285714285716 0.07238095238095238
3 0.5871428571428572 0.6257142857142857 0.054285714285714284 0.07809523809523809
