3 0.16 0.0 0.03142857142857143 0.014285714285714285
1 0.03857142857142857 0.2038095238095238 0.008571428571428572 0.008571428571428572
1 0.07785714285714286 0.2057142857142857 0.008571428571428572 0.009523809523809525
8 0.0 0.23904761904761904 0.017142857142857144 0.05333333333333334
3 0.0007142857142857143 0.3028571428571429 0.016428571428571428 0.045714285714285714
3 0.022857142857142857 0.23809523809523808 0.017142857142857144 0.04
8 0.0007142857142857143 0.42095238095238097 0.02 0.049523809523809526
8 0.020714285714285713 0.4057142857142857 0.02142857142857143 0.058095238095238096
8 0.09857142857142857 0.38857142857142857 0.023571428571428573 0.05619047619047619
3 0.18857142857142858 0.37238095238095237 0.016428571428571428 0.0380952380952381
3 0.32857142857142857 0.0 0.03214285714285714 0.017142857142857144
8 0.21785714285714286 0.19238095238095237 0.016428571428571428 0.05333333333333334
3 0.26142857142857145 0.2542857142857143 0.016428571428571428 0.040952380952380955
1 0.4235714285714286 0.14666666666666667 0.004285714285714286 0.009523809523809525
2 0.4585714285714286 0.1819047619047619 0.010714285714285714 0.005714285714285714
3 0.5435714285714286 0.13714285714285715 0.013571428571428571 0.0380952380952381
3 0.25214285714285717 0.3580952380952381 0.017142857142857144 0.04
3 0.27071428571428574 0.3514285714285714 0.015714285714285715 0.0380952380952381
3 0.3007142857142857 0.34476190476190477 0.015714285714285715 0.040952380952380955
1 0.3314285714285714 0.3942857142857143 0.005714285714285714 0.007619047619047619
1 0.3357142857142857 0.3904761904761905 0.005 0.006666666666666667
8 0.36214285714285716 0.21714285714285714 0.02142857142857143 0.06190476190476191
3 0.40285714285714286 0.22095238095238096 0.015 0.04380952380952381
3 0.5764285714285714 0.12285714285714286 0.017142857142857144 0.040952380952380955
3 0.3607142857142857 0.9019047619047619 0.030714285714285715 0.030476190476190476
3 0.45071428571428573 0.7942857142857143 0.016428571428571428 0.04285714285714286
3 0.5278571428571428 0.7771428571428571 0.015 0.040952380952380955
3 0.5807142857142857 0.7638095238095238 0.017142857142857144 0.04285714285714286
3 0.42714285714285716 0.6895238095238095 0.013571428571428571 0.037142857142857144
1 0.8607142857142858 0.022857142857142857 0.007142857142857143 0.010476190476190476
1 0.8221428571428572 0.04857142857142857 0.005714285714285714 0.010476190476190476
1 0.8664285714285714 0.039047619047619046 0.007142857142857143 0.007619047619047619
1 0.8492857142857143 0.045714285714285714 0.0064285714285714285 0.008571428571428572
1 0.8528571428571429 0.040952380952380955 0.007142857142857143 0.008571428571428572
1 0.8564285714285714 0.045714285714285714 0.0035714285714285713 0.006666666666666667
4 0.88 0.024761904761904763 0.007857142857142858 0.01619047619047619
4 0.8735714285714286 0.04 0.0064285714285714285 0.006666666666666667
2 0.9171428571428571 0.12285714285714286 0.015 0.03238095238095238
2 0.8657142857142858 0.18285714285714286 0.02642857142857143 0.012380952380952381
2 0.9071428571428571 0.040952380952380955 0.016428571428571428 0.03142857142857143
1 0.915 0.06857142857142857 0.005714285714285714 0.009523809523809525
1 0.8985714285714286 0.05904761904761905 0.008571428571428572 0.013333333333333334
1 0.885 0.05238095238095238 0.005 0.009523809523809525
1 0.8821428571428571 0.04476190476190476 0.0064285714285714285 0.015238095238095238
1 0.95 0.047619047619047616 0.005714285714285714 0.012380952380952381
4 0.9214285714285714 0.021904761904761906 0.012142857142857143 0.008571428571428572
1 0.9778571428571429 0.20952380952380953 0.009285714285714286 0.007619047619047619
1 0.9692857142857143 0.24 0.008571428571428572 0.006666666666666667
3 0.9821428571428571 0.7666666666666667 0.017857142857142856 0.04285714285714286
3 0.9385714285714286 0.7447619047619047 0.02642857142857143 0.0419047619047619
3 0.8664285714285714 0.6980952380952381 0.025 0.04285714285714286
3 0.8471428571428572 0.6857142857142857 0.023571428571428573 0.04285714285714286
3 0.8028571428571428 0.6619047619047619 0.020714285714285713 0.035238095238095235
3 0.7342857142857143 0.64 0.016428571428571428 0.040952380952380955
3 0.6807142857142857 0.74 0.016428571428571428 0.04285714285714286
3 0.6642857142857143 0.7457142857142857 0.014285714285714285 0.039047619047619046
3 0.6457142857142857 0.7485714285714286 0.015 0.04285714285714286
4 0.4828571428571429 0.7695238095238095 0.005714285714285714 0.014285714285714285
1 0.5607142857142857 0.7695238095238095 0.0035714285714285713 0.004761904761904762
3 0.6064285714285714 0.6533333333333333 0.015 0.039047619047619046
3 0.5692857142857143 0.6571428571428571 0.015 0.04380952380952381
8 0.7507142857142857 0.021904761904761906 0.047142857142857146 0.03619047619047619
8 0.7442857142857143 0.08761904761904762 0.041428571428571426 0.025714285714285714
8 0.7635714285714286 0.13428571428571429 0.022857142857142857 0.06285714285714286
3 0.7042857142857143 0.049523809523809526 0.03428571428571429 0.022857142857142857
3 0.7321428571428571 0.15714285714285714 0.012857142857142857 0.040952380952380955
3 0.6807142857142857 0.1676190476190476 0.015714285714285715 0.04
3 0.6628571428571428 0.17047619047619048 0.016428571428571428 0.040952380952380955
3 0.8421428571428572 0.25333333333333335 0.015 0.037142857142857144
3 0.7114285714285714 0.2638095238095238 0.017142857142857144 0.045714285714285714
3 0.6778571428571428 0.2761904761904762 0.015 0.037142857142857144
3 0.695 0.2704761904761905 0.015714285714285715 0.040952380952380955
3 0.6478571428571429 0.2723809523809524 0.016428571428571428 0.04380952380952381
3 0.6142857142857143 0.2866666666666667 0.015714285714285715 0.037142857142857144
3 0.5871428571428572 0.18761904761904763 0.014285714285714285 0.039047619047619046
3 0.6185714285714285 0.18095238095238095 0.015 0.04380952380952381
3 0.5664285714285714 0.18857142857142858 0.015714285714285715 0.0419047619047619
3 0.5335714285714286 0.1980952380952381 0.015714285714285715 0.04285714285714286
3 0.5171428571428571 0.2038095238095238 0.014285714285714285 0.040952380952380955
3 0.5464285714285714 0.3 0.015714285714285715 0.040952380952380955
8 0.5292857142857142 0.3057142857142857 0.013571428571428571 0.039047619047619046
1 0.43642857142857144 0.42095238095238097 0.0035714285714285713 0.005714285714285714
3 0.48714285714285716 0.20761904761904762 0.016428571428571428 0.040952380952380955
3 0.45357142857142857 0.20857142857142857 0.016428571428571428 0.049523809523809526
3 0.4707142857142857 0.21142857142857144 0.015 0.039047619047619046
3 0.5014285714285714 0.31142857142857144 0.013571428571428571 0.039047619047619046
3 0.485 0.3180952380952381 0.013571428571428571 0.03428571428571429
3 0.4185714285714286 0.3314285714285714 0.011428571428571429 0.03428571428571429
3 0.40214285714285714 0.3333333333333333 0.012142857142857143 0.035238095238095235
3 0.4664285714285714 0.31523809523809526 0.016428571428571428 0.0419047619047619
3 0.4492857142857143 0.32095238095238093 0.014285714285714285 0.040952380952380955
3 0.43214285714285716 0.32571428571428573 0.014285714285714285 0.04
4 0.635 0.5838095238095238 0.009285714285714286 0.008571428571428572
1 0.6378571428571429 0.5876190476190476 0.002857142857142857 0.006666666666666667
3 0.6092857142857143 0.7561904761904762 0.015 0.039047619047619046
