1 0.15 0.900952380952381 0.025 0.0419047619047619
1 0.16785714285714284 0.8904761904761904 0.02 0.0419047619047619
1 0.2621428571428571 0.6495238095238095 0.015 0.037142857142857144
1 0.42214285714285715 0.5885714285714285 0.013571428571428571 0.0380952380952381
1 0.6964285714285714 0.7285714285714285 0.02142857142857143 0.02857142857142857
1 0.5435714285714286 0.6847619047619048 0.019285714285714285 0.04666666666666667
1 0.3507142857142857 0.5323809523809524 0.011428571428571429 0.029523809523809525
1 0.6085714285714285 0.17523809523809525 0.002857142857142857 0.005714285714285714
4 0.6078571428571429 0.1761904761904762 0.005714285714285714 0.012380952380952381
4 0.1457142857142857 0.9104761904761904 0.04428571428571428 0.06476190476190476
2 0.26 0.6628571428571428 0.02142857142857143 0.04
2 0.34785714285714286 0.5438095238095239 0.015714285714285715 0.02666666666666667
2 0.5371428571428571 0.7038095238095238 0.03142857142857143 0.03333333333333333
4 0.41928571428571426 0.6057142857142858 0.015714285714285715 0.0380952380952381
2 0.6878571428571428 0.7390476190476191 0.04 0.049523809523809526
1 0.5428571428571428 0.6485714285714286 0.009285714285714286 0.04380952380952381
1 0.28214285714285714 0.4876190476190476 0.014285714285714285 0.030476190476190476
1 0.745 0.7380952380952381 0.02142857142857143 0.06761904761904762
1 0.78 0.7038095238095238 0.017857142857142856 0.05714285714285714
3 0.7592857142857142 0.49523809523809526 0.045 0.07333333333333333
3 0.8071428571428572 0.41904761904761906 0.04214285714285714 0.06476190476190476
3 0.8578571428571429 0.44952380952380955 0.045 0.05714285714285714
3 0.7364285714285714 0.44095238095238093 0.04428571428571428 0.049523809523809526
3 0.775 0.40476190476190477 0.03 0.039047619047619046
3 0.5642857142857143 0.32761904761904764 0.02142857142857143 0.03142857142857143
3 0.7964285714285714 0.35714285714285715 0.03357142857142857 0.04666666666666667
3 0.9078571428571428 0.23904761904761904 0.016428571428571428 0.018095238095238095
3 0.96 0.19523809523809524 0.012857142857142857 0.01619047619047619
3 0.8364285714285714 0.37523809523809526 0.03357142857142857 0.047619047619047616
3 0.7892857142857143 0.3342857142857143 0.03142857142857143 0.02857142857142857
3 0.6414285714285715 0.24571428571428572 0.037142857142857144 0.02
1 0.6942857142857143 0.2723809523809524 0.004285714285714286 0.02095238095238095
1 0.6385714285714286 0.24761904761904763 0.004285714285714286 0.017142857142857144
1 0.69 0.2219047619047619 0.0035714285714285713 0.01619047619047619
1 0.9828571428571429 0.17714285714285713 0.005714285714285714 0.014285714285714285
3 0.9414285714285714 0.17047619047619048 0.009285714285714286 0.013333333333333334
3 0.9528571428571428 0.1580952380952381 0.01 0.015238095238095238
3 0.9414285714285714 0.12380952380952381 0.011428571428571429 0.007619047619047619
3 0.6407142857142857 0.11047619047619048 0.0064285714285714285 0.008571428571428572
3 0.6214285714285714 0.11333333333333333 0.0064285714285714285 0.010476190476190476
1 0.38 0.44 0.007142857142857143 0.015238095238095238
1 0.4007142857142857 0.4057142857142857 0.007857142857142858 0.02666666666666667
1 0.4092857142857143 0.36 0.012142857142857143 0.03238095238095238
1 0.40285714285714286 0.3923809523809524 0.007142857142857143 0.024761904761904763
3 0.055 0.3523809523809524 0.05142857142857143 0.01904761904761905
3 0.07428571428571429 0.34095238095238095 0.054285714285714284 0.02
3 0.09714285714285714 0.32761904761904764 0.05142857142857143 0.021904761904761906
3 0.13142857142857142 0.2885714285714286 0.03571428571428571 0.02666666666666667
3 0.13642857142857143 0.31142857142857144 0.04071428571428572 0.024761904761904763
3 0.15785714285714286 0.2819047619047619 0.027857142857142858 0.021904761904761906
4 0.12 0.30666666666666664 0.007142857142857143 0.013333333333333334
1 0.38 0.38666666666666666 0.007857142857142858 0.01619047619047619
2 0.45357142857142857 0.32857142857142857 0.02 0.01619047619047619
2 0.4642857142857143 0.31142857142857144 0.014285714285714285 0.01904761904761905
2 0.4585714285714286 0.3219047619047619 0.017142857142857144 0.01904761904761905
1 0.49 0.37333333333333335 0.007142857142857143 0.03142857142857143
1 0.48142857142857143 0.30952380952380953 0.004285714285714286 0.018095238095238095
3 0.4742857142857143 0.3238095238095238 0.03571428571428571 0.04380952380952381
3 0.5321428571428571 0.29619047619047617 0.03428571428571429 0.06666666666666667
3 0.5607142857142857 0.24952380952380954 0.023571428571428573 0.02761904761904762
3 0.5735714285714286 0.24285714285714285 0.002857142857142857 0.011428571428571429
3 0.5435714285714286 0.24571428571428572 0.016428571428571428 0.02761904761904762
3 0.5521428571428572 0.23523809523809525 0.015714285714285715 0.018095238095238095
3 0.5007142857142857 0.29523809523809524 0.027142857142857142 0.039047619047619046
3 0.5257142857142857 0.2866666666666667 0.015 0.02095238095238095
3 0.4878571428571429 0.26476190476190475 0.02214285714285714 0.04857142857142857
3 0.5057142857142857 0.2723809523809524 0.04 0.023809523809523808
3 0.48857142857142855 0.25047619047619046 0.041428571428571426 0.02761904761904762
1 0.47928571428571426 0.26666666666666666 0.004285714285714286 0.013333333333333334
3 0.455 0.2580952380952381 0.02214285714285714 0.01619047619047619
3 0.6142857142857143 0.1457142857142857 0.005714285714285714 0.009523809523809525
3 0.6064285714285714 0.15428571428571428 0.012857142857142857 0.014285714285714285
2 0.59 0.19333333333333333 0.007142857142857143 0.008571428571428572
1 0.5921428571428572 0.18666666666666668 0.005 0.013333333333333334
3 0.6414285714285715 0.22476190476190477 0.03428571428571429 0.018095238095238095
3 0.6421428571428571 0.22476190476190477 0.032857142857142856 0.007619047619047619
3 0.6464285714285715 0.2180952380952381 0.030714285714285715 0.010476190476190476
3 0.6492857142857142 0.2123809523809524 0.029285714285714286 0.008571428571428572
3 0.6492857142857142 0.2019047619047619 0.02642857142857143 0.015238095238095238
3 0.6485714285714286 0.19523809523809524 0.029285714285714286 0.012380952380952381
3 0.6442857142857142 0.18476190476190477 0.032857142857142856 0.013333333333333334
8 0.605 0.1361904761904762 0.009285714285714286 0.014285714285714285
3 0.595 0.14095238095238094 0.009285714285714286 0.010476190476190476
3 0.5771428571428572 0.16 0.019285714285714285 0.010476190476190476
3 0.5735714285714286 0.1619047619047619 0.017857142857142856 0.011428571428571429
3 0.575 0.16857142857142857 0.015714285714285715 0.014285714285714285
3 0.5714285714285714 0.17238095238095238 0.016428571428571428 0.013333333333333334
3 0.5678571428571428 0.17714285714285713 0.014285714285714285 0.012380952380952381
1 0.6392857142857142 0.1761904761904762 0.004285714285714286 0.011428571428571429
1 0.6428571428571429 0.16666666666666666 0.004285714285714286 0.010476190476190476
1 0.6342857142857142 0.16666666666666666 0.002857142857142857 0.010476190476190476
1 0.6035714285714285 0.16285714285714287 0.0035714285714285713 0.014285714285714285
1 0.6085714285714285 0.16095238095238096 0.0035714285714285713 0.017142857142857144
2 0.7121428571428572 0.27904761904761904 0.017142857142857144 0.008571428571428572
