3 0.04071428571428572 0.7766497461928934 0.054285714285714284 0.13578680203045684
3 0.014285714285714285 0.5101522842639594 0.037142857142857144 0.06345177664974619
3 0.08857142857142856 0.5431472081218274 0.04642857142857143 0.09771573604060914
3 0.05285714285714286 0.4543147208121827 0.03571428571428571 0.048223350253807105
3 0.09285714285714286 0.33121827411167515 0.03642857142857143 0.05456852791878172
3 0.4085714285714286 0.14720812182741116 0.025714285714285714 0.05710659898477157
3 0.4564285714285714 0.050761421319796954 0.02142857142857143 0.04314720812182741
3 0.535 0.03426395939086294 0.018571428571428572 0.04568527918781726
3 0.07785714285714286 0.39086294416243655 0.03642857142857143 0.0532994923857868
3 0.11571428571428571 0.6015228426395939 0.030714285714285715 0.0850253807106599
3 0.4442857142857143 0.17385786802030456 0.023571428571428573 0.046954314720812185
3 0.3607142857142857 0.7588832487309645 0.047857142857142855 0.12690355329949238
4 0.4135714285714286 0.36928934010152287 0.012857142857142857 0.04060913705583756
3 0.165 0.33375634517766495 0.025714285714285714 0.0532994923857868
3 0.15642857142857142 0.21192893401015228 0.025 0.03680203045685279
3 0.1707142857142857 0.18781725888324874 0.020714285714285713 0.02918781725888325
3 0.17785714285714285 0.15609137055837563 0.024285714285714285 0.03553299492385787
3 0.19071428571428573 0.13705583756345177 0.020714285714285713 0.027918781725888325
3 0.22357142857142856 0.06725888324873096 0.017142857142857144 0.0266497461928934
3 0.23785714285714285 0.06598984771573604 0.017142857142857144 0.02284263959390863
3 0.2292857142857143 0.03553299492385787 0.02642857142857143 0.024111675126903553
3 0.24928571428571428 0.015228426395939087 0.015 0.025380710659898477
3 0.2571428571428571 0.008883248730964468 0.015714285714285715 0.017766497461928935
3 0.5814285714285714 0.25253807106598986 0.025 0.06472081218274112
3 0.6571428571428571 0.4987309644670051 0.03571428571428571 0.09644670050761421
3 0.5921428571428572 0.05964467005076142 0.02 0.03807106598984772
3 0.5835714285714285 0.0 0.016428571428571428 0.03426395939086294
1 0.8207142857142857 0.350253807106599 0.007142857142857143 0.03299492385786802
1 0.8157142857142857 0.3565989847715736 0.0064285714285714285 0.02918781725888325
1 0.795 0.3946700507614213 0.008571428571428572 0.027918781725888325
1 0.7842857142857143 0.3934010152284264 0.0064285714285714285 0.01649746192893401
1 0.735 0.36421319796954316 0.007857142857142858 0.013959390862944163
1 0.7357142857142858 0.35406091370558374 0.0064285714285714285 0.015228426395939087
1 0.7135714285714285 0.2703045685279188 0.004285714285714286 0.025380710659898477
1 0.7864285714285715 0.1967005076142132 0.0064285714285714285 0.0266497461928934
1 0.745 0.1598984771573604 0.0035714285714285713 0.024111675126903553
1 0.7492857142857143 0.15862944162436549 0.004285714285714286 0.025380710659898477
1 0.75 0.14213197969543148 0.004285714285714286 0.01903553299492386
1 0.7457142857142857 0.14086294416243655 0.0035714285714285713 0.021573604060913704
1 0.7092857142857143 0.25 0.005714285714285714 0.01903553299492386
1 0.7057142857142857 0.2512690355329949 0.002857142857142857 0.008883248730964468
1 0.7028571428571428 0.23857868020304568 0.0064285714285714285 0.017766497461928935
1 0.7207142857142858 0.22081218274111675 0.004285714285714286 0.01015228426395939
1 0.7107142857142857 0.20304568527918782 0.0035714285714285713 0.02284263959390863
1 0.7157142857142857 0.1967005076142132 0.004285714285714286 0.02284263959390863
1 0.7057142857142857 0.20431472081218274 0.004285714285714286 0.017766497461928935
1 0.695 0.20304568527918782 0.005 0.0266497461928934
1 0.7092857142857143 0.1865482233502538 0.005 0.017766497461928935
1 0.7407142857142858 0.1218274111675127 0.004285714285714286 0.02030456852791878
1 0.75 0.09390862944162437 0.0035714285714285713 0.02030456852791878
1 0.7464285714285714 0.09390862944162437 0.0035714285714285713 0.021573604060913704
1 0.7407142857142858 0.09137055837563451 0.005 0.01649746192893401
1 0.7428571428571429 0.05964467005076142 0.004285714285714286 0.01903553299492386
1 0.73 0.027918781725888325 0.005714285714285714 0.01903553299492386
1 0.7157142857142857 0.030456852791878174 0.0035714285714285713 0.01903553299492386
1 0.7128571428571429 0.030456852791878174 0.002142857142857143 0.01903553299492386
1 0.7271428571428571 0.011421319796954314 0.0035714285714285713 0.01649746192893401
1 0.7292857142857143 0.02030456852791878 0.005 0.013959390862944163
1 0.6964285714285714 0.0012690355329949238 0.005 0.012690355329949238
1 0.66 0.008883248730964468 0.004285714285714286 0.01015228426395939
1 0.6578571428571428 0.011421319796954314 0.0035714285714285713 0.006345177664974619
1 0.6392857142857142 0.015228426395939087 0.002857142857142857 0.007614213197969543
1 0.6414285714285715 0.015228426395939087 0.002857142857142857 0.007614213197969543
1 0.6421428571428571 0.015228426395939087 0.004285714285714286 0.007614213197969543
1 0.415 0.36928934010152287 0.009285714285714286 0.027918781725888325
1 0.9307142857142857 0.7398477157360406 0.012857142857142857 0.03426395939086294
1 0.9257142857142857 0.7309644670050761 0.01 0.03426395939086294
