1 0.4650313152400835 0.8877551020408163 0.015657620041753653 0.03710575139146568
3 0.44832985386221297 0.8701298701298701 0.054279749478079335 0.0640074211502783
1 0.4525052192066806 0.7894248608534323 0.010438413361169102 0.04267161410018553
2 0.45981210855949894 0.8126159554730983 0.019832985386221295 0.032467532467532464
2 0.477035490605428 0.7690166975881262 0.014091858037578288 0.029684601113172542
4 0.4838204592901879 0.839517625231911 0.02348643006263048 0.030612244897959183
4 0.46659707724425886 0.849721706864564 0.026096033402922755 0.029684601113172542
3 0.524008350730689 0.8358070500927643 0.0360125260960334 0.09369202226345083
2 0.5944676409185804 0.8042671614100185 0.02035490605427975 0.07328385899814471
2 0.5782881002087683 0.7142857142857143 0.014613778705636743 0.05380333951762523
2 0.5381002087682673 0.7077922077922078 0.020876826722338204 0.061224489795918366
2 0.4718162839248434 0.7142857142857143 0.037578288100208766 0.05287569573283859
4 0.482776617954071 0.6808905380333952 0.02348643006263048 0.02504638218923933
3 0.48643006263048016 0.6484230055658627 0.048538622129436326 0.04359925788497217
3 0.4932150313152401 0.6020408163265306 0.044363256784968684 0.04267161410018553
2 0.5725469728601252 0.512987012987013 0.02348643006263048 0.03525046382189239
2 0.5506263048016702 0.4684601113172542 0.022964509394572025 0.03525046382189239
4 0.5381002087682673 0.45732838589981445 0.015135699373695199 0.01948051948051948
4 0.5307933194154488 0.4424860853432282 0.014091858037578288 0.01948051948051948
4 0.5401878914405011 0.44063079777365494 0.016179540709812108 0.014842300556586271
1 0.5271398747390397 0.4174397031539889 0.006263048016701462 0.01855287569573284
1 0.6038622129436325 0.39239332096474955 0.005741127348643006 0.01855287569573284
1 0.6059498956158664 0.45269016697588127 0.006263048016701462 0.02040816326530612
1 0.5923799582463466 0.45454545454545453 0.006263048016701462 0.016697588126159554
1 0.5861169102296451 0.4749536178107607 0.005741127348643006 0.01855287569573284
1 0.6116910229645094 0.5463821892393321 0.007306889352818371 0.01948051948051948
4 0.6116910229645094 0.549165120593692 0.006784968684759917 0.02504638218923933
4 0.6059498956158664 0.4554730983302412 0.006263048016701462 0.023191094619666047
2 0.5850730688935282 0.4749536178107607 0.008872651356993737 0.026901669758812616
2 0.5902922755741128 0.45454545454545453 0.007828810020876827 0.023191094619666047
3 0.6675365344467641 0.536178107606679 0.05010438413361169 0.03710575139146568
4 0.6899791231732777 0.5686456400742115 0.01722338204592902 0.022263450834879406
4 0.697286012526096 0.564935064935065 0.016179540709812108 0.01948051948051948
1 0.7249478079331941 0.5538033395176253 0.005219206680584551 0.026901669758812616
1 0.7332985386221295 0.5500927643784786 0.005741127348643006 0.029684601113172542
4 0.721294363256785 0.608534322820037 0.02035490605427975 0.025974025974025976
4 0.7458246346555324 0.7374768089053804 0.020876826722338204 0.025974025974025976
4 0.7275574112734864 0.7736549165120594 0.02348643006263048 0.03153988868274583
4 0.7646137787056367 0.7931354359925789 0.02035490605427975 0.026901669758812616
3 0.7129436325678496 0.8061224489795918 0.0709812108559499 0.06029684601113173
1 0.6936325678496869 0.7949907235621522 0.008350730688935281 0.029684601113172542
1 0.7004175365344467 0.7968460111317254 0.011482254697286013 0.032467532467532464
1 0.7025052192066806 0.7987012987012987 0.007306889352818371 0.023191094619666047
2 0.691544885177453 0.7987012987012987 0.009394572025052192 0.027829313543599257
2 0.6998956158663883 0.800556586270872 0.009394572025052192 0.03710575139146568
3 0.7239039665970772 0.8589981447124304 0.08037578288100208 0.06679035250463822
4 0.7875782881002088 0.9322820037105751 0.028183716075156576 0.03432282003710575
4 0.7828810020876826 0.9489795918367347 0.030793319415448852 0.036178107606679034
1 0.7009394572025052 0.4294990723562152 0.005741127348643006 0.023191094619666047
1 0.5855949895615866 0.3515769944341373 0.006263048016701462 0.017625231910946195
1 0.5955114822546973 0.3320964749536178 0.0036534446764091857 0.012987012987012988
1 0.6247390396659708 0.33487940630797774 0.0041753653444676405 0.013914656771799629
1 0.6393528183716075 0.3423005565862709 0.0041753653444676405 0.01948051948051948
4 0.5949895615866388 0.3358070500927644 0.004697286012526096 0.013914656771799629
4 0.6252609603340292 0.33766233766233766 0.0041753653444676405 0.014842300556586271
4 0.6372651356993737 0.34879406307977734 0.008872651356993737 0.011131725417439703
1 0.627348643006263 0.300556586270872 0.0041753653444676405 0.00927643784786642
4 0.6268267223382046 0.30241187384044527 0.005219206680584551 0.012059369202226345
2 0.6252609603340292 0.24953617810760667 0.006784968684759917 0.012987012987012988
2 0.6242171189979123 0.24582560296846012 0.007828810020876827 0.013914656771799629
1 0.5433194154488518 0.3302411873840445 0.004697286012526096 0.016697588126159554
1 0.5422755741127349 0.32560296846011133 0.003131524008350731 0.014842300556586271
3 0.5407098121085595 0.2857142857142857 0.02244258872651357 0.017625231910946195
3 0.5568893528183716 0.24211502782931354 0.014613778705636743 0.02040816326530612
3 0.5808977035490606 0.24489795918367346 0.009394572025052192 0.017625231910946195
3 0.5882045929018789 0.20222634508348794 0.007828810020876827 0.012987012987012988
1 0.6169102296450939 0.24025974025974026 0.0026096033402922755 0.008348794063079777
1 0.6163883089770354 0.22820037105751392 0.0036534446764091857 0.01020408163265306
1 0.6205636743215032 0.22820037105751392 0.0026096033402922755 0.01020408163265306
1 0.605427974947808 0.22170686456400743 0.003131524008350731 0.00927643784786642
1 0.6174321503131524 0.21057513914656772 0.0020876826722338203 0.006493506493506494
1 0.6132567849686847 0.20500927643784786 0.0026096033402922755 0.008348794063079777
1 0.6127348643006263 0.19202226345083487 0.0020876826722338203 0.00927643784786642
1 0.610125260960334 0.2077922077922078 0.0026096033402922755 0.006493506493506494
1 0.6236951983298539 0.22912801484230055 0.0020876826722338203 0.01020408163265306
1 0.6247390396659708 0.22912801484230055 0.0020876826722338203 0.011131725417439703
4 0.6169102296450939 0.24304267161410018 0.0026096033402922755 0.0074211502782931356
4 0.615866388308977 0.22912801484230055 0.0041753653444676405 0.01020408163265306
4 0.6205636743215032 0.2300556586270872 0.003131524008350731 0.00927643784786642
4 0.6049060542797495 0.22263450834879406 0.0041753653444676405 0.00927643784786642
4 0.610125260960334 0.20871985157699444 0.0026096033402922755 0.008348794063079777
4 0.6169102296450939 0.21150278293135436 0.003131524008350731 0.008348794063079777
4 0.6122129436325678 0.19387755102040816 0.0026096033402922755 0.008348794063079777
2 0.6132567849686847 0.20593692022263452 0.003131524008350731 0.0074211502782931356
2 0.6106471816283925 0.21706864564007422 0.005219206680584551 0.012987012987012988
2 0.6216075156576201 0.21428571428571427 0.005741127348643006 0.012059369202226345
3 0.6189979123173278 0.19387755102040816 0.006263048016701462 0.01020408163265306
2 0.5965553235908142 0.1901669758812616 0.0041753653444676405 0.01020408163265306
2 0.6153444676409185 0.17532467532467533 0.005219206680584551 0.01020408163265306
2 0.6153444676409185 0.16975881261595546 0.005219206680584551 0.011131725417439703
3 0.6153444676409185 0.1567717996289425 0.006263048016701462 0.00927643784786642
3 0.6143006263048016 0.150278293135436 0.005219206680584551 0.01020408163265306
3 0.6127348643006263 0.14656771799628943 0.0036534446764091857 0.006493506493506494
3 0.6127348643006263 0.14007421150278293 0.0036534446764091857 0.006493506493506494
3 0.6002087682672234 0.12987012987012986 0.005219206680584551 0.008348794063079777
1 0.6127348643006263 0.1790352504638219 0.0020876826722338203 0.0055658627087198514
1 0.6106471816283925 0.15306122448979592 0.0015657620041753654 0.0055658627087198514
1 0.6033402922755741 0.15862708719851576 0.0020876826722338203 0.006493506493506494
1 0.6012526096033403 0.1567717996289425 0.0010438413361169101 0.00463821892393321
1 0.5970772442588727 0.15584415584415584 0.0020876826722338203 0.0055658627087198514
4 0.6122129436325678 0.18089053803339517 0.0020876826722338203 0.006493506493506494
4 0.610125260960334 0.1549165120593692 0.0026096033402922755 0.00463821892393321
4 0.6033402922755741 0.15955473098330242 0.0020876826722338203 0.006493506493506494
4 0.6007306889352818 0.15769944341372913 0.0020876826722338203 0.00463821892393321
4 0.5970772442588727 0.1567717996289425 0.0020876826722338203 0.0055658627087198514
2 0.5949895615866388 0.1614100185528757 0.003131524008350731 0.008348794063079777
2 0.5934237995824635 0.16883116883116883 0.0036534446764091857 0.006493506493506494
1 0.6116910229645094 0.16883116883116883 0.0020876826722338203 0.00463821892393321
2 0.6122129436325678 0.16975881261595546 0.0026096033402922755 0.0055658627087198514
