3 0.41 0.1761904761904762 0.05357142857142857 0.11333333333333333
3 0.58 0.08095238095238096 0.06142857142857143 0.08952380952380952
3 0.7335714285714285 0.4942857142857143 0.10285714285714286 0.1819047619047619
3 0.4878571428571429 0.2885714285714286 0.05285714285714286 0.11714285714285715
3 0.4307142857142857 0.44285714285714284 0.07642857142857143 0.1961904761904762
1 0.12785714285714286 0.26571428571428574 0.029285714285714286 0.04
1 0.08071428571428571 0.28476190476190477 0.03428571428571429 0.047619047619047616
1 0.1 0.4676190476190476 0.037142857142857144 0.045714285714285714
1 0.10714285714285714 0.5723809523809524 0.03357142857142857 0.04380952380952381
1 0.8414285714285714 0.0380952380952381 0.02214285714285714 0.045714285714285714
1 0.9114285714285715 0.01619047619047619 0.03142857142857143 0.05142857142857143
1 0.9435714285714286 0.36857142857142855 0.02 0.0380952380952381
1 0.3028571428571429 0.37523809523809526 0.027857142857142858 0.037142857142857144
1 0.3028571428571429 0.3619047619047619 0.025 0.04
1 0.2342857142857143 0.47523809523809524 0.03214285714285714 0.04857142857142857
1 0.31642857142857145 0.7266666666666667 0.03142857142857143 0.06285714285714286
1 0.03357142857142857 0.40476190476190477 0.03214285714285714 0.035238095238095235
1 0.30214285714285716 0.4714285714285714 0.025 0.06666666666666667
1 0.08571428571428572 0.46476190476190476 0.03142857142857143 0.04476190476190476
4 0.32 0.7342857142857143 0.025714285714285714 0.08666666666666667
4 0.23714285714285716 0.4847619047619048 0.025714285714285714 0.05619047619047619
4 0.30642857142857144 0.3761904761904762 0.02 0.05142857142857143
4 0.04285714285714286 0.4057142857142857 0.02214285714285714 0.05142857142857143
4 0.9271428571428572 0.3761904761904762 0.037142857142857144 0.049523809523809526
4 0.7221428571428572 0.12476190476190477 0.02142857142857143 0.0380952380952381
4 0.8757142857142857 0.01619047619047619 0.04071428571428572 0.035238095238095235
4 0.0 0.8609523809523809 0.055714285714285716 0.03238095238095238
1 0.8757142857142857 0.3057142857142857 0.02 0.0380952380952381
1 0.32142857142857145 0.2638095238095238 0.02 0.037142857142857144
2 0.8635714285714285 0.3161904761904762 0.03142857142857143 0.04857142857142857
2 0.32357142857142857 0.27714285714285714 0.016428571428571428 0.04380952380952381
1 0.8892857142857142 0.0038095238095238095 0.02 0.037142857142857144
1 0.7307142857142858 0.11619047619047619 0.015714285714285715 0.0380952380952381
4 0.24857142857142858 0.12571428571428572 0.015714285714285715 0.047619047619047616
4 0.2892857142857143 0.09428571428571429 0.025714285714285714 0.06095238095238095
1 0.24928571428571428 0.12857142857142856 0.014285714285714285 0.03619047619047619
1 0.2957142857142857 0.11047619047619048 0.012857142857142857 0.022857142857142857
1 0.17214285714285715 0.11333333333333333 0.017142857142857144 0.030476190476190476
1 0.14857142857142858 0.10380952380952381 0.027857142857142858 0.045714285714285714
