6 0.598643006263048 0.6836734693877551 0.11586638830897704 0.24025974025974026
6 0.46085594989561585 0.8998144712430427 0.10177453027139875 0.09925788497217068
3 0.4144050104384134 0.7170686456400742 0.05741127348643006 0.07699443413729128
3 0.541231732776618 0.577922077922078 0.0407098121085595 0.0640074211502783
3 0.4812108559498956 0.6410018552875696 0.03966597077244259 0.07421150278293136
4 0.39613778705636743 0.7170686456400742 0.02035490605427975 0.030612244897959183
4 0.5208768267223383 0.5955473098330241 0.010438413361169102 0.026901669758812616
4 0.5772442588726514 0.5278293135435993 0.02035490605427975 0.02411873840445269
4 0.5751565762004175 0.5111317254174397 0.010438413361169102 0.029684601113172542
4 0.5652400835073069 0.5426716141001855 0.013048016701461378 0.025974025974025976
2 0.45772442588726514 0.6679035250463822 0.013048016701461378 0.026901669758812616
1 0.3768267223382046 0.7263450834879406 0.011482254697286013 0.02411873840445269
1 0.5041753653444676 0.614100185528757 0.006784968684759917 0.026901669758812616
1 0.5109603340292276 0.6289424860853432 0.007828810020876827 0.023191094619666047
6 0.8731732776617954 0.2662337662337662 0.038622129436325675 0.06586270871985157
3 0.8063674321503131 0.300556586270872 0.016179540709812108 0.03710575139146568
3 0.8241127348643006 0.24304267161410018 0.02139874739039666 0.02040816326530612
3 0.8209812108559499 0.23933209647495363 0.02348643006263048 0.02504638218923933
3 0.8355949895615866 0.22727272727272727 0.020876826722338204 0.01948051948051948
3 0.8596033402922756 0.18460111317254174 0.024530271398747392 0.03153988868274583
3 0.8799582463465553 0.21335807050092764 0.015135699373695199 0.01948051948051948
1 0.7875782881002088 0.323747680890538 0.004697286012526096 0.02040816326530612
1 0.7922755741127349 0.300556586270872 0.006784968684759917 0.02504638218923933
1 0.8053235908141962 0.3460111317254174 0.0026096033402922755 0.013914656771799629
2 0.8021920668058455 0.349721706864564 0.0041753653444676405 0.01948051948051948
1 0.4671189979123173 0.6076066790352505 0.005741127348643006 0.011131725417439703
4 0.46450939457202506 0.6205936920222634 0.013569937369519834 0.015769944341372914
2 0.6419624217118998 0.4452690166975881 0.013048016701461378 0.016697588126159554
1 0.6184759916492694 0.43042671614100186 0.0041753653444676405 0.01948051948051948
1 0.6132567849686847 0.42857142857142855 0.0041753653444676405 0.022263450834879406
4 0.6534446764091858 0.43413729128014844 0.013048016701461378 0.008348794063079777
1 0.6805845511482255 0.5055658627087198 0.0041753653444676405 0.01020408163265306
4 0.6774530271398748 0.5166975881261595 0.009916492693110648 0.015769944341372914
1 0.4488517745302714 0.6094619666048238 0.005741127348643006 0.011131725417439703
1 0.524008350730689 0.5380333951762524 0.010438413361169102 0.014842300556586271
4 0.4754697286012526 0.6354359925788498 0.013569937369519834 0.026901669758812616
