3 0.08142857142857143 0.9416243654822335 0.03785714285714286 0.05456852791878172
3 0.11857142857142858 0.9098984771573604 0.032857142857142856 0.044416243654822336
3 0.15285714285714286 0.9263959390862944 0.032857142857142856 0.04568527918781726
3 0.21071428571428572 0.8908629441624365 0.03214285714285714 0.024111675126903553
3 0.2571428571428571 0.8426395939086294 0.024285714285714285 0.04949238578680203
3 0.40714285714285714 0.7220812182741116 0.027857142857142858 0.03807106598984772
3 0.4407142857142857 0.6916243654822335 0.030714285714285715 0.04060913705583756
3 0.4328571428571429 0.6611675126903553 0.029285714285714286 0.03807106598984772
3 0.47928571428571426 0.6573604060913706 0.03 0.04060913705583756
3 0.5321428571428571 0.7119289340101523 0.02642857142857143 0.03934010152284264
3 0.5628571428571428 0.6738578680203046 0.02642857142857143 0.03807106598984772
3 0.5121428571428571 0.6281725888324873 0.027142857142857142 0.03934010152284264
3 0.5442857142857143 0.5634517766497462 0.02642857142857143 0.03426395939086294
3 0.6107142857142858 0.6053299492385786 0.025714285714285714 0.03807106598984772
3 0.6364285714285715 0.5609137055837563 0.020714285714285713 0.044416243654822336
3 0.6592857142857143 0.5380710659898477 0.015 0.050761421319796954
3 0.6235714285714286 0.4733502538071066 0.022857142857142857 0.03426395939086294
6 0.6642857142857143 0.4733502538071066 0.027857142857142858 0.025380710659898477
3 0.7342857142857143 0.3870558375634518 0.025 0.03680203045685279
3 0.7635714285714286 0.2182741116751269 0.012857142857142857 0.04060913705583756
6 0.8528571428571429 0.1598984771573604 0.032857142857142856 0.05203045685279188
3 0.9242857142857143 0.0799492385786802 0.02142857142857143 0.0266497461928934
3 0.155 0.43781725888324874 0.030714285714285715 0.03426395939086294
3 0.2257142857142857 0.40482233502538073 0.022857142857142857 0.027918781725888325
3 0.28214285714285714 0.3769035532994924 0.02142857142857143 0.0266497461928934
3 0.30642857142857144 0.3604060913705584 0.022857142857142857 0.027918781725888325
