1 0.36899791231732776 0.9359925788497218 0.007306889352818371 0.01855287569573284
1 0.3721294363256785 0.9285714285714286 0.005741127348643006 0.017625231910946195
4 0.36795407098121086 0.9499072356215214 0.007306889352818371 0.02411873840445269
1 0.47755741127348644 0.75139146567718 0.006263048016701462 0.017625231910946195
1 0.40970772442588727 0.7866419294990723 0.007828810020876827 0.02504638218923933
4 0.4091858037578288 0.7903525046382189 0.009916492693110648 0.03153988868274583
4 0.47494780793319413 0.7625231910946196 0.009916492693110648 0.027829313543599257
3 0.5610647181628392 0.14007421150278293 0.010960334029227558 0.016697588126159554
3 0.5464509394572025 0.12430426716141002 0.006784968684759917 0.015769944341372914
3 0.4081419624217119 0.08441558441558442 0.007828810020876827 0.012059369202226345
3 0.41388308977035493 0.07328385899814471 0.007306889352818371 0.011131725417439703
3 0.401356993736952 0.0287569573283859 0.006784968684759917 0.00927643784786642
3 0.4175365344467641 0.029684601113172542 0.007828810020876827 0.011131725417439703
3 0.42066805845511485 0.04916512059369202 0.008872651356993737 0.008348794063079777
