3 0.3157142857142857 0.7485714285714286 0.15357142857142858 0.25142857142857145
3 0.5 0.7428571428571429 0.11857142857142858 0.2571428571428571
3 0.72 0.5885714285714285 0.13857142857142857 0.22
3 0.6971428571428572 0.45714285714285713 0.07928571428571428 0.10857142857142857
3 0.5571428571428572 0.4066666666666667 0.05785714285714286 0.09238095238095238
3 0.062142857142857146 0.64 0.18785714285714286 0.2619047619047619
3 0.22857142857142856 0.5104761904761905 0.115 0.13714285714285715
3 0.12714285714285714 0.41904761904761906 0.12785714285714286 0.07238095238095238
3 0.21642857142857144 0.3161904761904762 0.06357142857142857 0.08571428571428572
3 0.685 0.3761904761904762 0.062142857142857146 0.08476190476190476
3 0.6778571428571428 0.31523809523809526 0.055714285714285716 0.06476190476190476
3 0.6757142857142857 0.2714285714285714 0.041428571428571426 0.04857142857142857
3 0.6614285714285715 0.22476190476190477 0.039285714285714285 0.05238095238095238
3 0.5471428571428572 0.25047619047619046 0.041428571428571426 0.05904761904761905
3 0.5828571428571429 0.2219047619047619 0.03214285714285714 0.04380952380952381
3 0.5378571428571428 0.2257142857142857 0.029285714285714286 0.0419047619047619
3 0.5328571428571428 0.2 0.04 0.040952380952380955
3 0.5628571428571428 0.18666666666666668 0.045 0.040952380952380955
3 0.6185714285714285 0.14952380952380953 0.037142857142857144 0.047619047619047616
3 0.36 0.3076190476190476 0.05857142857142857 0.09142857142857143
3 0.3992857142857143 0.28 0.05142857142857143 0.07714285714285714
3 0.29714285714285715 0.26571428571428574 0.054285714285714284 0.058095238095238096
3 0.11214285714285714 0.25523809523809526 0.056428571428571425 0.05238095238095238
3 0.14857142857142858 0.2580952380952381 0.05785714285714286 0.05238095238095238
3 0.185 0.26285714285714284 0.07071428571428572 0.05619047619047619
3 0.24285714285714285 0.26761904761904765 0.055714285714285716 0.054285714285714284
1 0.3 0.22952380952380952 0.017857142857142856 0.045714285714285714
3 0.21785714285714286 0.19714285714285715 0.04071428571428572 0.05333333333333334
3 0.25857142857142856 0.2019047619047619 0.04428571428571428 0.049523809523809526
3 0.29642857142857143 0.2 0.04642857142857143 0.06190476190476191
3 0.33285714285714285 0.21142857142857144 0.04 0.05523809523809524
3 0.365 0.2276190476190476 0.07642857142857143 0.05142857142857143
3 0.475 0.17523809523809525 0.02642857142857143 0.0419047619047619
3 0.5742857142857143 0.13904761904761906 0.03214285714285714 0.02666666666666667
3 0.5221428571428571 0.14095238095238094 0.03214285714285714 0.029523809523809525
3 0.5357142857142857 0.12095238095238095 0.027142857142857142 0.02761904761904762
3 0.5242857142857142 0.11904761904761904 0.027857142857142858 0.022857142857142857
3 0.7957142857142857 0.8714285714285714 0.15428571428571428 0.12857142857142856
