8 0.8376826722338204 0.6512059369202227 0.044363256784968684 0.1150278293135436
3 0.9671189979123174 0.6168831168831169 0.030793319415448852 0.05658627087198516
3 0.907098121085595 0.424860853432282 0.029227557411273485 0.039888682745825604
3 0.9509394572025052 0.461038961038961 0.029227557411273485 0.05194805194805195
3 0.9786012526096033 0.487012987012987 0.020876826722338204 0.05102040816326531
3 0.9874739039665971 0.40538033395176254 0.012004175365344467 0.03896103896103896
3 0.901356993736952 0.336734693877551 0.0255741127348643 0.04081632653061224
1 0.8209812108559499 0.18274582560296845 0.005741127348643006 0.01948051948051948
1 0.8736951983298539 0.11873840445269017 0.004697286012526096 0.01855287569573284
1 0.8674321503131524 0.11131725417439703 0.005219206680584551 0.016697588126159554
3 0.2740083507306889 0.6948051948051948 0.03653444676409186 0.061224489795918366
3 0.25156576200417535 0.5278293135435993 0.038622129436325675 0.04638218923933209
3 0.3475991649269311 0.4202226345083488 0.033402922755741124 0.04081632653061224
1 0.4859081419624217 0.45640074211502785 0.006784968684759917 0.025974025974025976
1 0.5605427974947808 0.24953617810760667 0.004697286012526096 0.02040816326530612
1 0.56419624217119 0.2634508348794063 0.003131524008350731 0.02040816326530612
3 0.477035490605428 0.24768089053803338 0.030271398747390398 0.0287569573283859
3 0.48538622129436326 0.23654916512059368 0.028183716075156576 0.026901669758812616
3 0.395615866388309 0.2884972170686456 0.029749478079331943 0.03525046382189239
2 0.4373695198329854 0.23562152133580705 0.015657620041753653 0.023191094619666047
3 0.395615866388309 0.20037105751391465 0.021920668058455117 0.029684601113172542
3 0.3846555323590814 0.19294990723562153 0.021920668058455117 0.027829313543599257
3 0.6195198329853863 0.08256029684601113 0.016701461377870562 0.023191094619666047
3 0.6356993736951984 0.07328385899814471 0.020876826722338204 0.017625231910946195
3 0.6555323590814196 0.0575139146567718 0.020876826722338204 0.02040816326530612
3 0.6524008350730689 0.02040816326530612 0.01826722338204593 0.01855287569573284
3 0.6654488517745303 0.011131725417439703 0.019832985386221295 0.016697588126159554
1 0.1403966597077244 0.3821892393320965 0.006784968684759917 0.02040816326530612
1 0.14822546972860126 0.38404452690166974 0.004697286012526096 0.013914656771799629
3 0.09342379958246347 0.41836734693877553 0.024008350730688934 0.041743970315398886
3 0.054801670146137786 0.32838589981447125 0.022964509394572025 0.03432282003710575
2 0.0 0.2625231910946197 0.010960334029227558 0.0287569573283859
3 0.0 0.5890538033395176 0.029227557411273485 0.055658627087198514
3 0.0 0.6317254174397031 0.03496868475991649 0.05194805194805195
3 0.0 0.6753246753246753 0.061586638830897704 0.07421150278293136
6 0.27244258872651356 0.8896103896103896 0.07306889352818371 0.10946196660482375
