3 0.4235714285714286 0.030476190476190476 0.012142857142857143 0.025714285714285714
3 0.48928571428571427 0.07523809523809524 0.013571428571428571 0.029523809523809525
3 0.4835714285714286 0.2714285714285714 0.017142857142857144 0.0380952380952381
3 0.48142857142857143 0.36666666666666664 0.017857142857142856 0.04666666666666667
3 0.5007142857142857 0.44857142857142857 0.019285714285714285 0.05238095238095238
3 0.4707142857142857 0.6371428571428571 0.024285714285714285 0.06571428571428571
3 0.49642857142857144 0.7085714285714285 0.023571428571428573 0.06952380952380953
3 0.7157142857142857 0.9333333333333333 0.062142857142857146 0.04285714285714286
3 0.48642857142857143 0.9552380952380952 0.025 0.04476190476190476
3 0.45285714285714285 0.9733333333333334 0.023571428571428573 0.02666666666666667
3 0.4878571428571429 0.1657142857142857 0.013571428571428571 0.03238095238095238
3 0.9471428571428572 0.940952380952381 0.05285714285714286 0.04285714285714286
8 0.8278571428571428 0.9257142857142857 0.12571428571428572 0.06190476190476191
3 0.4164285714285714 0.0838095238095238 0.013571428571428571 0.02857142857142857
3 0.44571428571428573 0.11142857142857143 0.012857142857142857 0.03333333333333333
2 0.13857142857142857 0.9676190476190476 0.020714285714285713 0.017142857142857144
2 0.535 0.3761904761904762 0.007142857142857143 0.018095238095238095
2 0.47785714285714287 0.16857142857142857 0.005 0.017142857142857144
2 0.47785714285714287 0.19428571428571428 0.004285714285714286 0.017142857142857144
4 0.46785714285714286 0.35714285714285715 0.007142857142857143 0.01904761904761905
4 0.48214285714285715 0.49333333333333335 0.008571428571428572 0.02666666666666667
4 0.6378571428571429 0.9647619047619047 0.025 0.022857142857142857
2 0.5778571428571428 0.979047619047619 0.04214285714285714 0.02095238095238095
4 0.4807142857142857 0.11619047619047619 0.005 0.01619047619047619
4 0.5078571428571429 0.2923809523809524 0.009285714285714286 0.02761904761904762
1 0.42214285714285715 0.5057142857142857 0.0064285714285714285 0.017142857142857144
1 0.4564285714285714 0.04666666666666667 0.004285714285714286 0.014285714285714285
1 0.43357142857142855 0.1019047619047619 0.004285714285714286 0.013333333333333334
1 0.43714285714285717 0.1 0.004285714285714286 0.017142857142857144
1 0.39714285714285713 0.7371428571428571 0.007142857142857143 0.013333333333333334
1 0.40214285714285714 0.7295238095238096 0.01 0.018095238095238095
1 0.4135714285714286 0.7295238095238096 0.005714285714285714 0.013333333333333334
1 0.4135714285714286 0.72 0.007142857142857143 0.012380952380952381
1 0.4207142857142857 0.7209523809523809 0.007142857142857143 0.015238095238095238
1 0.7571428571428571 0.8923809523809524 0.016428571428571428 0.012380952380952381
1 0.4692857142857143 0.3580952380952381 0.005714285714285714 0.012380952380952381
1 0.4828571428571429 0.4990476190476191 0.0064285714285714285 0.010476190476190476
1 0.485 0.4942857142857143 0.005 0.012380952380952381
1 0.5871428571428572 0.981904761904762 0.010714285714285714 0.011428571428571429
1 0.6478571428571429 0.9647619047619047 0.011428571428571429 0.022857142857142857
1 0.4785714285714286 0.19523809523809524 0.0035714285714285713 0.009523809523809525
1 0.4785714285714286 0.16857142857142857 0.0035714285714285713 0.010476190476190476
1 0.48142857142857143 0.11619047619047619 0.0035714285714285713 0.009523809523809525
1 0.535 0.3780952380952381 0.0064285714285714285 0.010476190476190476
