1 0.43357142857142855 0.4114285714285714 0.017142857142857144 0.02095238095238095
1 0.3707142857142857 0.4990476190476191 0.012142857142857143 0.023809523809523808
1 0.6671428571428571 0.02857142857142857 0.005 0.009523809523809525
1 0.6857142857142857 0.03238095238095238 0.005714285714285714 0.009523809523809525
1 0.7035714285714286 0.0419047619047619 0.004285714285714286 0.010476190476190476
1 0.6942857142857143 0.06 0.004285714285714286 0.010476190476190476
1 0.7135714285714285 0.06952380952380953 0.0064285714285714285 0.015238095238095238
1 0.8964285714285715 0.1380952380952381 0.008571428571428572 0.013333333333333334
4 0.41214285714285714 0.4123809523809524 0.04357142857142857 0.035238095238095235
4 0.35428571428571426 0.4961904761904762 0.037142857142857144 0.04476190476190476
4 0.6621428571428571 0.02761904761904762 0.012857142857142857 0.029523809523809525
4 0.6807142857142857 0.030476190476190476 0.017142857142857144 0.024761904761904763
4 0.7007142857142857 0.049523809523809526 0.014285714285714285 0.017142857142857144
4 0.6878571428571428 0.06 0.012857142857142857 0.018095238095238095
4 0.7085714285714285 0.07428571428571429 0.015714285714285715 0.022857142857142857
4 0.8835714285714286 0.14285714285714285 0.019285714285714285 0.021904761904761906
3 0.735 0.025714285714285714 0.05071428571428571 0.047619047619047616
3 0.7628571428571429 0.0 0.03214285714285714 0.024761904761904763
8 0.7114285714285714 0.0 0.06714285714285714 0.03238095238095238
1 0.9178571428571428 0.0019047619047619048 0.007142857142857143 0.021904761904761906
1 0.8221428571428572 0.037142857142857144 0.011428571428571429 0.02857142857142857
1 0.8392857142857143 0.007619047619047619 0.007857142857142858 0.023809523809523808
1 0.8492857142857143 0.010476190476190476 0.0064285714285714285 0.021904761904761906
1 0.6685714285714286 0.002857142857142857 0.0064285714285714285 0.02095238095238095
3 0.4157142857142857 0.7876190476190477 0.12142857142857143 0.14476190476190476
3 0.5614285714285714 0.6666666666666666 0.10928571428571429 0.11333333333333333
3 0.6221428571428571 0.7304761904761905 0.11142857142857143 0.12666666666666668
3 0.7835714285714286 0.7047619047619048 0.09642857142857143 0.11904761904761904
3 0.8542857142857143 0.41333333333333333 0.075 0.08190476190476191
3 0.7835714285714286 0.58 0.08857142857142856 0.09047619047619047
3 0.6728571428571428 0.5733333333333334 0.08857142857142856 0.1
3 0.9314285714285714 0.2638095238095238 0.062142857142857146 0.06857142857142857
3 0.9314285714285714 0.5333333333333333 0.06857142857142857 0.09523809523809523
3 0.9614285714285714 0.4142857142857143 0.03857142857142857 0.06666666666666667
3 0.29214285714285715 0.9428571428571428 0.08857142857142856 0.05714285714285714
