1 0.21142857142857144 0.17893401015228427 0.007857142857142858 0.012690355329949238
1 0.21428571428571427 0.16878172588832488 0.007142857142857143 0.01649746192893401
1 0.19714285714285715 0.17639593908629442 0.0064285714285714285 0.02284263959390863
1 0.29928571428571427 0.30076142131979694 0.009285714285714286 0.03426395939086294
1 0.26071428571428573 0.4784263959390863 0.009285714285714286 0.031725888324873094
1 0.2664285714285714 0.5342639593908629 0.007857142857142858 0.03299492385786802
1 0.2592857142857143 0.7906091370558376 0.012857142857142857 0.03680203045685279
1 0.7728571428571429 0.8934010152284264 0.010714285714285714 0.02918781725888325
1 0.7507142857142857 0.8223350253807107 0.012857142857142857 0.046954314720812185
6 0.6085714285714285 0.5406091370558376 0.10571428571428572 0.3629441624365482
6 0.5828571428571429 0.3350253807106599 0.045 0.12055837563451777
1 0.6521428571428571 0.41751269035532995 0.007142857142857143 0.02284263959390863
1 0.6578571428571428 0.4086294416243655 0.009285714285714286 0.031725888324873094
1 0.6192857142857143 0.39086294416243655 0.007142857142857143 0.02918781725888325
1 0.6392857142857142 0.2868020304568528 0.007857142857142858 0.030456852791878174
1 0.6792857142857143 0.14213197969543148 0.007142857142857143 0.030456852791878174
