3 0.6014285714285714 0.7685714285714286 0.13214285714285715 0.1419047619047619
3 0.5671428571428572 0.5895238095238096 0.06428571428571428 0.14476190476190476
3 0.5492857142857143 0.45904761904761904 0.07142857142857142 0.12095238095238095
3 0.2885714285714286 0.58 0.11785714285714285 0.08285714285714285
3 0.28714285714285714 0.4980952380952381 0.11928571428571429 0.07809523809523809
3 0.25142857142857145 0.6828571428571428 0.13428571428571429 0.09523809523809523
3 0.22214285714285714 0.7752380952380953 0.11428571428571428 0.07523809523809524
3 0.14357142857142857 0.8542857142857143 0.1407142857142857 0.09428571428571429
3 0.0007142857142857143 0.8590476190476191 0.12928571428571428 0.09428571428571429
3 0.5728571428571428 0.25142857142857145 0.03857142857142857 0.11142857142857143
3 0.5521428571428572 0.1523809523809524 0.055 0.07809523809523809
3 0.55 0.06190476190476191 0.06 0.08666666666666667
3 0.5564285714285714 0.0019047619047619048 0.055 0.06761904761904762
3 0.31357142857142856 0.35714285714285715 0.09857142857142857 0.07238095238095238
3 0.3192857142857143 0.3038095238095238 0.09428571428571429 0.06285714285714286
3 0.33285714285714285 0.2523809523809524 0.08642857142857142 0.06190476190476191
3 0.3414285714285714 0.2123809523809524 0.08 0.05523809523809524
3 0.35 0.17047619047619048 0.09357142857142857 0.058095238095238096
3 0.36857142857142855 0.10952380952380952 0.07642857142857143 0.06476190476190476
3 0.37642857142857145 0.06095238095238095 0.07142857142857142 0.06190476190476191
3 0.37785714285714284 0.005714285714285714 0.075 0.06095238095238095
3 0.9214285714285714 0.002857142857142857 0.065 0.08190476190476191
