3 0.29214285714285715 0.7561904761904762 0.16857142857142857 0.11238095238095239
3 0.3457142857142857 0.6038095238095238 0.135 0.09619047619047619
3 0.38642857142857145 0.5076190476190476 0.11357142857142857 0.06857142857142857
3 0.4207142857142857 0.3838095238095238 0.10071428571428571 0.07428571428571429
3 0.6485714285714286 0.40095238095238095 0.09357142857142857 0.047619047619047616
3 0.71 0.3419047619047619 0.07357142857142857 0.05523809523809524
3 0.4685714285714286 0.29714285714285715 0.06785714285714285 0.040952380952380955
3 0.4857142857142857 0.23238095238095238 0.05785714285714286 0.029523809523809525
3 0.4442857142857143 0.2276190476190476 0.03357142857142857 0.04380952380952381
3 0.5992857142857143 0.17809523809523808 0.017857142857142856 0.03428571428571429
3 0.6278571428571429 0.16476190476190475 0.02214285714285714 0.029523809523809525
3 0.14785714285714285 0.14952380952380953 0.045714285714285714 0.03619047619047619
1 0.015714285714285715 0.2 0.01 0.03428571428571429
1 0.10642857142857143 0.15428571428571428 0.013571428571428571 0.029523809523809525
1 0.17357142857142857 0.1295238095238095 0.01 0.022857142857142857
1 0.18142857142857144 0.12857142857142856 0.008571428571428572 0.025714285714285714
3 0.37357142857142855 0.035238095238095235 0.023571428571428573 0.02857142857142857
6 0.4042857142857143 0.01619047619047619 0.020714285714285713 0.03142857142857143
3 0.4235714285714286 0.01904761904761905 0.012857142857142857 0.017142857142857144
1 0.5128571428571429 0.09904761904761905 0.005714285714285714 0.01904761904761905
1 0.44 0.25333333333333335 0.009285714285714286 0.029523809523809525
1 0.4357142857142857 0.2866666666666667 0.01 0.03238095238095238
1 0.55 0.2904761904761905 0.01 0.021904761904761906
1 0.5471428571428572 0.2723809523809524 0.01 0.02666666666666667
1 0.5292857142857142 0.22380952380952382 0.007142857142857143 0.01904761904761905
3 0.45357142857142857 0.379047619047619 0.08214285714285714 0.0419047619047619
3 0.44642857142857145 0.3580952380952381 0.08428571428571428 0.0380952380952381
1 0.5221428571428571 0.10095238095238095 0.0064285714285714285 0.017142857142857144
1 0.5971428571428572 0.24857142857142858 0.01 0.03428571428571429
1 0.5757142857142857 0.11428571428571428 0.005 0.013333333333333334
1 0.5807142857142857 0.11714285714285715 0.004285714285714286 0.011428571428571429
1 0.625 0.1419047619047619 0.007857142857142858 0.01904761904761905
1 0.5878571428571429 0.1438095238095238 0.005 0.02095238095238095
3 0.5135714285714286 0.1895238095238095 0.04642857142857143 0.02761904761904762
3 0.5135714285714286 0.1761904761904762 0.05 0.022857142857142857
3 0.5128571428571429 0.1580952380952381 0.04642857142857143 0.023809523809523808
3 0.515 0.1361904761904762 0.045 0.024761904761904763
3 0.5221428571428571 0.12 0.037142857142857144 0.02095238095238095
3 0.5364285714285715 0.11523809523809524 0.029285714285714286 0.018095238095238095
3 0.5314285714285715 0.1 0.03142857142857143 0.021904761904761906
3 0.54 0.08666666666666667 0.024285714285714285 0.018095238095238095
3 0.5421428571428571 0.08190476190476191 0.025 0.012380952380952381
3 0.5385714285714286 0.07523809523809524 0.025714285714285714 0.01619047619047619
3 0.5685714285714286 0.07809523809523809 0.01 0.017142857142857144
3 0.58 0.07809523809523809 0.013571428571428571 0.018095238095238095
3 0.595 0.07809523809523809 0.01 0.018095238095238095
3 0.6071428571428571 0.0761904761904762 0.015 0.023809523809523808
3 0.5971428571428572 0.06285714285714286 0.019285714285714285 0.01904761904761905
3 0.57 0.06190476190476191 0.009285714285714286 0.017142857142857144
3 0.5914285714285714 0.09523809523809523 0.015 0.014285714285714285
3 0.5935714285714285 0.10380952380952381 0.013571428571428571 0.01619047619047619
3 0.5892857142857143 0.11142857142857143 0.013571428571428571 0.02
3 0.5928571428571429 0.11619047619047619 0.019285714285714285 0.02666666666666667
3 0.5957142857142858 0.1419047619047619 0.017857142857142856 0.02095238095238095
3 0.5978571428571429 0.1580952380952381 0.025 0.02857142857142857
3 0.6464285714285715 0.06857142857142857 0.015714285714285715 0.017142857142857144
3 0.6607142857142857 0.06857142857142857 0.012857142857142857 0.01619047619047619
3 0.6378571428571429 0.11714285714285715 0.035 0.017142857142857144
3 0.6421428571428571 0.12285714285714286 0.03142857142857143 0.017142857142857144
3 0.6342857142857142 0.12666666666666668 0.03571428571428571 0.01904761904761905
3 0.6564285714285715 0.15523809523809523 0.03214285714285714 0.017142857142857144
3 0.6671428571428571 0.19047619047619047 0.04428571428571428 0.030476190476190476
3 0.665 0.17523809523809525 0.035 0.01904761904761905
3 0.6507142857142857 0.17238095238095238 0.05071428571428571 0.021904761904761906
3 0.6614285714285715 0.1657142857142857 0.037142857142857144 0.02095238095238095
3 0.6157142857142858 0.21904761904761905 0.05857142857142857 0.025714285714285714
3 0.6071428571428571 0.23523809523809525 0.05714285714285714 0.02761904761904762
3 0.6114285714285714 0.25142857142857145 0.05714285714285714 0.024761904761904763
3 0.6128571428571429 0.2619047619047619 0.05357142857142857 0.02095238095238095
3 0.6192857142857143 0.2619047619047619 0.060714285714285714 0.0380952380952381
3 0.6171428571428571 0.2904761904761905 0.07142857142857142 0.030476190476190476
3 0.6221428571428571 0.30857142857142855 0.07357142857142857 0.04
3 0.6278571428571429 0.3495238095238095 0.07928571428571428 0.035238095238095235
3 0.6321428571428571 0.37142857142857144 0.08714285714285715 0.035238095238095235
1 0.6028571428571429 0.4895238095238095 0.017857142857142856 0.04857142857142857
8 0.745 0.30095238095238097 0.08214285714285714 0.05142857142857143
3 0.75 0.2695238095238095 0.06428571428571428 0.04380952380952381
3 0.6271428571428571 0.08666666666666667 0.03357142857142857 0.025714285714285714
1 0.48928571428571427 0.13904761904761906 0.009285714285714286 0.021904761904761906
1 0.02214285714285714 0.2057142857142857 0.013571428571428571 0.03238095238095238
3 0.5278571428571428 0.06666666666666667 0.022857142857142857 0.01904761904761905
