3 0.4 0.007619047619047619 0.013571428571428571 0.0380952380952381
3 0.4 0.054285714285714284 0.013571428571428571 0.039047619047619046
8 0.4 0.10285714285714286 0.013571428571428571 0.040952380952380955
3 0.2892857142857143 0.10095238095238095 0.015714285714285715 0.03619047619047619
3 0.35642857142857143 0.23809523809523808 0.025 0.03142857142857143
3 0.35928571428571426 0.3057142857142857 0.02 0.037142857142857144
3 0.32 0.38571428571428573 0.025 0.01904761904761905
3 0.325 0.46190476190476193 0.011428571428571429 0.03238095238095238
3 0.37285714285714283 0.3961904761904762 0.013571428571428571 0.030476190476190476
3 0.3678571428571429 0.48095238095238096 0.023571428571428573 0.03428571428571429
3 0.3578571428571429 0.6209523809523809 0.012142857142857143 0.037142857142857144
3 0.12214285714285714 0.5714285714285714 0.030714285714285715 0.01619047619047619
3 0.3464285714285714 0.8752380952380953 0.012142857142857143 0.037142857142857144
3 0.345 0.92 0.012142857142857143 0.04476190476190476
3 0.5628571428571428 0.8819047619047619 0.025714285714285714 0.02857142857142857
3 0.6014285714285714 0.22095238095238096 0.02857142857142857 0.02095238095238095
3 0.6085714285714285 0.560952380952381 0.03 0.02095238095238095
4 0.5528571428571428 0.819047619047619 0.005 0.01904761904761905
4 0.605 0.8961904761904762 0.01 0.011428571428571429
4 0.5471428571428572 0.6561904761904762 0.005714285714285714 0.013333333333333334
4 0.6035714285714285 0.6133333333333333 0.007857142857142858 0.010476190476190476
4 0.6007142857142858 0.6295238095238095 0.009285714285714286 0.005714285714285714
4 0.5992857142857143 0.6333333333333333 0.01 0.004761904761904762
4 0.5985714285714285 0.6428571428571429 0.009285714285714286 0.004761904761904762
4 0.6 0.6371428571428571 0.008571428571428572 0.005714285714285714
4 0.5921428571428572 0.6828571428571428 0.012142857142857143 0.010476190476190476
4 0.5907142857142857 0.6904761904761905 0.012857142857142857 0.007619047619047619
4 0.5807142857142857 0.6885714285714286 0.007857142857142858 0.012380952380952381
4 0.5614285714285714 0.7171428571428572 0.0035714285714285713 0.013333333333333334
4 0.5471428571428572 0.5971428571428572 0.0035714285714285713 0.015238095238095238
4 0.5685714285714286 0.4057142857142857 0.004285714285714286 0.010476190476190476
4 0.3807142857142857 0.012380952380952381 0.005 0.014285714285714285
4 0.32071428571428573 0.9171428571428571 0.0064285714285714285 0.015238095238095238
4 0.32785714285714285 0.9495238095238095 0.008571428571428572 0.015238095238095238
4 0.33214285714285713 0.9095238095238095 0.007142857142857143 0.014285714285714285
1 0.37714285714285717 0.7609523809523809 0.005 0.009523809523809525
1 0.38642857142857145 0.7676190476190476 0.0035714285714285713 0.005714285714285714
1 0.3842857142857143 0.7647619047619048 0.002857142857142857 0.0038095238095238095
1 0.6007142857142858 0.021904761904761906 0.005 0.010476190476190476
1 0.6071428571428571 0.025714285714285714 0.004285714285714286 0.009523809523809525
1 0.5128571428571429 0.6447619047619048 0.005 0.006666666666666667
