1 0.7871428571428571 0.9438095238095238 0.04214285714285714 0.05619047619047619
1 0.43785714285714283 0.8333333333333334 0.029285714285714286 0.06285714285714286
8 0.22 0.7380952380952381 0.23857142857142857 0.1523809523809524
2 0.3435714285714286 0.5838095238095238 0.056428571428571425 0.10476190476190476
3 0.5978571428571429 0.4742857142857143 0.12214285714285714 0.15619047619047619
3 0.6635714285714286 0.3961904761904762 0.12285714285714286 0.11523809523809524
3 0.515 0.2695238095238095 0.06357142857142857 0.11238095238095239
3 0.5864285714285714 0.2019047619047619 0.045714285714285714 0.07333333333333333
3 0.4057142857142857 0.14952380952380953 0.04928571428571429 0.07047619047619047
2 0.49 0.4238095238095238 0.041428571428571426 0.09428571428571429
1 0.48714285714285716 0.44952380952380955 0.018571428571428572 0.058095238095238096
1 0.41928571428571426 0.4857142857142857 0.017857142857142856 0.05142857142857143
1 0.4707142857142857 0.319047619047619 0.018571428571428572 0.05619047619047619
1 0.4157142857142857 0.24285714285714285 0.015714285714285715 0.047619047619047616
1 0.4657142857142857 0.18761904761904763 0.011428571428571429 0.04285714285714286
1 0.6935714285714286 0.26285714285714284 0.019285714285714285 0.039047619047619046
1 0.6771428571428572 0.18 0.015714285714285715 0.030476190476190476
1 0.6807142857142857 0.10666666666666667 0.012142857142857143 0.04
2 0.4407142857142857 0.32761904761904764 0.04428571428571428 0.05333333333333334
2 0.6971428571428572 0.3180952380952381 0.07 0.05047619047619047
8 0.6628571428571428 0.18761904761904763 0.12928571428571428 0.0761904761904762
8 0.6785714285714286 0.05714285714285714 0.06428571428571428 0.11047619047619048
8 0.555 0.0 0.054285714285714284 0.10857142857142857
1 0.6092857142857143 0.0 0.008571428571428572 0.03142857142857143
1 0.4442857142857143 0.02857142857142857 0.011428571428571429 0.02761904761904762
1 0.6571428571428571 0.25523809523809526 0.015 0.047619047619047616
1 0.84 0.4380952380952381 0.03428571428571429 0.05714285714285714
1 0.8607142857142858 0.44857142857142857 0.025 0.04666666666666667
3 0.915 0.5619047619047619 0.085 0.11333333333333333
