3 0.4064285714285714 0.6714285714285714 0.05 0.10666666666666667
3 0.465 0.34285714285714286 0.025 0.0380952380952381
3 0.4957142857142857 0.2523809523809524 0.019285714285714285 0.03333333333333333
3 0.5185714285714286 0.2019047619047619 0.018571428571428572 0.02857142857142857
3 0.5228571428571429 0.15428571428571428 0.017142857142857144 0.02666666666666667
3 0.5257142857142857 0.07809523809523809 0.011428571428571429 0.014285714285714285
3 0.5407142857142857 0.08571428571428572 0.012142857142857143 0.018095238095238095
3 0.5485714285714286 0.021904761904761906 0.010714285714285714 0.009523809523809525
3 0.13857142857142857 0.6523809523809524 0.07 0.14
3 0.2864285714285714 0.3028571428571429 0.025 0.03333333333333333
3 0.07428571428571429 0.9428571428571428 0.06142857142857143 0.05714285714285714
4 0.3578571428571429 0.22380952380952382 0.007857142857142858 0.023809523809523808
1 0.3507142857142857 0.17904761904761904 0.0035714285714285713 0.015238095238095238
4 0.5071428571428571 0.8657142857142858 0.02142857142857143 0.05047619047619047
4 0.5371428571428571 0.8657142857142858 0.02857142857142857 0.05523809523809524
3 0.41 0.11523809523809524 0.017857142857142856 0.017142857142857144
3 0.42214285714285715 0.13714285714285715 0.013571428571428571 0.017142857142857144
3 0.465 0.09238095238095238 0.01 0.013333333333333334
3 0.475 0.06857142857142857 0.01 0.014285714285714285
3 0.45 0.08476190476190476 0.013571428571428571 0.013333333333333334
6 0.4442857142857143 0.10571428571428572 0.018571428571428572 0.023809523809523808
3 0.49214285714285716 0.037142857142857144 0.008571428571428572 0.008571428571428572
3 0.4878571428571429 0.05047619047619047 0.01 0.010476190476190476
3 0.5028571428571429 0.012380952380952381 0.009285714285714286 0.010476190476190476
3 0.5028571428571429 0.023809523809523808 0.007857142857142858 0.007619047619047619
4 0.45357142857142857 0.05904761904761905 0.007857142857142858 0.01619047619047619
4 0.4857142857142857 0.023809523809523808 0.004285714285714286 0.010476190476190476
4 0.48142857142857143 0.022857142857142857 0.002857142857142857 0.010476190476190476
3 0.43857142857142856 0.05238095238095238 0.015 0.009523809523809525
3 0.5571428571428572 0.06476190476190476 0.009285714285714286 0.015238095238095238
3 0.5857142857142857 0.07714285714285714 0.013571428571428571 0.012380952380952381
3 0.5935714285714285 0.07333333333333333 0.014285714285714285 0.013333333333333334
1 0.5128571428571429 0.8647619047619047 0.012857142857142857 0.017142857142857144
1 0.5492857142857143 0.8666666666666667 0.012857142857142857 0.021904761904761906
1 0.36 0.22285714285714286 0.005 0.010476190476190476
1 0.4564285714285714 0.06095238095238095 0.005 0.006666666666666667
1 0.48214285714285715 0.023809523809523808 0.002142857142857143 0.004761904761904762
1 0.48714285714285716 0.024761904761904763 0.002857142857142857 0.005714285714285714
