1 0.5014285714285714 0.7144670050761421 0.015 0.03553299492385787
1 0.5007142857142857 0.6484771573604061 0.010714285714285714 0.03553299492385787
1 0.4957142857142857 0.6395939086294417 0.007142857142857143 0.027918781725888325
1 0.5971428571428572 0.6649746192893401 0.010714285714285714 0.03299492385786802
1 0.6085714285714285 0.6713197969543148 0.01 0.025380710659898477
1 0.685 0.8134517766497462 0.010714285714285714 0.02918781725888325
1 0.7071428571428572 0.7436548223350253 0.016428571428571428 0.03807106598984772
1 0.6028571428571429 0.7030456852791879 0.01 0.024111675126903553
1 0.5085714285714286 0.6307106598984772 0.012142857142857143 0.0266497461928934
1 0.46 0.5088832487309645 0.010714285714285714 0.017766497461928935
1 0.475 0.37944162436548223 0.009285714285714286 0.03299492385786802
1 0.4828571428571429 0.38578680203045684 0.007142857142857143 0.025380710659898477
1 0.49642857142857144 0.3769035532994924 0.0064285714285714285 0.027918781725888325
1 0.495 0.383248730964467 0.008571428571428572 0.030456852791878174
1 0.5064285714285715 0.2715736040609137 0.0064285714285714285 0.025380710659898477
1 0.5 0.2639593908629442 0.0064285714285714285 0.03426395939086294
1 0.49357142857142855 0.24238578680203046 0.008571428571428572 0.025380710659898477
1 0.5842857142857143 0.5393401015228426 0.005714285714285714 0.02284263959390863
1 0.5878571428571429 0.5431472081218274 0.007857142857142858 0.0266497461928934
1 0.4585714285714286 0.07741116751269035 0.008571428571428572 0.027918781725888325
1 0.4857142857142857 0.03426395939086294 0.007857142857142858 0.03299492385786802
1 0.6107142857142858 0.2715736040609137 0.007142857142857143 0.021573604060913704
1 0.6178571428571429 0.2766497461928934 0.008571428571428572 0.015228426395939087
1 0.6271428571428571 0.2182741116751269 0.008571428571428572 0.025380710659898477
1 0.6378571428571429 0.19923857868020303 0.005 0.0266497461928934
1 0.5507142857142857 0.26015228426395937 0.020714285714285713 0.015228426395939087
1 0.5542857142857143 0.2398477157360406 0.007857142857142858 0.01649746192893401
1 0.5271428571428571 0.2017766497461929 0.007857142857142858 0.01903553299492386
1 0.5342857142857143 0.20050761421319796 0.009285714285714286 0.01903553299492386
1 0.5664285714285714 0.15862944162436549 0.0064285714285714285 0.01649746192893401
1 0.57 0.11548223350253807 0.0064285714285714285 0.030456852791878174
1 0.5557142857142857 0.14974619289340102 0.007142857142857143 0.01649746192893401
1 0.5414285714285715 0.18781725888324874 0.005714285714285714 0.01649746192893401
1 0.6007142857142858 0.07233502538071065 0.005714285714285714 0.013959390862944163
1 0.5021428571428571 0.15736040609137056 0.007857142857142858 0.017766497461928935
1 0.5021428571428571 0.14974619289340102 0.007142857142857143 0.01903553299492386
1 0.5364285714285715 0.14086294416243655 0.007857142857142858 0.025380710659898477
1 0.545 0.14593908629441624 0.004285714285714286 0.01649746192893401
1 0.5278571428571428 0.7208121827411168 0.009285714285714286 0.03299492385786802
