3 0.5421428571428571 0.8933333333333333 0.04642857142857143 0.10666666666666667
3 0.535 0.7133333333333334 0.041428571428571426 0.1295238095238095
3 0.48642857142857143 0.48857142857142855 0.029285714285714286 0.1019047619047619
3 0.5321428571428571 0.5904761904761905 0.03785714285714286 0.11428571428571428
1 0.5214285714285715 0.7542857142857143 0.01 0.01619047619047619
1 0.47285714285714286 0.7476190476190476 0.01 0.01619047619047619
2 0.4564285714285714 0.6514285714285715 0.018571428571428572 0.009523809523809525
1 0.5257142857142857 0.38 0.012142857142857143 0.02
1 0.4614285714285714 0.3361904761904762 0.013571428571428571 0.02857142857142857
1 0.5192857142857142 0.32095238095238093 0.009285714285714286 0.023809523809523808
1 0.5171428571428571 0.24476190476190476 0.010714285714285714 0.022857142857142857
1 0.49714285714285716 0.17333333333333334 0.009285714285714286 0.022857142857142857
1 0.4828571428571429 0.09904761904761905 0.009285714285714286 0.030476190476190476
1 0.47214285714285714 0.0419047619047619 0.01 0.029523809523809525
4 0.45571428571428574 0.002857142857142857 0.012142857142857143 0.04
3 0.4514285714285714 0.10952380952380952 0.03142857142857143 0.08857142857142856
4 0.4907142857142857 0.2704761904761905 0.014285714285714285 0.05333333333333334
1 0.49142857142857144 0.2780952380952381 0.013571428571428571 0.025714285714285714
