3 0.4718162839248434 0.04730983302411874 0.010438413361169102 0.011131725417439703
3 0.4342379958246347 0.0686456400742115 0.008872651356993737 0.012059369202226345
1 0.43997912317327764 0.07792207792207792 0.003131524008350731 0.008348794063079777
3 0.418580375782881 0.06957328385899815 0.009394572025052192 0.00927643784786642
3 0.40396659707724425 0.06586270871985157 0.006263048016701462 0.011131725417439703
3 0.4024008350730689 0.07977736549165121 0.015135699373695199 0.01020408163265306
3 0.3794363256784969 0.09740259740259741 0.010438413361169102 0.01020408163265306
8 0.3987473903966597 0.11038961038961038 0.012526096033402923 0.021335807050092765
3 0.39091858037578286 0.11410018552875696 0.007306889352818371 0.016697588126159554
3 0.3815240083507307 0.11595547309833024 0.008872651356993737 0.014842300556586271
3 0.37160751565762007 0.11410018552875696 0.009916492693110648 0.015769944341372914
3 0.37891440501043844 0.10760667903525047 0.006263048016701462 0.011131725417439703
3 0.37004175365344466 0.14192949907235622 0.013048016701461378 0.015769944341372914
3 0.37160751565762007 0.15955473098330242 0.013048016701461378 0.021335807050092765
3 0.35020876826722336 0.16883116883116883 0.012004175365344467 0.015769944341372914
3 0.3397703549060543 0.16512059369202226 0.011482254697286013 0.017625231910946195
3 0.34603340292275575 0.15769944341372913 0.012526096033402923 0.011131725417439703
2 0.342901878914405 0.18831168831168832 0.013048016701461378 0.02040816326530612
3 0.4431106471816284 0.12987012987012986 0.007306889352818371 0.015769944341372914
3 0.25626304801670147 0.25788497217068646 0.024530271398747392 0.021335807050092765
4 0.15762004175365343 0.2857142857142857 0.004697286012526096 0.012987012987012988
2 0.12108559498956159 0.2810760667903525 0.005741127348643006 0.013914656771799629
3 0.10960334029227557 0.3719851576994434 0.026096033402922755 0.032467532467532464
3 0.12317327766179541 0.323747680890538 0.026096033402922755 0.0287569573283859
3 0.12108559498956159 0.3051948051948052 0.026096033402922755 0.022263450834879406
1 0.6811064718162839 0.7755102040816326 0.005741127348643006 0.0287569573283859
8 0.4154488517745303 0.6910946196660482 0.03392484342379958 0.14935064935064934
3 0.41805845511482254 0.6419294990723562 0.031837160751565764 0.029684601113172542
3 0.42171189979123175 0.614100185528757 0.02244258872651357 0.02504638218923933
3 0.42066805845511485 0.5454545454545454 0.025052192066805846 0.026901669758812616
3 0.4211899791231733 0.5278293135435993 0.028183716075156576 0.01855287569573284
3 0.42379958246346555 0.5092764378478665 0.024530271398747392 0.023191094619666047
3 0.4164926931106472 0.4805194805194805 0.022964509394572025 0.025974025974025976
3 0.5041753653444676 0.45640074211502785 0.016179540709812108 0.04267161410018553
3 0.5031315240083507 0.5027829313543599 0.02035490605427975 0.05009276437847866
3 0.5876826722338204 0.5046382189239332 0.020876826722338204 0.04452690166975881
3 0.5443632567849687 0.6493506493506493 0.021920668058455117 0.061224489795918366
3 0.5949895615866388 0.6428571428571429 0.024008350730688934 0.0640074211502783
3 0.6931106471816284 0.6419294990723562 0.02870563674321503 0.05473098330241188
3 0.6283924843423799 0.5027829313543599 0.02348643006263048 0.05194805194805195
3 0.6529227557411273 0.5055658627087198 0.02348643006263048 0.05009276437847866
1 0.5187891440501043 0.6159554730983302 0.005741127348643006 0.026901669758812616
3 0.5052192066805845 0.2588126159554731 0.014091858037578288 0.01855287569573284
3 0.5568893528183716 0.2987012987012987 0.028183716075156576 0.021335807050092765
3 0.576722338204593 0.323747680890538 0.02661795407098121 0.023191094619666047
3 0.5485386221294363 0.3358070500927644 0.029749478079331943 0.02504638218923933
3 0.517223382045929 0.3654916512059369 0.013569937369519834 0.030612244897959183
3 0.5819415448851775 0.3747680890538033 0.014613778705636743 0.030612244897959183
3 0.6002087682672234 0.37662337662337664 0.014613778705636743 0.03432282003710575
3 0.6174321503131524 0.3784786641929499 0.012526096033402923 0.032467532467532464
4 0.511482254697286 0.2940630797773655 0.0036534446764091857 0.01020408163265306
1 0.5120041753653445 0.287569573283859 0.0026096033402922755 0.01020408163265306
4 0.5516701461377871 0.24489795918367346 0.004697286012526096 0.00927643784786642
1 0.552713987473904 0.24025974025974026 0.0020876826722338203 0.008348794063079777
4 0.5631524008350731 0.2012987012987013 0.0015657620041753654 0.0055658627087198514
1 0.5626304801670147 0.19294990723562153 0.003131524008350731 0.0074211502782931356
3 0.598643006263048 0.00927643784786642 0.012526096033402923 0.008348794063079777
3 0.6310020876826722 0.04916512059369202 0.012526096033402923 0.00927643784786642
3 0.6304801670146137 0.04359925788497217 0.010438413361169102 0.008348794063079777
3 0.6320459290187892 0.038033395176252316 0.007828810020876827 0.008348794063079777
3 0.6612734864300627 0.06493506493506493 0.017745302713987474 0.00927643784786642
3 0.714509394572025 0.07606679035250463 0.007828810020876827 0.006493506493506494
3 0.7552192066805845 0.5584415584415584 0.016179540709812108 0.04267161410018553
2 0.7719206680584552 0.5769944341372912 0.007306889352818371 0.01948051948051948
3 0.5490605427974948 0.1614100185528757 0.012004175365344467 0.022263450834879406
