8 0.1657142857142857 0.9628571428571429 0.039285714285714285 0.035238095238095235
8 0.3092857142857143 0.7180952380952381 0.025714285714285714 0.06190476190476191
8 0.375 0.5885714285714285 0.032857142857142856 0.024761904761904763
8 0.3742857142857143 0.44666666666666666 0.02 0.039047619047619046
8 0.40785714285714286 0.3638095238095238 0.012142857142857143 0.02095238095238095
8 0.3407142857142857 0.319047619047619 0.014285714285714285 0.022857142857142857
8 0.3821428571428571 0.2638095238095238 0.015 0.030476190476190476
8 0.36642857142857144 0.2876190476190476 0.008571428571428572 0.013333333333333334
8 0.007857142857142858 0.5847619047619048 0.025 0.03619047619047619
8 0.04357142857142857 0.25523809523809526 0.027857142857142858 0.014285714285714285
8 0.1792857142857143 0.18761904761904763 0.01 0.009523809523809525
8 0.17285714285714285 0.17809523809523808 0.017142857142857144 0.02
8 0.165 0.17333333333333334 0.015714285714285715 0.022857142857142857
8 0.15928571428571428 0.17142857142857143 0.019285714285714285 0.023809523809523808
3 0.23142857142857143 0.8980952380952381 0.025 0.017142857142857144
3 0.265 0.8676190476190476 0.017857142857142856 0.03428571428571429
3 0.20785714285714285 0.8514285714285714 0.016428571428571428 0.030476190476190476
3 0.22428571428571428 0.5952380952380952 0.012142857142857143 0.017142857142857144
3 0.395 0.5123809523809524 0.015714285714285715 0.012380952380952381
3 0.39357142857142857 0.5057142857142857 0.016428571428571428 0.011428571428571429
3 0.3964285714285714 0.5 0.015 0.008571428571428572
3 0.4 0.4857142857142857 0.012857142857142857 0.010476190476190476
3 0.415 0.3942857142857143 0.014285714285714285 0.010476190476190476
3 0.32 0.16952380952380952 0.008571428571428572 0.005714285714285714
3 0.42642857142857143 0.20666666666666667 0.005 0.006666666666666667
3 0.435 0.14666666666666667 0.0035714285714285713 0.005714285714285714
3 0.44 0.16285714285714287 0.005 0.005714285714285714
3 0.43857142857142856 0.16857142857142857 0.004285714285714286 0.005714285714285714
3 0.435 0.17238095238095238 0.004285714285714286 0.005714285714285714
6 0.42 0.16 0.008571428571428572 0.014285714285714285
6 0.48214285714285715 0.05047619047619047 0.005714285714285714 0.009523809523809525
