8 0.39571428571428574 0.4895238095238095 0.05071428571428571 0.1361904761904762
3 0.6035714285714285 0.7590476190476191 0.055 0.14
3 0.4942857142857143 0.19428571428571428 0.05714285714285714 0.12380952380952381
8 0.6678571428571428 0.5380952380952381 0.09571428571428571 0.05238095238095238
3 0.8214285714285714 0.5333333333333333 0.08571428571428572 0.06380952380952382
3 0.9178571428571428 0.5666666666666667 0.08214285714285714 0.06285714285714286
3 0.7078571428571429 0.3171428571428571 0.09142857142857143 0.07809523809523809
3 0.7064285714285714 0.039047619047619046 0.045714285714285714 0.11333333333333333
1 0.6064285714285714 0.379047619047619 0.010714285714285714 0.02
1 0.6164285714285714 0.38571428571428573 0.0064285714285714285 0.009523809523809525
4 0.7428571428571429 0.6161904761904762 0.03357142857142857 0.017142857142857144
1 0.4514285714285714 0.6161904761904762 0.018571428571428572 0.02095238095238095
1 0.4514285714285714 0.6371428571428571 0.015 0.010476190476190476
4 0.45285714285714285 0.5971428571428572 0.013571428571428571 0.05523809523809524
4 0.09 0.5285714285714286 0.02 0.04285714285714286
2 0.115 0.21142857142857144 0.06928571428571428 0.04
