8 0.6835714285714286 0.7780952380952381 0.047857142857142855 0.2123809523809524
8 0.5914285714285714 0.6847619047619048 0.10285714285714286 0.2819047619047619
8 0.5914285714285714 0.5752380952380952 0.06928571428571428 0.19238095238095237
8 0.7928571428571428 0.4942857142857143 0.05071428571428571 0.1676190476190476
8 0.7592857142857142 0.4095238095238095 0.056428571428571425 0.18666666666666668
8 0.5864285714285714 0.4104761904761905 0.09142857142857143 0.17904761904761904
8 0.6678571428571428 0.20285714285714285 0.04642857142857143 0.15904761904761905
8 0.7614285714285715 0.0 0.04857142857142857 0.07333333333333333
3 0.17857142857142858 0.0 0.056428571428571425 0.029523809523809525
3 0.11 0.0 0.05285714285714286 0.029523809523809525
3 0.4492857142857143 0.1761904761904762 0.022857142857142857 0.08285714285714285
6 0.4992857142857143 0.0 0.016428571428571428 0.06
2 0.5307142857142857 0.29619047619047617 0.007142857142857143 0.02666666666666667
1 0.5321428571428571 0.2980952380952381 0.005 0.018095238095238095
4 0.31142857142857144 0.5047619047619047 0.020714285714285713 0.015238095238095238
4 0.3092857142857143 0.5171428571428571 0.023571428571428573 0.014285714285714285
4 0.3092857142857143 0.5285714285714286 0.02214285714285714 0.017142857142857144
4 0.3107142857142857 0.5466666666666666 0.020714285714285713 0.015238095238095238
4 0.30857142857142855 0.5638095238095238 0.022857142857142857 0.012380952380952381
4 0.3092857142857143 0.5904761904761905 0.025 0.01619047619047619
4 0.30857142857142855 0.5752380952380952 0.02214285714285714 0.014285714285714285
4 0.3107142857142857 0.6047619047619047 0.02214285714285714 0.02
4 0.3092857142857143 0.6409523809523809 0.02642857142857143 0.014285714285714285
4 0.30642857142857144 0.6561904761904762 0.027142857142857142 0.014285714285714285
4 0.29214285714285715 0.5285714285714286 0.008571428571428572 0.030476190476190476
4 0.26357142857142857 0.6723809523809524 0.024285714285714285 0.014285714285714285
4 0.26285714285714284 0.6857142857142857 0.025714285714285714 0.01619047619047619
4 0.28285714285714286 0.66 0.025 0.015238095238095238
4 0.2885714285714286 0.6742857142857143 0.02 0.010476190476190476
4 0.2857142857142857 0.6857142857142857 0.02214285714285714 0.014285714285714285
4 0.31 0.6838095238095238 0.02142857142857143 0.01619047619047619
4 0.31 0.6704761904761904 0.025 0.012380952380952381
