3 0.6014285714285714 0.7019047619047619 0.05 0.12666666666666668
3 0.605 0.5752380952380952 0.039285714285714285 0.07714285714285714
3 0.4042857142857143 0.9152380952380952 0.060714285714285714 0.08476190476190476
3 0.47714285714285715 0.8171428571428572 0.05357142857142857 0.1380952380952381
3 0.44642857142857145 0.7876190476190477 0.045 0.10761904761904761
3 0.37857142857142856 0.8380952380952381 0.060714285714285714 0.13904761904761906
3 0.5321428571428571 0.7533333333333333 0.052142857142857144 0.13904761904761906
3 0.5485714285714286 0.6504761904761904 0.04214285714285714 0.10380952380952381
3 0.5214285714285715 0.6047619047619047 0.03571428571428571 0.07523809523809524
3 0.5692857142857143 0.5009523809523809 0.029285714285714286 0.054285714285714284
3 0.5771428571428572 0.4419047619047619 0.02142857142857143 0.037142857142857144
3 0.5728571428571428 0.4676190476190476 0.025714285714285714 0.0419047619047619
3 0.545 0.49714285714285716 0.025 0.049523809523809526
3 0.5528571428571428 0.46285714285714286 0.02214285714285714 0.04
3 0.5592857142857143 0.43714285714285717 0.019285714285714285 0.03428571428571429
3 0.5121428571428571 0.679047619047619 0.04 0.09714285714285714
3 0.4835714285714286 0.6752380952380952 0.03785714285714286 0.08761904761904762
3 0.49642857142857144 0.6066666666666667 0.030714285714285715 0.06666666666666667
3 0.5642857142857143 0.5523809523809524 0.03142857142857143 0.06571428571428571
3 0.605 0.5095238095238095 0.03571428571428571 0.06476190476190476
3 0.5157142857142857 0.5504761904761905 0.018571428571428572 0.049523809523809526
3 0.4857142857142857 0.5666666666666667 0.029285714285714286 0.05523809523809524
3 0.5214285714285715 0.5095238095238095 0.032857142857142856 0.039047619047619046
8 0.5192857142857142 0.5190476190476191 0.045 0.09333333333333334
3 0.6035714285714285 0.4780952380952381 0.02857142857142857 0.04
3 0.6064285714285714 0.4380952380952381 0.024285714285714285 0.0380952380952381
1 0.6235714285714286 0.42952380952380953 0.012142857142857143 0.02095238095238095
3 0.5321428571428571 0.47904761904761906 0.02142857142857143 0.030476190476190476
3 0.5414285714285715 0.4533333333333333 0.018571428571428572 0.029523809523809525
3 0.6007142857142858 0.4180952380952381 0.022857142857142857 0.030476190476190476
3 0.6071428571428571 0.38857142857142857 0.018571428571428572 0.03142857142857143
3 0.5835714285714285 0.4142857142857143 0.018571428571428572 0.03142857142857143
3 0.5642857142857143 0.42 0.017857142857142856 0.025714285714285714
3 0.5485714285714286 0.42952380952380953 0.015714285714285715 0.02666666666666667
3 0.5392857142857143 0.41619047619047617 0.016428571428571428 0.024761904761904763
3 0.5535714285714286 0.4123809523809524 0.013571428571428571 0.02095238095238095
3 0.5671428571428572 0.4 0.017142857142857144 0.023809523809523808
3 0.5842857142857143 0.38666666666666666 0.017857142857142856 0.029523809523809525
3 0.5871428571428572 0.37142857142857144 0.016428571428571428 0.02
3 0.6078571428571429 0.3742857142857143 0.016428571428571428 0.021904761904761906
3 0.6057142857142858 0.3619047619047619 0.014285714285714285 0.02095238095238095
3 0.6007142857142858 0.34285714285714286 0.018571428571428572 0.021904761904761906
3 0.57 0.38285714285714284 0.015 0.018095238095238095
3 0.5571428571428572 0.3942857142857143 0.012142857142857143 0.018095238095238095
3 0.5692857142857143 0.3676190476190476 0.016428571428571428 0.021904761904761906
8 0.5692857142857143 0.34285714285714286 0.020714285714285713 0.03142857142857143
1 0.5385714285714286 0.3580952380952381 0.005 0.007619047619047619
3 0.555 0.32476190476190475 0.015714285714285715 0.017142857142857144
1 0.5685714285714286 0.2904761904761905 0.0035714285714285713 0.004761904761904762
1 0.5971428571428572 0.2695238095238095 0.002857142857142857 0.004761904761904762
2 0.5964285714285714 0.2695238095238095 0.005 0.008571428571428572
3 0.6064285714285714 0.28 0.009285714285714286 0.01619047619047619
3 0.5835714285714285 0.2704761904761905 0.005714285714285714 0.008571428571428572
3 0.5957142857142858 0.24285714285714285 0.005 0.005714285714285714
3 0.5957142857142858 0.23809523809523808 0.0064285714285714285 0.006666666666666667
8 0.6221428571428571 0.2123809523809524 0.008571428571428572 0.013333333333333334
3 0.6371428571428571 0.20285714285714285 0.005 0.008571428571428572
3 0.6335714285714286 0.20095238095238097 0.004285714285714286 0.006666666666666667
3 0.6321428571428571 0.20095238095238097 0.0035714285714285713 0.005714285714285714
3 0.6 0.23333333333333334 0.002142857142857143 0.0038095238095238095
3 0.6035714285714285 0.22857142857142856 0.0035714285714285713 0.004761904761904762
3 0.6071428571428571 0.22380952380952382 0.0035714285714285713 0.005714285714285714
3 0.6021428571428571 0.22476190476190477 0.002857142857142857 0.004761904761904762
1 0.9221428571428572 0.1523809523809524 0.014285714285714285 0.02857142857142857
2 0.9214285714285714 0.16285714285714287 0.020714285714285713 0.02
1 0.7157142857142857 0.15619047619047619 0.005 0.008571428571428572
1 0.7142857142857143 0.1580952380952381 0.004285714285714286 0.006666666666666667
1 0.66 0.17333333333333334 0.002142857142857143 0.004761904761904762
3 0.8635714285714285 0.010476190476190476 0.03 0.035238095238095235
3 0.8528571428571429 0.025714285714285714 0.02142857142857143 0.025714285714285714
3 0.8557142857142858 0.0 0.02 0.022857142857142857
3 0.8507142857142858 0.0019047619047619048 0.02 0.023809523809523808
3 0.8428571428571429 0.029523809523809525 0.025714285714285714 0.02761904761904762
3 0.8385714285714285 0.02761904761904762 0.022857142857142857 0.030476190476190476
3 0.8307142857142857 0.04 0.019285714285714285 0.022857142857142857
3 0.825 0.040952380952380955 0.018571428571428572 0.025714285714285714
3 0.82 0.047619047619047616 0.02 0.022857142857142857
3 0.8128571428571428 0.049523809523809526 0.017857142857142856 0.024761904761904763
3 0.81 0.05333333333333334 0.016428571428571428 0.021904761904761906
3 0.8057142857142857 0.05619047619047619 0.016428571428571428 0.021904761904761906
3 0.8 0.058095238095238096 0.017142857142857144 0.021904761904761906
