8 0.1440501043841336 0.05658627087198516 0.017745302713987474 0.030612244897959183
8 0.1477035490605428 0.06586270871985157 0.02035490605427975 0.030612244897959183
8 0.17066805845511482 0.12894248608534323 0.020876826722338204 0.02411873840445269
1 0.2828810020876827 0.24768089053803338 0.0041753653444676405 0.022263450834879406
1 0.30427974947807934 0.2662337662337662 0.006784968684759917 0.02504638218923933
2 0.33402922755741127 0.26716141001855287 0.013048016701461378 0.01855287569573284
1 0.39926931106471814 0.32560296846011133 0.006263048016701462 0.017625231910946195
3 0.2687891440501044 0.3812615955473098 0.04279749478079332 0.04267161410018553
3 0.2677453027139875 0.37105751391465674 0.03653444676409186 0.03710575139146568
3 0.26565762004175364 0.3589981447124304 0.03444676409185804 0.03432282003710575
8 0.29123173277661796 0.4202226345083488 0.06471816283924843 0.055658627087198514
4 0.3178496868475992 0.5231910946196661 0.016179540709812108 0.023191094619666047
2 0.3345511482254697 0.7170686456400742 0.033402922755741124 0.061224489795918366
2 0.3335073068893528 0.8951762523191095 0.033402922755741124 0.08070500927643785
4 0.29018789144050106 0.9573283858998145 0.01722338204592902 0.041743970315398886
4 0.23695198329853862 0.8961038961038961 0.015135699373695199 0.04730983302411874
4 0.2348643006263048 0.852504638218924 0.022964509394572025 0.05380333951762523
4 0.2254697286012526 0.859925788497217 0.016701461377870562 0.04916512059369202
4 0.22494780793319416 0.8961038961038961 0.016179540709812108 0.06215213358070501
1 0.395615866388309 0.45918367346938777 0.008872651356993737 0.01855287569573284
2 0.3945720250521921 0.45918367346938777 0.018789144050104383 0.036178107606679034
3 0.43997912317327764 0.46938775510204084 0.029227557411273485 0.04638218923933209
1 0.4921711899791232 0.5593692022263451 0.008350730688935281 0.03432282003710575
4 0.4859081419624217 0.44805194805194803 0.011482254697286013 0.022263450834879406
4 0.4780793319415449 0.40166975881261596 0.013048016701461378 0.015769944341372914
4 0.5062630480167014 0.3849721706864564 0.010438413361169102 0.01948051948051948
6 0.4859081419624217 0.8293135435992579 0.10751565762004175 0.16975881261595546
1 0.6534446764091858 0.9471243042671614 0.016179540709812108 0.041743970315398886
4 0.6430062630480167 0.9489795918367347 0.03653444676409186 0.04452690166975881
1 0.5960334029227558 0.7810760667903525 0.013048016701461378 0.039888682745825604
1 0.6075156576200418 0.8024118738404453 0.010960334029227558 0.04267161410018553
1 0.6169102296450939 0.8070500927643784 0.009916492693110648 0.03339517625231911
4 0.5923799582463466 0.7894248608534323 0.019311064718162838 0.032467532467532464
4 0.5996868475991649 0.8079777365491652 0.028183716075156576 0.03525046382189239
8 0.8971816283924844 0.5862708719851577 0.0662839248434238 0.137291280148423
8 0.9295407098121086 0.5018552875695733 0.03392484342379958 0.06029684601113173
1 0.8971816283924844 0.4935064935064935 0.012004175365344467 0.0287569573283859
4 0.9227557411273486 0.4452690166975881 0.019832985386221295 0.02411873840445269
4 0.9159707724425887 0.424860853432282 0.017745302713987474 0.023191094619666047
2 0.9248434237995825 0.41280148423005564 0.022964509394572025 0.023191094619666047
2 0.9446764091858038 0.40166975881261596 0.02870563674321503 0.03710575139146568
2 0.9572025052192067 0.39517625231910947 0.02244258872651357 0.039888682745825604
2 0.9624217118997912 0.39332096474953615 0.024530271398747392 0.036178107606679034
2 0.9702505219206681 0.3849721706864564 0.029227557411273485 0.041743970315398886
4 0.889874739039666 0.3849721706864564 0.01826722338204593 0.02411873840445269
4 0.8627348643006263 0.41280148423005564 0.015657620041753653 0.01855287569573284
2 0.8616910229645094 0.4025974025974026 0.012526096033402923 0.013914656771799629
4 0.8533402922755741 0.41280148423005564 0.013048016701461378 0.021335807050092765
4 0.8465553235908142 0.4165120593692022 0.015657620041753653 0.02504638218923933
4 0.8392484342379958 0.4202226345083488 0.018789144050104383 0.023191094619666047
4 0.8507306889352818 0.43506493506493504 0.010960334029227558 0.026901669758812616
1 0.8366388308977035 0.4452690166975881 0.010438413361169102 0.01948051948051948
1 0.8298538622129437 0.4461966604823748 0.008872651356993737 0.02040816326530612
4 0.8183716075156576 0.474025974025974 0.010960334029227558 0.01855287569573284
4 0.8209812108559499 0.4675324675324675 0.010438413361169102 0.023191094619666047
2 0.8736951983298539 0.45918367346938777 0.010960334029227558 0.023191094619666047
4 0.8950939457202505 0.44990723562152135 0.015135699373695199 0.022263450834879406
2 0.8799582463465553 0.4517625231910946 0.030271398747390398 0.03339517625231911
3 0.6388308977035491 0.5695732838589982 0.055845511482254695 0.08163265306122448
3 0.6555323590814196 0.5500927643784786 0.050626304801670144 0.0575139146567718
2 0.7025052192066806 0.48237476808905383 0.027661795407098122 0.026901669758812616
2 0.6805845511482255 0.4749536178107607 0.021920668058455117 0.04452690166975881
1 0.6920668058455115 0.47031539888682744 0.008350730688935281 0.021335807050092765
1 0.6659707724425887 0.45454545454545453 0.005741127348643006 0.029684601113172542
2 0.7479123173277662 0.5213358070500927 0.031315240083507306 0.041743970315398886
4 0.5474947807933194 0.437847866419295 0.009394572025052192 0.0287569573283859
3 0.4780793319415449 0.46382189239332094 0.0360125260960334 0.04638218923933209
