3 0.016428571428571428 0.0583756345177665 0.012142857142857143 0.015228426395939087
3 0.09928571428571428 0.01903553299492386 0.014285714285714285 0.01649746192893401
3 0.045714285714285714 0.05710659898477157 0.016428571428571428 0.01649746192893401
3 0.11071428571428571 0.12055837563451777 0.015714285714285715 0.024111675126903553
3 0.145 0.01649746192893401 0.009285714285714286 0.01649746192893401
3 0.10571428571428572 0.03807106598984772 0.015714285714285715 0.02284263959390863
3 0.14357142857142857 0.10532994923857868 0.015 0.02030456852791878
3 0.15928571428571428 0.1281725888324873 0.01 0.02030456852791878
3 0.13642857142857143 0.09898477157360407 0.012857142857142857 0.02030456852791878
8 0.2292857142857143 0.3553299492385787 0.014285714285714285 0.02030456852791878
8 0.28 0.06472081218274112 0.029285714285714286 0.07868020304568528
8 0.29928571428571427 0.05456852791878172 0.027142857142857142 0.07233502538071065
8 0.3142857142857143 0.03680203045685279 0.029285714285714286 0.07741116751269035
8 0.33071428571428574 0.025380710659898477 0.03 0.07614213197969544
8 0.345 0.012690355329949238 0.03214285714285714 0.07360406091370558
8 0.36 0.0 0.030714285714285715 0.07106598984771574
8 0.37785714285714284 0.0 0.027142857142857142 0.05203045685279188
8 0.3964285714285714 0.0012690355329949238 0.024285714285714285 0.044416243654822336
3 0.32857142857142857 0.1598984771573604 0.014285714285714285 0.01903553299492386
3 0.8021428571428572 0.3362944162436548 0.016428571428571428 0.017766497461928935
3 0.78 0.35913705583756345 0.011428571428571429 0.01903553299492386
3 0.7571428571428571 0.3883248730964467 0.014285714285714285 0.02030456852791878
3 0.7257142857142858 0.43781725888324874 0.014285714285714285 0.021573604060913704
3 0.66 0.5355329949238579 0.014285714285714285 0.024111675126903553
3 0.5757142857142857 0.6611675126903553 0.017142857142857144 0.0266497461928934
3 0.6192857142857143 0.5888324873096447 0.017857142857142856 0.030456852791878174
3 0.5214285714285715 0.7398477157360406 0.02 0.031725888324873094
