3 0.42714285714285716 0.7504761904761905 0.04428571428571428 0.1419047619047619
3 0.34714285714285714 0.7733333333333333 0.05285714285714286 0.13523809523809524
3 0.58 0.9085714285714286 0.10714285714285714 0.07428571428571429
3 0.48142857142857143 0.47904761904761906 0.05071428571428571 0.15714285714285714
3 0.39357142857142857 0.0980952380952381 0.05 0.14476190476190476
3 0.4714285714285714 0.20476190476190476 0.045 0.14
3 0.2842857142857143 0.5761904761904761 0.04642857142857143 0.16095238095238096
3 0.275 0.26 0.05285714285714286 0.1523809523809524
3 0.2807142857142857 0.4257142857142857 0.05357142857142857 0.14095238095238094
3 0.26571428571428574 0.0009523809523809524 0.052142857142857144 0.11619047619047619
1 0.6035714285714285 0.11714285714285715 0.017857142857142856 0.03428571428571429
4 0.6857142857142857 0.3076190476190476 0.03785714285714286 0.03142857142857143
4 0.6821428571428572 0.2752380952380952 0.041428571428571426 0.03333333333333333
4 0.695 0.5838095238095238 0.04214285714285714 0.03333333333333333
4 0.7021428571428572 0.6180952380952381 0.04642857142857143 0.022857142857142857
1 0.7192857142857143 0.520952380952381 0.02 0.02
1 0.7442857142857143 0.4695238095238095 0.02142857142857143 0.021904761904761906
1 0.6721428571428572 0.6933333333333334 0.020714285714285713 0.02761904761904762
1 0.6642857142857143 0.8266666666666667 0.020714285714285713 0.03619047619047619
4 0.7421428571428571 0.8142857142857143 0.016428571428571428 0.06380952380952382
4 0.7742857142857142 0.8428571428571429 0.025 0.07809523809523809
1 0.325 0.48095238095238096 0.02214285714285714 0.017142857142857144
1 0.5535714285714286 0.5009523809523809 0.012142857142857143 0.024761904761904763
4 0.5364285714285715 0.4990476190476191 0.04 0.023809523809523808
4 0.5585714285714286 0.7847619047619048 0.047142857142857146 0.02857142857142857
1 0.5478571428571428 0.6352380952380953 0.015 0.02095238095238095
1 0.5828571428571429 0.659047619047619 0.013571428571428571 0.02095238095238095
1 0.5878571428571429 0.68 0.015 0.021904761904761906
1 0.5471428571428572 0.8895238095238095 0.016428571428571428 0.0380952380952381
