3 0.675 0.8578680203045685 0.07071428571428572 0.14086294416243655
1 0.6514285714285715 0.8401015228426396 0.012857142857142857 0.03680203045685279
3 0.6364285714285715 0.7017766497461929 0.060714285714285714 0.15355329949238578
3 0.6007142857142858 0.567258883248731 0.055714285714285716 0.13959390862944163
4 0.6792857142857143 0.6763959390862944 0.027142857142857142 0.05964467005076142
4 0.6557142857142857 0.6027918781725888 0.02857142857142857 0.07233502538071065
4 0.6364285714285715 0.5456852791878173 0.027142857142857142 0.06472081218274112
4 0.7114285714285714 0.5977157360406091 0.027857142857142858 0.06472081218274112
4 0.6907142857142857 0.5456852791878173 0.023571428571428573 0.0583756345177665
3 0.5892857142857143 0.3134517766497462 0.04642857142857143 0.09517766497461928
3 0.6314285714285715 0.26015228426395937 0.062142857142857146 0.06091370558375635
8 0.7257142857142858 0.1649746192893401 0.13785714285714284 0.11294416243654823
3 0.8921428571428571 0.13071065989847716 0.05714285714285714 0.0583756345177665
3 0.9471428571428572 0.10913705583756345 0.04928571428571429 0.05583756345177665
3 0.2814285714285714 0.399746192893401 0.08071428571428571 0.08883248730964467
1 0.38 0.5901015228426396 0.010714285714285714 0.03426395939086294
1 0.36357142857142855 0.6027918781725888 0.012857142857142857 0.027918781725888325
8 0.09571428571428571 0.45050761421319796 0.14285714285714285 0.12436548223350254
8 0.23285714285714285 0.21573604060913706 0.11428571428571428 0.13705583756345177
3 0.3435714285714286 0.16370558375634517 0.03214285714285714 0.08248730964467005
3 0.3514285714285714 0.012690355329949238 0.03428571428571429 0.09644670050761421
3 0.2542857142857143 0.0 0.03214285714285714 0.048223350253807105
