1 0.19357142857142856 0.3295238095238095 0.009285714285714286 0.02666666666666667
1 0.47214285714285714 0.22095238095238096 0.002857142857142857 0.011428571428571429
1 0.4735714285714286 0.22285714285714286 0.005 0.015238095238095238
1 0.4657142857142857 0.2257142857142857 0.005714285714285714 0.013333333333333334
1 0.485 0.23333333333333334 0.005 0.013333333333333334
1 0.6185714285714285 0.23523809523809525 0.002857142857142857 0.011428571428571429
1 0.6207142857142857 0.2342857142857143 0.004285714285714286 0.012380952380952381
1 0.6892857142857143 0.23333333333333334 0.005 0.01619047619047619
1 0.6978571428571428 0.23238095238095238 0.004285714285714286 0.014285714285714285
1 0.7357142857142858 0.2523809523809524 0.007142857142857143 0.01619047619047619
1 0.7428571428571429 0.2580952380952381 0.005 0.015238095238095238
1 0.7478571428571429 0.259047619047619 0.0035714285714285713 0.015238095238095238
1 0.7692857142857142 0.2638095238095238 0.005 0.014285714285714285
1 0.7735714285714286 0.2638095238095238 0.004285714285714286 0.017142857142857144
1 0.7778571428571428 0.26571428571428574 0.0035714285714285713 0.015238095238095238
1 0.56 0.23523809523809525 0.005 0.012380952380952381
3 0.6707142857142857 0.15333333333333332 0.007857142857142858 0.009523809523809525
3 0.6792857142857143 0.1761904761904762 0.017857142857142856 0.011428571428571429
3 0.66 0.18571428571428572 0.019285714285714285 0.007619047619047619
3 0.8028571428571428 0.17333333333333334 0.018571428571428572 0.006666666666666667
3 0.8 0.16952380952380952 0.016428571428571428 0.009523809523809525
3 0.8457142857142858 0.2780952380952381 0.02142857142857143 0.018095238095238095
3 0.8664285714285714 0.28095238095238095 0.025714285714285714 0.01904761904761905
1 0.8778571428571429 0.2923809523809524 0.008571428571428572 0.02
3 0.9135714285714286 0.3 0.04071428571428572 0.02
3 0.9421428571428572 0.3076190476190476 0.04214285714285714 0.018095238095238095
3 0.9864285714285714 0.3180952380952381 0.013571428571428571 0.02095238095238095
1 0.955 0.31333333333333335 0.007857142857142858 0.023809523809523808
1 0.95 0.31238095238095237 0.008571428571428572 0.02095238095238095
1 0.9585714285714285 0.31142857142857144 0.007142857142857143 0.023809523809523808
1 0.9628571428571429 0.3142857142857143 0.008571428571428572 0.021904761904761906
1 0.7507142857142857 0.3476190476190476 0.009285714285714286 0.025714285714285714
1 0.7828571428571428 0.9333333333333333 0.03642857142857143 0.06095238095238095
1 0.6357142857142857 0.5638095238095238 0.009285714285714286 0.035238095238095235
1 0.6985714285714286 0.5019047619047619 0.016428571428571428 0.03619047619047619
1 0.71 0.5047619047619047 0.012857142857142857 0.0380952380952381
1 0.7121428571428572 0.4942857142857143 0.009285714285714286 0.03428571428571429
1 0.6007142857142858 0.4895238095238095 0.009285714285714286 0.03333333333333333
1 0.6357142857142857 0.6190476190476191 0.012857142857142857 0.04285714285714286
1 0.51 0.5695238095238095 0.011428571428571429 0.039047619047619046
1 0.5728571428571428 0.43523809523809526 0.0064285714285714285 0.02761904761904762
1 0.5542857142857143 0.4228571428571429 0.0064285714285714285 0.024761904761904763
1 0.5671428571428572 0.42 0.007857142857142858 0.02857142857142857
1 0.5457142857142857 0.43238095238095237 0.009285714285714286 0.03142857142857143
1 0.5614285714285714 0.4066666666666667 0.008571428571428572 0.02761904761904762
1 0.56 0.42952380952380953 0.008571428571428572 0.03142857142857143
1 0.5292857142857142 0.3628571428571429 0.007857142857142858 0.029523809523809525
1 0.5407142857142857 0.3657142857142857 0.007857142857142858 0.024761904761904763
1 0.5378571428571428 0.35904761904761906 0.007857142857142858 0.023809523809523808
1 0.5 0.34095238095238095 0.005714285714285714 0.02
1 0.49785714285714283 0.3295238095238095 0.0064285714285714285 0.02
1 0.5157142857142857 0.3323809523809524 0.005 0.02095238095238095
1 0.5292857142857142 0.33714285714285713 0.007142857142857143 0.023809523809523808
1 0.5214285714285715 0.3304761904761905 0.005 0.022857142857142857
1 0.52 0.31333333333333335 0.005714285714285714 0.02095238095238095
1 0.5128571428571429 0.3171428571428571 0.005714285714285714 0.01904761904761905
1 0.5128571428571429 0.30857142857142855 0.004285714285714286 0.01904761904761905
1 0.5064285714285715 0.30095238095238097 0.005 0.01904761904761905
1 0.46285714285714286 0.2733333333333333 0.005714285714285714 0.018095238095238095
1 0.5178571428571429 0.29333333333333333 0.005 0.017142857142857144
1 0.5142857142857142 0.2876190476190476 0.004285714285714286 0.02
1 0.5078571428571429 0.2876190476190476 0.005 0.018095238095238095
1 0.5092857142857142 0.28476190476190477 0.004285714285714286 0.01619047619047619
1 0.5 0.29333333333333333 0.005714285714285714 0.02
1 0.4942857142857143 0.2876190476190476 0.005 0.02095238095238095
1 0.5014285714285714 0.28476190476190477 0.005714285714285714 0.017142857142857144
1 0.49214285714285716 0.26857142857142857 0.007142857142857143 0.01619047619047619
1 0.49357142857142855 0.5504761904761905 0.012142857142857143 0.039047619047619046
1 0.4664285714285714 0.5866666666666667 0.015 0.045714285714285714
1 0.4928571428571429 0.5923809523809523 0.011428571428571429 0.040952380952380955
3 0.4142857142857143 0.3961904761904762 0.02857142857142857 0.04380952380952381
6 0.4785714285714286 0.3580952380952381 0.05142857142857143 0.10380952380952381
6 0.5057142857142857 0.5114285714285715 0.12285714285714286 0.25333333333333335
3 0.465 0.24571428571428572 0.015714285714285715 0.021904761904761906
