3 0.39571428571428574 0.7238095238095238 0.045 0.13333333333333333
3 0.5221428571428571 0.7085714285714285 0.04357142857142857 0.12571428571428572
3 0.58 0.7438095238095238 0.054285714285714284 0.14
3 0.5057142857142857 0.5647619047619048 0.041428571428571426 0.10095238095238095
3 0.41 0.5942857142857143 0.037142857142857144 0.09238095238095238
3 0.07 0.800952380952381 0.12142857142857143 0.09333333333333334
3 0.13142857142857142 0.6866666666666666 0.09142857142857143 0.058095238095238096
3 0.15214285714285714 0.6304761904761905 0.08 0.04666666666666667
3 0.16857142857142857 0.5819047619047619 0.08357142857142857 0.05047619047619047
3 0.23857142857142857 0.4676190476190476 0.05714285714285714 0.03619047619047619
3 0.255 0.42952380952380953 0.065 0.04
3 0.4185714285714286 0.4828571428571429 0.032857142857142856 0.07142857142857142
3 0.42214285714285715 0.4076190476190476 0.027142857142857142 0.05904761904761905
3 0.49642857142857144 0.40095238095238095 0.02642857142857143 0.06380952380952382
3 0.5042857142857143 0.3314285714285714 0.03571428571428571 0.049523809523809526
3 0.4278571428571429 0.3523809523809524 0.024285714285714285 0.05142857142857143
1 0.195 0.3904761904761905 0.014285714285714285 0.03142857142857143
1 0.205 0.38857142857142857 0.013571428571428571 0.02761904761904762
3 0.3335714285714286 0.2561904761904762 0.05 0.030476190476190476
3 0.4807142857142857 0.1980952380952381 0.019285714285714285 0.03428571428571429
3 0.4685714285714286 0.1361904761904762 0.016428571428571428 0.024761904761904763
1 0.5942857142857143 0.1819047619047619 0.007142857142857143 0.02095238095238095
3 0.5407142857142857 0.04476190476190476 0.01 0.011428571428571429
3 0.5142857142857142 0.03238095238095238 0.009285714285714286 0.010476190476190476
3 0.515 0.01619047619047619 0.008571428571428572 0.011428571428571429
3 0.5264285714285715 0.0 0.011428571428571429 0.013333333333333334
1 0.4614285714285714 0.8361904761904762 0.011428571428571429 0.03238095238095238
4 0.45714285714285713 0.8571428571428571 0.014285714285714285 0.035238095238095235
1 0.355 0.6171428571428571 0.010714285714285714 0.029523809523809525
4 0.35214285714285715 0.64 0.012142857142857143 0.025714285714285714
