3 0.13285714285714287 0.9035532994923858 0.047142857142857146 0.0532994923857868
3 0.2 0.866751269035533 0.04 0.048223350253807105
3 0.07785714285714286 0.7918781725888325 0.027857142857142858 0.08375634517766498
3 0.05357142857142857 0.8045685279187818 0.022857142857142857 0.08248730964467005
3 0.39071428571428574 0.5228426395939086 0.020714285714285713 0.06979695431472081
3 0.4092857142857143 0.5304568527918782 0.016428571428571428 0.0583756345177665
3 0.4257142857142857 0.5317258883248731 0.016428571428571428 0.06472081218274112
3 0.4421428571428571 0.5266497461928934 0.017857142857142856 0.06852791878172589
3 0.4614285714285714 0.5291878172588832 0.016428571428571428 0.06725888324873096
3 0.47928571428571426 0.5329949238578681 0.015 0.05964467005076142
3 0.49642857142857144 0.5253807106598984 0.015714285714285715 0.0583756345177665
3 0.5128571428571429 0.5177664974619289 0.016428571428571428 0.06852791878172589
3 0.5307142857142857 0.5253807106598984 0.017142857142857144 0.07233502538071065
3 0.5492857142857143 0.5215736040609137 0.015 0.06345177664974619
3 0.5664285714285714 0.5177664974619289 0.015714285714285715 0.07106598984771574
3 0.5828571428571429 0.5190355329949239 0.017142857142857144 0.06852791878172589
3 0.5971428571428572 0.5228426395939086 0.020714285714285713 0.06598984771573604
3 0.6128571428571429 0.5114213197969543 0.02214285714285714 0.07106598984771574
3 0.6321428571428571 0.5101522842639594 0.02214285714285714 0.07233502538071065
3 0.6514285714285715 0.5215736040609137 0.018571428571428572 0.06345177664974619
3 0.6671428571428571 0.5139593908629442 0.020714285714285713 0.06725888324873096
3 0.6842857142857143 0.5101522842639594 0.02142857142857143 0.06472081218274112
3 0.7021428571428572 0.5177664974619289 0.020714285714285713 0.05583756345177665
3 0.6757142857142857 0.6218274111675127 0.045 0.03807106598984772
3 0.9457142857142857 0.7309644670050761 0.03214285714285714 0.07106598984771574
3 0.012857142857142857 0.8388324873096447 0.02 0.050761421319796954
