3 0.09571428571428571 0.5736040609137056 0.02142857142857143 0.06218274111675127
1 0.09071428571428572 0.5609137055837563 0.009285714285714286 0.013959390862944163
3 0.24428571428571427 0.5355329949238579 0.027142857142857142 0.03426395939086294
3 0.2571428571428571 0.5456852791878173 0.03357142857142857 0.03934010152284264
3 0.25857142857142856 0.5926395939086294 0.03142857142857143 0.04187817258883249
3 0.4685714285714286 0.4631979695431472 0.03214285714285714 0.03807106598984772
3 0.47214285714285714 0.4416243654822335 0.03142857142857143 0.03299492385786802
3 0.48214285714285715 0.41751269035532995 0.027857142857142858 0.03553299492385787
3 0.49357142857142855 0.383248730964467 0.03142857142857143 0.03807106598984772
3 0.5142857142857142 0.33756345177664976 0.024285714285714285 0.0266497461928934
3 0.52 0.3197969543147208 0.022857142857142857 0.0266497461928934
8 0.5578571428571428 0.3464467005076142 0.03857142857142857 0.07614213197969544
1 0.5814285714285714 0.3350253807106599 0.005 0.01649746192893401
1 0.5785714285714286 0.3299492385786802 0.0035714285714285713 0.013959390862944163
1 0.5757142857142857 0.3286802030456853 0.0035714285714285713 0.013959390862944163
1 0.5721428571428572 0.32614213197969544 0.004285714285714286 0.013959390862944163
3 0.6021428571428571 0.3769035532994924 0.027857142857142858 0.03426395939086294
8 0.6157142857142858 0.46573604060913704 0.03857142857142857 0.048223350253807105
1 0.6178571428571429 0.4847715736040609 0.007857142857142858 0.017766497461928935
1 0.6364285714285715 0.47715736040609136 0.005714285714285714 0.015228426395939087
3 0.895 0.5038071065989848 0.03214285714285714 0.03680203045685279
3 0.9028571428571428 0.48096446700507617 0.03642857142857143 0.03680203045685279
3 0.9114285714285715 0.45558375634517767 0.03214285714285714 0.04187817258883249
3 0.9164285714285715 0.43274111675126903 0.03214285714285714 0.04060913705583756
3 0.9157142857142857 0.4149746192893401 0.037142857142857144 0.04187817258883249
8 0.5678571428571428 0.10152284263959391 0.02857142857142857 0.06218274111675127
3 0.5985714285714285 0.013959390862944163 0.016428571428571428 0.02918781725888325
1 0.5457142857142857 0.08629441624365482 0.005 0.015228426395939087
3 0.9485714285714286 0.12563451776649745 0.04 0.03426395939086294
3 0.9564285714285714 0.10913705583756345 0.03 0.03426395939086294
3 0.9585714285714285 0.09644670050761421 0.029285714285714286 0.030456852791878174
6 0.29285714285714287 0.3210659898477157 0.05928571428571429 0.07741116751269035
