1 0.5342857142857143 0.9419047619047619 0.02142857142857143 0.05047619047619047
1 0.52 0.92 0.02142857142857143 0.058095238095238096
1 0.6135714285714285 0.8533333333333334 0.029285714285714286 0.049523809523809526
1 0.6385714285714286 0.8571428571428571 0.02642857142857143 0.058095238095238096
1 0.7671428571428571 0.8838095238095238 0.032857142857142856 0.05523809523809524
1 0.8771428571428571 0.7038095238095238 0.035 0.05714285714285714
1 0.8507142857142858 0.6847619047619048 0.030714285714285715 0.06095238095238095
1 0.8342857142857143 0.6742857142857143 0.032857142857142856 0.06095238095238095
1 0.8142857142857143 0.6695238095238095 0.03428571428571429 0.05619047619047619
1 0.7921428571428571 0.6371428571428571 0.03142857142857143 0.047619047619047616
1 0.8492857142857143 0.6276190476190476 0.03142857142857143 0.05142857142857143
1 0.83 0.5952380952380952 0.030714285714285715 0.054285714285714284
1 0.7357142857142858 0.5714285714285714 0.02 0.049523809523809526
1 0.7457142857142857 0.5152380952380953 0.023571428571428573 0.05142857142857143
1 0.49142857142857144 0.5895238095238096 0.011428571428571429 0.045714285714285714
1 0.48714285714285716 0.5733333333333334 0.016428571428571428 0.040952380952380955
1 0.585 0.49523809523809526 0.013571428571428571 0.047619047619047616
1 0.5921428571428572 0.4876190476190476 0.015 0.047619047619047616
1 0.5971428571428572 0.4780952380952381 0.013571428571428571 0.047619047619047616
1 0.5914285714285714 0.4076190476190476 0.012857142857142857 0.0419047619047619
1 0.3485714285714286 0.3438095238095238 0.012142857142857143 0.03428571428571429
1 0.3607142857142857 0.3419047619047619 0.008571428571428572 0.03428571428571429
1 0.36642857142857144 0.3419047619047619 0.009285714285714286 0.03428571428571429
1 0.285 0.40190476190476193 0.015714285714285715 0.04
1 0.29 0.38666666666666666 0.016428571428571428 0.039047619047619046
1 0.26785714285714285 0.4514285714285714 0.017857142857142856 0.03619047619047619
1 0.2642857142857143 0.44761904761904764 0.01 0.035238095238095235
1 0.19785714285714287 0.44952380952380955 0.017142857142857144 0.039047619047619046
1 0.18642857142857142 0.47333333333333333 0.016428571428571428 0.037142857142857144
1 0.14785714285714285 0.4666666666666667 0.025714285714285714 0.04380952380952381
1 0.16428571428571428 0.4342857142857143 0.02214285714285714 0.04666666666666667
1 0.08785714285714286 0.5476190476190477 0.023571428571428573 0.040952380952380955
1 0.06428571428571428 0.5657142857142857 0.027857142857142858 0.040952380952380955
1 0.06714285714285714 0.47619047619047616 0.029285714285714286 0.04666666666666667
1 0.04428571428571428 0.4076190476190476 0.027142857142857142 0.04
1 0.0 0.37047619047619046 0.029285714285714286 0.04
1 0.0 0.3980952380952381 0.016428571428571428 0.03619047619047619
1 0.3507142857142857 0.31142857142857144 0.01 0.035238095238095235
1 0.36642857142857144 0.2904761904761905 0.009285714285714286 0.030476190476190476
1 0.33714285714285713 0.29619047619047617 0.009285714285714286 0.030476190476190476
1 0.345 0.29428571428571426 0.009285714285714286 0.030476190476190476
1 0.35 0.29428571428571426 0.010714285714285714 0.029523809523809525
1 0.345 0.2838095238095238 0.007857142857142858 0.021904761904761906
1 0.3514285714285714 0.28095238095238095 0.008571428571428572 0.024761904761904763
1 0.32571428571428573 0.2695238095238095 0.010714285714285714 0.03142857142857143
1 0.3342857142857143 0.26476190476190475 0.010714285714285714 0.03142857142857143
1 0.34285714285714286 0.26571428571428574 0.008571428571428572 0.02761904761904762
1 0.3492857142857143 0.2619047619047619 0.011428571428571429 0.030476190476190476
3 0.3057142857142857 0.21619047619047618 0.04928571428571429 0.0380952380952381
1 0.3107142857142857 0.25142857142857145 0.009285714285714286 0.02761904761904762
1 0.32071428571428573 0.2619047619047619 0.007857142857142858 0.025714285714285714
1 0.31857142857142856 0.2523809523809524 0.007857142857142858 0.021904761904761906
1 0.32785714285714285 0.25523809523809526 0.007857142857142858 0.02
1 0.3342857142857143 0.25333333333333335 0.007857142857142858 0.021904761904761906
1 0.40714285714285714 0.17142857142857143 0.007857142857142858 0.024761904761904763
1 0.41285714285714287 0.17047619047619048 0.0064285714285714285 0.025714285714285714
1 0.41714285714285715 0.16952380952380952 0.007142857142857143 0.02666666666666667
1 0.4235714285714286 0.17142857142857143 0.008571428571428572 0.024761904761904763
1 0.4228571428571429 0.17809523809523808 0.008571428571428572 0.024761904761904763
1 0.4328571428571429 0.18 0.007142857142857143 0.021904761904761906
1 0.43 0.16285714285714287 0.007142857142857143 0.02095238095238095
1 0.43785714285714283 0.16095238095238096 0.007142857142857143 0.02095238095238095
1 0.445 0.15523809523809523 0.0064285714285714285 0.021904761904761906
1 0.4642857142857143 0.16952380952380952 0.007142857142857143 0.024761904761904763
1 0.46 0.16476190476190475 0.005714285714285714 0.023809523809523808
1 0.43357142857142855 0.1380952380952381 0.007857142857142858 0.023809523809523808
1 0.41785714285714287 0.12095238095238095 0.005714285714285714 0.022857142857142857
1 0.41285714285714287 0.1219047619047619 0.005714285714285714 0.022857142857142857
1 0.40785714285714286 0.12380952380952381 0.007142857142857143 0.02095238095238095
1 0.40285714285714286 0.12285714285714286 0.0064285714285714285 0.021904761904761906
1 0.3921428571428571 0.12285714285714286 0.007142857142857143 0.02095238095238095
1 0.3871428571428571 0.12285714285714286 0.0064285714285714285 0.017142857142857144
1 0.39 0.11714285714285715 0.007857142857142858 0.018095238095238095
1 0.3842857142857143 0.11523809523809524 0.005714285714285714 0.01904761904761905
1 0.38 0.11714285714285715 0.005714285714285714 0.018095238095238095
2 0.39571428571428574 0.09904761904761905 0.007142857142857143 0.011428571428571429
1 0.3964285714285714 0.09238095238095238 0.005714285714285714 0.013333333333333334
2 0.3414285714285714 0.07047619047619047 0.0064285714285714285 0.010476190476190476
1 0.3414285714285714 0.06476190476190476 0.004285714285714286 0.012380952380952381
1 0.32071428571428573 0.09333333333333334 0.005714285714285714 0.01619047619047619
1 0.32357142857142857 0.09142857142857143 0.005714285714285714 0.017142857142857144
1 0.5778571428571428 0.1457142857142857 0.007857142857142858 0.02
1 0.6285714285714286 0.15428571428571428 0.01 0.024761904761904763
1 0.6257142857142857 0.15142857142857144 0.007857142857142858 0.022857142857142857
1 0.6278571428571429 0.1361904761904762 0.0064285714285714285 0.022857142857142857
1 0.6235714285714286 0.1361904761904762 0.0064285714285714285 0.021904761904761906
1 0.6871428571428572 0.13238095238095238 0.007857142857142858 0.024761904761904763
1 0.7371428571428571 0.12380952380952381 0.007142857142857143 0.022857142857142857
1 0.7635714285714286 0.13904761904761906 0.007142857142857143 0.024761904761904763
1 0.7557142857142857 0.11238095238095239 0.007857142857142858 0.022857142857142857
1 0.9157142857142857 0.5638095238095238 0.030714285714285715 0.054285714285714284
1 0.9414285714285714 0.5876190476190476 0.030714285714285715 0.05142857142857143
1 0.9478571428571428 0.5361904761904762 0.03571428571428571 0.04476190476190476
1 0.97 0.5638095238095238 0.03 0.05142857142857143
1 0.9764285714285714 0.26761904761904765 0.023571428571428573 0.045714285714285714
1 0.9864285714285714 0.2819047619047619 0.013571428571428571 0.035238095238095235
1 0.9414285714285714 0.5876190476190476 0.030714285714285715 0.05142857142857143
