1 0.2531315240083507 0.4322820037105751 0.010438413361169102 0.03153988868274583
3 0.14979123173277661 0.15584415584415584 0.049060542797494784 0.041743970315398886
3 0.17901878914405012 0.2949907235621521 0.04749478079331942 0.04638218923933209
3 0.19937369519832984 0.4712430426716141 0.05897703549060543 0.06307977736549165
3 0.21346555323590813 0.5500927643784786 0.0360125260960334 0.09740259740259741
3 0.2620041753653445 0.6975881261595547 0.06419624217118998 0.06493506493506493
3 0.37265135699373697 0.8293135435992579 0.05636743215031315 0.09276437847866419
3 0.40501043841336115 0.8868274582560297 0.05375782881002088 0.08534322820037106
3 0.4384133611691023 0.9257884972170687 0.050626304801670144 0.07328385899814471
3 0.49164926931106473 0.650278293135436 0.0360125260960334 0.09554730983302412
3 0.5521920668058455 0.6029684601113172 0.05271398747390397 0.09925788497217068
3 0.6299582463465553 0.5380333951762524 0.04645093945720251 0.09369202226345083
3 0.6539665970772442 0.5213358070500927 0.05375782881002088 0.09925788497217068
3 0.5589770354906054 0.43692022263450836 0.0511482254697286 0.059369202226345084
3 0.5887265135699373 0.3116883116883117 0.04540709812108559 0.0686456400742115
