6 0.508 0.7513333333333333 0.1405 0.24
3 0.437 0.6986666666666667 0.034 0.066
3 0.3785 0.6393333333333333 0.0285 0.046
3 0.456 0.62 0.0335 0.042
3 0.408 0.59 0.0295 0.03933333333333333
3 0.3685 0.6053333333333333 0.0285 0.042
3 0.425 0.56 0.0275 0.03266666666666666
3 0.572 0.57 0.036 0.03333333333333333
3 0.5365 0.5286666666666666 0.0265 0.024
3 0.376 0.5346666666666666 0.0245 0.030666666666666665
3 0.428 0.514 0.038 0.02266666666666667
3 0.4185 0.5046666666666667 0.039 0.024
3 0.41 0.4886666666666667 0.037 0.02
3 0.4035 0.482 0.038 0.018
3 0.3805 0.47 0.0175 0.02266666666666667
3 0.3705 0.458 0.018 0.020666666666666667
3 0.489 0.478 0.0225 0.02
3 0.458 0.44866666666666666 0.0215 0.016666666666666666
3 0.421 0.458 0.0205 0.018
3 0.41 0.44333333333333336 0.016 0.016666666666666666
3 0.421 0.4126666666666667 0.016 0.016
3 0.397 0.43 0.015 0.015333333333333332
3 0.3315 0.44266666666666665 0.015 0.018666666666666668
3 0.3055 0.43266666666666664 0.014 0.016666666666666666
8 0.322 0.39666666666666667 0.0185 0.018
3 0.3115 0.38666666666666666 0.0165 0.016
3 0.308 0.406 0.02 0.018
3 0.1925 0.7473333333333333 0.078 0.048
3 0.249 0.6986666666666667 0.0355 0.052
3 0.2065 0.7 0.0355 0.050666666666666665
3 0.2045 0.452 0.033 0.018
3 0.2035 0.44333333333333336 0.034 0.016666666666666666
3 0.2085 0.42533333333333334 0.031 0.014
3 0.2125 0.42133333333333334 0.0255 0.015333333333333332
3 0.212 0.416 0.0285 0.016666666666666666
3 0.194 0.4066666666666667 0.0125 0.016
2 0.202 0.6686666666666666 0.0135 0.018
