3 0.5257142857142857 0.8952380952380953 0.024285714285714285 0.06571428571428571
3 0.52 0.8295238095238096 0.020714285714285713 0.05619047619047619
3 0.4614285714285714 0.7714285714285715 0.017142857142857144 0.04857142857142857
3 0.5142857142857142 0.7885714285714286 0.018571428571428572 0.040952380952380955
3 0.4585714285714286 0.7304761904761905 0.017857142857142856 0.04
3 0.5085714285714286 0.7047619047619048 0.012857142857142857 0.029523809523809525
3 0.5007142857142857 0.660952380952381 0.017142857142857144 0.03333333333333333
3 0.42142857142857143 0.6390476190476191 0.029285714285714286 0.017142857142857144
3 0.42 0.6057142857142858 0.027142857142857142 0.01619047619047619
3 0.42 0.5771428571428572 0.029285714285714286 0.01619047619047619
3 0.4207142857142857 0.5647619047619048 0.025 0.013333333333333334
3 0.42214285714285715 0.5561904761904762 0.023571428571428573 0.012380952380952381
3 0.4235714285714286 0.5161904761904762 0.019285714285714285 0.014285714285714285
3 0.4592857142857143 0.5447619047619048 0.012142857142857143 0.02761904761904762
3 0.44571428571428573 0.5104761904761905 0.010714285714285714 0.022857142857142857
3 0.4442857142857143 0.38095238095238093 0.007142857142857143 0.011428571428571429
3 0.44642857142857145 0.37238095238095237 0.005 0.007619047619047619
3 0.4607142857142857 0.3961904761904762 0.012142857142857143 0.010476190476190476
3 0.44571428571428573 0.4095238095238095 0.007142857142857143 0.01619047619047619
3 0.47214285714285714 0.4523809523809524 0.008571428571428572 0.018095238095238095
8 0.47928571428571426 0.919047619047619 0.020714285714285713 0.08095238095238096
8 0.4307142857142857 0.6619047619047619 0.03357142857142857 0.029523809523809525
8 0.4207142857142857 0.4742857142857143 0.02214285714285714 0.021904761904761906
8 0.42428571428571427 0.49523809523809526 0.018571428571428572 0.015238095238095238
8 0.4442857142857143 0.44 0.009285714285714286 0.025714285714285714
8 0.4928571428571429 0.5876190476190476 0.03357142857142857 0.025714285714285714
4 0.5078571428571429 0.8733333333333333 0.009285714285714286 0.025714285714285714
4 0.49642857142857144 0.7733333333333333 0.007142857142857143 0.01904761904761905
4 0.5121428571428571 0.7561904761904762 0.017142857142857144 0.015238095238095238
4 0.5135714285714286 0.7742857142857142 0.018571428571428572 0.012380952380952381
4 0.47785714285714287 0.6114285714285714 0.005 0.014285714285714285
4 0.48142857142857143 0.5876190476190476 0.005 0.012380952380952381
4 0.47214285714285714 0.8323809523809523 0.009285714285714286 0.01904761904761905
4 0.46 0.8304761904761905 0.009285714285714286 0.02095238095238095
4 0.4592857142857143 0.8485714285714285 0.008571428571428572 0.02095238095238095
4 0.46785714285714286 0.8504761904761905 0.010714285714285714 0.01904761904761905
4 0.45714285714285713 0.9428571428571428 0.017857142857142856 0.02
1 0.49 0.6457142857142857 0.0035714285714285713 0.01619047619047619
1 0.5285714285714286 0.7257142857142858 0.005 0.014285714285714285
1 0.4542857142857143 0.38761904761904764 0.0035714285714285713 0.008571428571428572
1 0.45785714285714285 0.35619047619047617 0.002857142857142857 0.009523809523809525
1 0.47928571428571426 0.5476190476190477 0.0035714285714285713 0.011428571428571429
1 0.4707142857142857 0.5247619047619048 0.0035714285714285713 0.012380952380952381
1 0.5628571428571428 0.8904761904761904 0.0064285714285714285 0.02
1 0.5157142857142857 0.9457142857142857 0.005714285714285714 0.01904761904761905
1 0.5592857142857143 0.9466666666666667 0.005714285714285714 0.018095238095238095
1 0.5657142857142857 0.9314285714285714 0.005 0.01904761904761905
4 0.5264285714285715 0.959047619047619 0.022857142857142857 0.017142857142857144
4 0.5321428571428571 0.9742857142857143 0.022857142857142857 0.024761904761904763
