3 0.5771428571428572 0.6027918781725888 0.09 0.07614213197969544
3 0.375 0.6205583756345178 0.08428571428571428 0.06725888324873096
3 0.22785714285714287 0.6434010152284264 0.08642857142857142 0.06345177664974619
8 0.26357142857142857 0.41878172588832485 0.14785714285714285 0.12563451776649745
4 0.18857142857142858 0.467005076142132 0.03571428571428571 0.046954314720812185
1 0.1957142857142857 0.467005076142132 0.018571428571428572 0.03553299492385787
6 0.03 0.17639593908629442 0.05142857142857143 0.17258883248730963
6 0.04357142857142857 0.0 0.04642857142857143 0.11802030456852793
1 0.38785714285714284 0.33121827411167515 0.010714285714285714 0.031725888324873094
1 0.40214285714285714 0.35279187817258884 0.010714285714285714 0.03426395939086294
1 0.5392857142857143 0.35152284263959394 0.013571428571428571 0.03299492385786802
