1 0.2885714285714286 0.08666666666666667 0.014285714285714285 0.05142857142857143
4 0.09214285714285714 0.1580952380952381 0.05 0.03619047619047619
1 0.09714285714285714 0.14952380952380953 0.02142857142857143 0.03238095238095238
1 0.25357142857142856 0.2704761904761905 0.023571428571428573 0.0419047619047619
1 0.23714285714285716 0.2923809523809524 0.02214285714285714 0.05047619047619047
3 0.125 0.37333333333333335 0.12785714285714286 0.17904761904761904
1 0.12071428571428572 0.6228571428571429 0.030714285714285715 0.02761904761904762
1 0.6142857142857143 0.5704761904761905 0.019285714285714285 0.040952380952380955
1 0.565 0.4685714285714286 0.017142857142857144 0.040952380952380955
1 0.49214285714285716 0.4580952380952381 0.015 0.037142857142857144
1 0.5464285714285714 0.4142857142857143 0.017142857142857144 0.04
1 0.43714285714285717 0.4 0.019285714285714285 0.04
1 0.5007142857142857 0.3466666666666667 0.015714285714285715 0.04
1 0.40785714285714286 0.3361904761904762 0.017857142857142856 0.040952380952380955
1 0.4614285714285714 0.27714285714285714 0.017857142857142856 0.04476190476190476
1 0.5485714285714286 0.26476190476190475 0.014285714285714285 0.04666666666666667
1 0.5664285714285714 0.30095238095238097 0.018571428571428572 0.04380952380952381
1 0.6271428571428571 0.3619047619047619 0.017857142857142856 0.04
1 0.6435714285714286 0.24761904761904763 0.016428571428571428 0.04476190476190476
1 0.5257142857142857 0.21904761904761905 0.017142857142857144 0.04857142857142857
1 0.4328571428571429 0.20476190476190476 0.012857142857142857 0.04666666666666667
1 0.51 0.18 0.015714285714285715 0.040952380952380955
4 0.5735714285714286 0.11428571428571428 0.039285714285714285 0.0419047619047619
4 0.6078571428571429 0.1742857142857143 0.030714285714285715 0.04380952380952381
4 0.6464285714285715 0.18571428571428572 0.019285714285714285 0.05333333333333334
1 0.7042857142857143 0.3 0.024285714285714285 0.045714285714285714
1 0.6942857142857143 0.40476190476190477 0.023571428571428573 0.040952380952380955
1 0.6571428571428571 0.439047619047619 0.02214285714285714 0.0419047619047619
1 0.6942857142857143 0.5295238095238095 0.027857142857142858 0.039047619047619046
3 0.8685714285714285 0.8647619047619047 0.13142857142857142 0.11714285714285715
3 0.8228571428571428 0.6628571428571428 0.16642857142857143 0.14
