1 0.16142857142857142 0.8828571428571429 0.015 0.054285714285714284
3 0.265 0.8266666666666667 0.03857142857142857 0.0761904761904762
8 0.32 0.7771428571428571 0.054285714285714284 0.10476190476190476
8 0.3057142857142857 0.6257142857142857 0.027142857142857142 0.0380952380952381
3 0.24571428571428572 0.6485714285714286 0.022857142857142857 0.029523809523809525
3 0.004285714285714286 0.8533333333333334 0.07 0.11333333333333333
3 0.07571428571428572 0.7333333333333333 0.04214285714285714 0.05904761904761905
3 0.16285714285714287 0.6619047619047619 0.025714285714285714 0.03428571428571429
8 0.09785714285714285 0.6057142857142858 0.056428571428571425 0.10380952380952381
3 0.17142857142857143 0.5914285714285714 0.015 0.01904761904761905
3 0.1692857142857143 0.5657142857142857 0.013571428571428571 0.017142857142857144
3 0.235 0.5657142857142857 0.012142857142857143 0.014285714285714285
3 0.25357142857142856 0.5533333333333333 0.010714285714285714 0.011428571428571429
3 0.2692857142857143 0.5504761904761905 0.010714285714285714 0.010476190476190476
3 0.2342857142857143 0.5533333333333333 0.010714285714285714 0.010476190476190476
3 0.2342857142857143 0.540952380952381 0.01 0.009523809523809525
3 0.2342857142857143 0.5285714285714286 0.007857142857142858 0.008571428571428572
3 0.23 0.5171428571428571 0.007142857142857143 0.006666666666666667
3 0.24571428571428572 0.5190476190476191 0.007142857142857143 0.007619047619047619
3 0.23857142857142857 0.5019047619047619 0.0064285714285714285 0.004761904761904762
3 0.21 0.49714285714285716 0.0064285714285714285 0.006666666666666667
3 0.23642857142857143 0.49523809523809526 0.004285714285714286 0.0038095238095238095
3 0.2357142857142857 0.4895238095238095 0.004285714285714286 0.0038095238095238095
3 0.2292857142857143 0.4866666666666667 0.004285714285714286 0.004761904761904762
3 0.235 0.4828571428571429 0.002857142857142857 0.002857142857142857
3 0.22714285714285715 0.4780952380952381 0.002857142857142857 0.002857142857142857
3 0.21357142857142858 0.4866666666666667 0.004285714285714286 0.0038095238095238095
3 0.21357142857142858 0.4828571428571429 0.0035714285714285713 0.0038095238095238095
3 0.2092857142857143 0.4819047619047619 0.0035714285714285713 0.0038095238095238095
3 0.20714285714285716 0.4866666666666667 0.0035714285714285713 0.0038095238095238095
3 0.2007142857142857 0.48857142857142855 0.004285714285714286 0.0038095238095238095
3 0.20357142857142857 0.4838095238095238 0.0035714285714285713 0.0038095238095238095
8 0.23 0.4695238095238095 0.005 0.007619047619047619
3 0.2292857142857143 0.4704761904761905 0.002142857142857143 0.002857142857142857
3 0.2257142857142857 0.4704761904761905 0.002142857142857143 0.002857142857142857
