1 0.5555 0.9146666666666666 0.0155 0.044
1 0.5285 0.8833333333333333 0.0295 0.058666666666666666
1 0.58 0.8006666666666666 0.0205 0.056
2 0.558 0.766 0.0335 0.10066666666666667
2 0.578 0.66 0.0355 0.09933333333333333
1 0.596 0.6866666666666666 0.025 0.051333333333333335
1 0.5665 0.6313333333333333 0.0335 0.042
1 0.5375 0.6533333333333333 0.0205 0.03933333333333333
1 0.509 0.6053333333333333 0.0325 0.03
1 0.4695 0.6973333333333334 0.0205 0.035333333333333335
1 0.4455 0.6906666666666667 0.02 0.030666666666666665
1 0.5655 0.5226666666666666 0.0455 0.05733333333333333
2 0.8795 0.8586666666666667 0.0885 0.07
1 0.7225 0.5113333333333333 0.0455 0.044
2 0.7505 0.454 0.089 0.18133333333333335
1 0.6585 0.5826666666666667 0.0435 0.04
4 0.641 0.5486666666666666 0.0785 0.058666666666666666
1 0.5395 0.49066666666666664 0.028 0.026
1 0.565 0.4706666666666667 0.0245 0.03866666666666667
1 0.562 0.44066666666666665 0.035 0.028
1 0.5395 0.43666666666666665 0.0245 0.032
1 0.54 0.432 0.0235 0.026
1 0.532 0.4093333333333333 0.0215 0.028
1 0.537 0.364 0.0255 0.046
1 0.0715 0.324 0.0465 0.032
4 0.88 0.29133333333333333 0.0545 0.09133333333333334
4 0.8245 0.24266666666666667 0.045 0.10333333333333333
1 0.4545 0.472 0.029 0.03133333333333333
1 0.459 0.42866666666666664 0.0365 0.036
4 0.044 0.26466666666666666 0.093 0.043333333333333335
4 0.2345 0.23533333333333334 0.0795 0.042666666666666665
4 0.228 0.2 0.081 0.04466666666666667
4 0.235 0.174 0.074 0.04066666666666666
4 0.3155 0.16 0.075 0.074
4 0.321 0.21 0.063 0.06333333333333334
4 0.3405 0.24133333333333334 0.0585 0.06933333333333333
4 0.386 0.236 0.0375 0.07666666666666666
4 0.4145 0.19733333333333333 0.0395 0.1
4 0.4465 0.19466666666666665 0.04 0.09
1 0.3315 0.21666666666666667 0.054 0.036
1 0.359 0.2613333333333333 0.027 0.04666666666666667
1 0.444 0.18933333333333333 0.023 0.044
1 0.6975 0.29533333333333334 0.037 0.04933333333333333
1 0.73 0.2633333333333333 0.023 0.028666666666666667
1 0.5945 0.214 0.032 0.054
1 0.5385 0.22466666666666665 0.0285 0.05466666666666667
1 0.572 0.19133333333333333 0.0285 0.05333333333333334
1 0.587 0.14466666666666667 0.038 0.062
1 0.7515 0.14 0.056 0.068
4 0.8045 0.023333333333333334 0.055 0.11333333333333333
2 0.8855 0.01 0.055 0.10933333333333334
4 0.8465 0.0 0.065 0.024
4 0.5415 0.038 0.044 0.07466666666666667
3 0.2215 0.012 0.2095 0.15333333333333332
4 0.2075 0.0 0.0735 0.021333333333333333
