1 0.6642857142857143 0.8657142857142858 0.016428571428571428 0.039047619047619046
1 0.6385714285714286 0.8476190476190476 0.017857142857142856 0.04476190476190476
1 0.6178571428571429 0.8504761904761905 0.017857142857142856 0.0380952380952381
1 0.5828571428571429 0.5466666666666666 0.011428571428571429 0.030476190476190476
1 0.5728571428571428 0.539047619047619 0.01 0.03333333333333333
1 0.5628571428571428 0.5419047619047619 0.01 0.03333333333333333
1 0.5157142857142857 0.47523809523809524 0.007857142857142858 0.024761904761904763
1 0.5214285714285715 0.47523809523809524 0.005714285714285714 0.025714285714285714
1 0.5042857142857143 0.3923809523809524 0.007142857142857143 0.021904761904761906
1 0.5164285714285715 0.39714285714285713 0.005 0.02095238095238095
1 0.52 0.3942857142857143 0.008571428571428572 0.024761904761904763
1 0.4635714285714286 0.2923809523809524 0.005 0.018095238095238095
1 0.4735714285714286 0.2885714285714286 0.005714285714285714 0.01904761904761905
1 0.47928571428571426 0.2914285714285714 0.0064285714285714285 0.01904761904761905
1 0.49785714285714283 0.26571428571428574 0.004285714285714286 0.017142857142857144
1 0.5007142857142857 0.26476190476190475 0.005 0.01904761904761905
1 0.5021428571428571 0.26095238095238094 0.004285714285714286 0.01619047619047619
1 0.505 0.26 0.004285714285714286 0.017142857142857144
4 0.45571428571428574 0.26 0.007857142857142858 0.011428571428571429
1 0.4564285714285714 0.25142857142857145 0.005 0.015238095238095238
4 0.46214285714285713 0.25047619047619046 0.008571428571428572 0.014285714285714285
1 0.465 0.24571428571428572 0.004285714285714286 0.014285714285714285
1 0.46214285714285713 0.24476190476190476 0.005 0.014285714285714285
1 0.43 0.2342857142857143 0.005714285714285714 0.018095238095238095
1 0.4228571428571429 0.2342857142857143 0.005714285714285714 0.018095238095238095
1 0.41785714285714287 0.23333333333333334 0.002857142857142857 0.017142857142857144
1 0.4135714285714286 0.2361904761904762 0.005714285714285714 0.017142857142857144
1 0.4092857142857143 0.23238095238095238 0.005 0.015238095238095238
1 0.39714285714285713 0.22095238095238096 0.004285714285714286 0.015238095238095238
1 0.4092857142857143 0.17523809523809525 0.005 0.011428571428571429
4 0.3914285714285714 0.1619047619047619 0.0064285714285714285 0.009523809523809525
2 0.4157142857142857 0.15714285714285714 0.013571428571428571 0.014285714285714285
3 0.35642857142857143 0.1438095238095238 0.011428571428571429 0.01904761904761905
4 0.37142857142857144 0.14761904761904762 0.004285714285714286 0.007619047619047619
1 0.3707142857142857 0.1438095238095238 0.004285714285714286 0.008571428571428572
1 0.375 0.13904761904761906 0.004285714285714286 0.012380952380952381
1 0.3485714285714286 0.11238095238095239 0.0035714285714285713 0.010476190476190476
1 0.35214285714285715 0.11619047619047619 0.004285714285714286 0.013333333333333334
1 0.35 0.10666666666666667 0.004285714285714286 0.013333333333333334
1 0.3314285714285714 0.13428571428571429 0.004285714285714286 0.013333333333333334
1 0.3292857142857143 0.13523809523809524 0.0035714285714285713 0.013333333333333334
1 0.3264285714285714 0.13428571428571429 0.0035714285714285713 0.013333333333333334
1 0.32357142857142857 0.13428571428571429 0.004285714285714286 0.012380952380952381
1 0.32071428571428573 0.13428571428571429 0.004285714285714286 0.012380952380952381
1 0.3264285714285714 0.12 0.0035714285714285713 0.011428571428571429
1 0.5557142857142857 0.2342857142857143 0.002857142857142857 0.012380952380952381
1 0.5578571428571428 0.2342857142857143 0.005 0.013333333333333334
1 0.6842857142857143 0.1980952380952381 0.004285714285714286 0.015238095238095238
1 0.8528571428571429 0.09142857142857143 0.004285714285714286 0.012380952380952381
1 0.8464285714285714 0.09047619047619047 0.005 0.011428571428571429
3 0.8464285714285714 0.08285714285714285 0.018571428571428572 0.010476190476190476
3 0.8628571428571429 0.0838095238095238 0.017142857142857144 0.013333333333333334
1 0.8264285714285714 0.0761904761904762 0.004285714285714286 0.008571428571428572
3 0.7971428571428572 0.07047619047619047 0.015 0.008571428571428572
3 0.7921428571428571 0.06666666666666667 0.015714285714285715 0.010476190476190476
3 0.7885714285714286 0.06571428571428571 0.012142857142857143 0.009523809523809525
3 0.7278571428571429 0.05047619047619047 0.018571428571428572 0.010476190476190476
3 0.7185714285714285 0.04857142857142857 0.014285714285714285 0.008571428571428572
3 0.7021428571428572 0.039047619047619046 0.014285714285714285 0.006666666666666667
