3 0.4607142857142857 0.7182741116751269 0.018571428571428572 0.05456852791878172
3 0.4042857142857143 0.7829949238578681 0.02142857142857143 0.05964467005076142
3 0.4692857142857143 0.5444162436548223 0.016428571428571428 0.03934010152284264
3 0.48857142857142855 0.5368020304568528 0.015 0.04187817258883249
3 0.4614285714285714 0.4873096446700508 0.015 0.03426395939086294
3 0.4542857142857143 0.6345177664974619 0.015714285714285715 0.04568527918781726
3 0.44142857142857145 0.5888324873096447 0.015 0.04187817258883249
3 0.42857142857142855 0.7880710659898477 0.02142857142857143 0.05964467005076142
3 0.38785714285714284 0.8629441624365483 0.022857142857142857 0.06725888324873096
3 0.4942857142857143 0.49111675126903553 0.013571428571428571 0.03299492385786802
3 0.5078571428571429 0.2233502538071066 0.010714285714285714 0.02284263959390863
3 0.5035714285714286 0.2550761421319797 0.01 0.024111675126903553
3 0.5228571428571429 0.23604060913705585 0.012857142857142857 0.025380710659898477
3 0.5042857142857143 0.4289340101522843 0.012142857142857143 0.030456852791878174
3 0.4514285714285714 0.7804568527918782 0.017857142857142856 0.0532994923857868
3 0.44285714285714284 0.8426395939086294 0.02 0.05456852791878172
3 0.5221428571428571 0.2614213197969543 0.011428571428571429 0.024111675126903553
3 0.47928571428571426 0.3934010152284264 0.012857142857142857 0.030456852791878174
3 0.4707142857142857 0.44543147208121825 0.012857142857142857 0.030456852791878174
3 0.4328571428571429 0.6357868020304569 0.015714285714285715 0.04060913705583756
3 0.415 0.7220812182741116 0.02142857142857143 0.05456852791878172
3 0.45357142857142857 0.5203045685279187 0.015714285714285715 0.03807106598984772
3 0.48214285714285715 0.45558375634517767 0.014285714285714285 0.04187817258883249
3 0.47714285714285715 0.6065989847715736 0.014285714285714285 0.04187817258883249
3 0.47 0.6535532994923858 0.017857142857142856 0.04568527918781726
3 0.43 0.9200507614213198 0.020714285714285713 0.06472081218274112
3 0.4042857142857143 0.9479695431472082 0.020714285714285713 0.050761421319796954
3 0.375 0.9619289340101523 0.023571428571428573 0.03680203045685279
3 0.525 0.20939086294416243 0.01 0.021573604060913704
3 0.4992857142857143 0.45685279187817257 0.012142857142857143 0.03553299492385787
3 0.49214285714285716 0.3248730964467005 0.01 0.027918781725888325
3 0.02 0.3819796954314721 0.020714285714285713 0.03426395939086294
6 0.07642857142857143 0.27918781725888325 0.03214285714285714 0.050761421319796954
6 0.14 0.1967005076142132 0.02642857142857143 0.04314720812182741
6 0.0 0.40609137055837563 0.019285714285714285 0.0583756345177665
6 0.16714285714285715 0.15736040609137056 0.03428571428571429 0.06725888324873096
6 0.20214285714285715 0.15228426395939088 0.02142857142857143 0.04187817258883249
3 0.22785714285714287 0.07360406091370558 0.020714285714285713 0.017766497461928935
3 0.5328571428571428 0.11421319796954314 0.007857142857142858 0.01649746192893401
3 0.5321428571428571 0.07487309644670051 0.010714285714285714 0.02284263959390863
3 0.5528571428571428 0.15101522842639595 0.010714285714285714 0.0266497461928934
3 0.5635714285714286 0.1281725888324873 0.009285714285714286 0.01649746192893401
1 0.5607142857142857 0.12436548223350254 0.0035714285714285713 0.012690355329949238
1 0.6214285714285714 0.7690355329949239 0.007142857142857143 0.0266497461928934
1 0.6657142857142857 0.6802030456852792 0.0035714285714285713 0.011421319796954314
1 0.7042857142857143 0.6611675126903553 0.004285714285714286 0.012690355329949238
1 0.6921428571428572 0.5989847715736041 0.0035714285714285713 0.015228426395939087
1 0.6457142857142857 0.682741116751269 0.005 0.01015228426395939
1 0.6457142857142857 0.6763959390862944 0.002857142857142857 0.011421319796954314
1 0.6542857142857142 0.6776649746192893 0.0035714285714285713 0.012690355329949238
1 0.6585714285714286 0.6725888324873096 0.002857142857142857 0.013959390862944163
1 0.6614285714285715 0.6725888324873096 0.002857142857142857 0.013959390862944163
1 0.6507142857142857 0.6649746192893401 0.0035714285714285713 0.013959390862944163
1 0.655 0.666243654822335 0.004285714285714286 0.015228426395939087
1 0.6592857142857143 0.6624365482233503 0.0035714285714285713 0.015228426395939087
1 0.655 0.6573604060913706 0.004285714285714286 0.015228426395939087
1 0.7871428571428571 0.817258883248731 0.0064285714285714285 0.01649746192893401
1 0.8664285714285714 0.9581218274111675 0.004285714285714286 0.021573604060913704
1 0.8557142857142858 0.9175126903553299 0.004285714285714286 0.021573604060913704
1 0.8664285714285714 0.9137055837563451 0.005714285714285714 0.02284263959390863
1 0.8514285714285714 0.8946700507614214 0.004285714285714286 0.021573604060913704
1 0.8571428571428571 0.8883248730964467 0.004285714285714286 0.021573604060913704
1 0.8571428571428571 0.8794416243654822 0.005714285714285714 0.017766497461928935
1 0.8635714285714285 0.8870558375634517 0.004285714285714286 0.017766497461928935
1 0.8764285714285714 0.9010152284263959 0.004285714285714286 0.024111675126903553
1 0.8885714285714286 0.9568527918781726 0.005 0.0266497461928934
1 0.8842857142857142 0.9200507614213198 0.005714285714285714 0.025380710659898477
1 0.865 0.8401015228426396 0.01 0.01649746192893401
1 0.8421428571428572 0.7703045685279187 0.0064285714285714285 0.025380710659898477
1 0.8707142857142857 0.866751269035533 0.007142857142857143 0.021573604060913704
1 0.8907142857142857 0.9403553299492385 0.007142857142857143 0.02284263959390863
1 0.8764285714285714 0.8870558375634517 0.007142857142857143 0.017766497461928935
