3 0.0075 0.598 0.0655 0.06266666666666666
3 0.1045 0.5626666666666666 0.1045 0.076
3 0.2515 0.49 0.086 0.07
3 0.304 0.6033333333333334 0.086 0.09866666666666667
3 0.49 0.4686666666666667 0.075 0.07066666666666667
3 0.656 0.434 0.0825 0.05333333333333334
3 0.72 0.47 0.0905 0.04666666666666667
3 0.78 0.3993333333333333 0.067 0.04
4 0.738 0.37733333333333335 0.0125 0.026
3 0.6065 0.312 0.025 0.03933333333333333
3 0.7115 0.3233333333333333 0.028 0.035333333333333335
3 0.6895 0.27466666666666667 0.0205 0.029333333333333333
1 0.7205 0.31133333333333335 0.0125 0.02
3 0.653 0.21733333333333332 0.017 0.019333333333333334
3 0.6485 0.206 0.0165 0.018
3 0.6445 0.18933333333333333 0.0135 0.016
8 0.5915 0.16133333333333333 0.0155 0.02
3 0.6425 0.12733333333333333 0.01 0.011333333333333334
3 0.7155 0.14533333333333334 0.0165 0.010666666666666666
3 0.8055 0.16666666666666666 0.016 0.015333333333333332
3 0.386 0.43933333333333335 0.08 0.05533333333333333
