3 0.0 0.7371428571428571 0.08785714285714286 0.26095238095238094
3 0.0 0.4142857142857143 0.16428571428571428 0.11047619047619048
3 0.0 0.31333333333333335 0.07714285714285714 0.12476190476190477
3 0.295 0.1761904761904762 0.04857142857142857 0.07333333333333333
3 0.29214285714285715 0.004761904761904762 0.037142857142857144 0.030476190476190476
3 0.4035714285714286 0.005714285714285714 0.032857142857142856 0.03619047619047619
3 0.42142857142857143 0.021904761904761906 0.04285714285714286 0.04
3 0.47928571428571426 0.06190476190476191 0.04857142857142857 0.04380952380952381
3 0.3985714285714286 0.07142857142857142 0.04857142857142857 0.04380952380952381
3 0.5492857142857143 0.12095238095238095 0.06428571428571428 0.06285714285714286
3 0.5957142857142858 0.1523809523809524 0.06 0.08285714285714285
3 0.45714285714285713 0.21047619047619048 0.07071428571428572 0.0761904761904762
3 0.4828571428571429 0.3295238095238095 0.06642857142857143 0.11333333333333333
3 0.4064285714285714 0.26571428571428574 0.055 0.09714285714285714
3 0.3892857142857143 0.3523809523809524 0.06571428571428571 0.13238095238095238
3 0.3892857142857143 0.48 0.095 0.21047619047619048
3 0.6457142857142857 0.35714285714285715 0.08 0.11904761904761904
3 0.6957142857142857 0.5619047619047619 0.14285714285714285 0.2542857142857143
3 0.7171428571428572 0.2057142857142857 0.12 0.06190476190476191
3 0.16642857142857143 0.0 0.037142857142857144 0.02857142857142857
