3 0.5671428571428572 0.5876190476190476 0.06928571428571428 0.10952380952380952
3 0.5735714285714286 0.5133333333333333 0.05 0.07809523809523809
3 0.22857142857142856 0.680952380952381 0.11571428571428571 0.12380952380952381
3 0.30142857142857143 0.5742857142857143 0.085 0.09904761904761905
3 0.36214285714285716 0.4980952380952381 0.07285714285714286 0.08476190476190476
3 0.415 0.46285714285714286 0.05714285714285714 0.058095238095238096
3 0.6571428571428571 0.3523809523809524 0.027857142857142858 0.021904761904761906
3 0.6514285714285715 0.4380952380952381 0.08071428571428571 0.04476190476190476
3 0.6542857142857142 0.4342857142857143 0.08428571428571428 0.03333333333333333
3 0.6921428571428572 0.3980952380952381 0.07285714285714286 0.035238095238095235
3 0.6992857142857143 0.3923809523809524 0.06785714285714285 0.03619047619047619
3 0.7307142857142858 0.38 0.05357142857142857 0.029523809523809525
3 0.7521428571428571 0.37142857142857144 0.04642857142857143 0.03428571428571429
3 0.7678571428571429 0.3638095238095238 0.041428571428571426 0.025714285714285714
3 0.7521428571428571 0.3476190476190476 0.029285714285714286 0.029523809523809525
3 0.7778571428571428 0.34095238095238095 0.018571428571428572 0.023809523809523808
3 0.7164285714285714 0.3342857142857143 0.04071428571428572 0.01904761904761905
3 0.675 0.32857142857142857 0.029285714285714286 0.022857142857142857
3 0.6421428571428571 0.32666666666666666 0.027857142857142858 0.02095238095238095
3 0.8135714285714286 0.32571428571428573 0.03357142857142857 0.02095238095238095
