2 0.43214285714285716 0.7657142857142857 0.016428571428571428 0.04476190476190476
1 0.4114285714285714 0.6266666666666667 0.017857142857142856 0.01619047619047619
1 0.4764285714285714 0.6019047619047619 0.013571428571428571 0.022857142857142857
1 0.44285714285714284 0.5857142857142857 0.012857142857142857 0.014285714285714285
1 0.4664285714285714 0.5190476190476191 0.009285714285714286 0.018095238095238095
2 0.4664285714285714 0.5066666666666667 0.009285714285714286 0.039047619047619046
1 0.47928571428571426 0.43523809523809526 0.011428571428571429 0.022857142857142857
1 0.49142857142857144 0.42952380952380953 0.011428571428571429 0.024761904761904763
1 0.5021428571428571 0.44095238095238093 0.011428571428571429 0.02
3 0.44285714285714284 0.2733333333333333 0.037142857142857144 0.10095238095238095
4 0.4692857142857143 0.15523809523809523 0.012857142857142857 0.04
1 0.5328571428571428 0.0 0.011428571428571429 0.023809523809523808
3 0.4407142857142857 0.9533333333333334 0.03142857142857143 0.04666666666666667
