8 0.0 0.6507633587786259 0.0536480686695279 0.16603053435114504
3 0.15379113018597998 0.10973282442748092 0.0357653791130186 0.05152671755725191
8 0.1709585121602289 0.8759541984732825 0.22532188841201717 0.12309160305343511
1 0.6223175965665236 0.8568702290076335 0.015021459227467811 0.04770992366412214
1 0.9306151645207439 0.7576335877862596 0.023605150214592276 0.04484732824427481
1 0.9055793991416309 0.41030534351145037 0.01430615164520744 0.03244274809160305
1 0.902002861230329 0.6975190839694656 0.02145922746781116 0.046755725190839696
1 0.42131616595135907 0.9293893129770993 0.022174535050071532 0.04770992366412214
1 0.5464949928469242 0.4732824427480916 0.01430615164520744 0.04007633587786259
1 0.3798283261802575 0.857824427480916 0.017167381974248927 0.05343511450381679
1 0.4127324749642346 0.8692748091603053 0.017167381974248927 0.04770992366412214
1 0.40486409155937053 0.8482824427480916 0.0178826895565093 0.03816793893129771
1 0.4113018597997139 0.8225190839694656 0.013590844062947067 0.04198473282442748
1 0.3676680972818312 0.8301526717557252 0.022174535050071532 0.03816793893129771
1 0.39413447782546496 0.700381679389313 0.02074391988555079 0.04389312977099236
1 0.42560801144492133 0.6307251908396947 0.017167381974248927 0.046755725190839696
1 0.4005722460658083 0.4866412213740458 0.015021459227467811 0.033396946564885496
3 0.3569384835479256 0.6708015267175572 0.04220314735336195 0.10973282442748092
3 0.3469241773962804 0.558206106870229 0.03719599427753934 0.08492366412213741
4 0.3969957081545064 0.7022900763358778 0.026466380543633764 0.042938931297709926
2 0.4270386266094421 0.6393129770992366 0.0178826895565093 0.04770992366412214
2 0.4034334763948498 0.4961832061068702 0.010014306151645207 0.03721374045801527
3 0.34334763948497854 0.4761450381679389 0.03719599427753934 0.06393129770992366
3 0.4542203147353362 0.5677480916030534 0.04792560801144492 0.08874045801526717
3 0.44206008583690987 0.49904580152671757 0.03862660944206009 0.06202290076335878
1 0.5007153075822603 0.42843511450381677 0.008583690987124463 0.02099236641221374
1 0.4864091559370529 0.4312977099236641 0.01072961373390558 0.02099236641221374
2 0.759656652360515 0.541030534351145 0.02575107296137339 0.020038167938931296
4 0.746065808297568 0.5248091603053435 0.027181688125894134 0.02862595419847328
3 0.4012875536480687 0.42270992366412213 0.0357653791130186 0.06774809160305344
3 0.39198855507868385 0.36450381679389315 0.031473533619456366 0.05629770992366412
3 0.33476394849785407 0.3606870229007634 0.027896995708154508 0.05248091603053435
3 0.34048640915593703 0.4083969465648855 0.02861230329041488 0.05725190839694656
3 0.3340486409155937 0.32538167938931295 0.024320457796852647 0.046755725190839696
3 0.3311874105865522 0.2700381679389313 0.022174535050071532 0.03435114503816794
3 0.33047210300429186 0.24713740458015268 0.019313304721030045 0.02480916030534351
3 0.33047210300429186 0.22519083969465647 0.0178826895565093 0.029580152671755726
3 0.3240343347639485 0.17557251908396945 0.015736766809728183 0.022900763358778626
1 0.5085836909871244 0.32538167938931295 0.00715307582260372 0.02862595419847328
1 0.5257510729613734 0.30438931297709926 0.009298998569384835 0.030534351145038167
1 0.5329041487839771 0.3053435114503817 0.00715307582260372 0.02480916030534351
3 0.43490701001430615 0.39122137404580154 0.07010014306151645 0.04484732824427481
3 0.4241773962804006 0.3711832061068702 0.07010014306151645 0.03816793893129771
3 0.4291845493562232 0.3530534351145038 0.06223175965665236 0.02767175572519084
3 0.4198855507868383 0.33110687022900764 0.059370529327610874 0.030534351145038167
3 0.474964234620887 0.2967557251908397 0.031473533619456366 0.04770992366412214
3 0.42131616595135907 0.3148854961832061 0.046494992846924176 0.03148854961832061
1 0.17238912732474965 0.2452290076335878 0.007868383404864092 0.02480916030534351
3 0.20529327610872675 0.15935114503816794 0.022174535050071532 0.035305343511450385
6 0.04935622317596566 0.15362595419847327 0.09012875536480687 0.05248091603053435
3 0.09513590844062947 0.13549618320610687 0.015021459227467811 0.02099236641221374
3 0.2296137339055794 0.13454198473282442 0.01430615164520744 0.011450381679389313
3 0.24177396280400573 0.10400763358778627 0.011444921316165951 0.013358778625954198
3 0.4155937052932761 0.2967557251908397 0.04291845493562232 0.033396946564885496
3 0.4055793991416309 0.2862595419847328 0.05007153075822604 0.03148854961832061
3 0.4041487839771102 0.2738549618320611 0.022889842632331903 0.02480916030534351
3 0.4248927038626609 0.27099236641221375 0.02074391988555079 0.025763358778625955
3 0.4027181688125894 0.2480916030534351 0.04935622317596566 0.02480916030534351
4 0.4406294706723891 0.2729007633587786 0.015021459227467811 0.01431297709923664
2 0.49856938483547925 0.22519083969465647 0.011444921316165951 0.01431297709923664
1 0.45994277539341916 0.22519083969465647 0.00715307582260372 0.02194656488549618
1 0.45064377682403434 0.23473282442748092 0.006437768240343348 0.01717557251908397
4 0.45493562231759654 0.2385496183206107 0.005007153075822604 0.01812977099236641
1 0.3669527896995708 0.19083969465648856 0.005722460658082976 0.013358778625954198
1 0.4449213161659514 0.16030534351145037 0.005722460658082976 0.015267175572519083
1 0.4792560801144492 0.21660305343511452 0.005007153075822604 0.02194656488549618
2 0.48569384835479257 0.22137404580152673 0.005007153075822604 0.011450381679389313
2 0.3698140200286123 0.23568702290076335 0.00357653791130186 0.015267175572519083
1 0.3726752503576538 0.4312977099236641 0.012875536480686695 0.02767175572519084
1 0.38912732474964234 0.41889312977099236 0.011444921316165951 0.04103053435114504
1 0.388412017167382 0.3969465648854962 0.013590844062947067 0.03435114503816794
3 0.4012875536480687 0.23759541984732824 0.044349070100143065 0.02194656488549618
3 0.3969957081545064 0.22423664122137404 0.045779685264663805 0.026717557251908396
3 0.38626609442060084 0.21851145038167938 0.045064377682403435 0.02099236641221374
3 0.3955650929899857 0.21278625954198474 0.04148783977110158 0.01717557251908397
3 0.3955650929899857 0.2013358778625954 0.03862660944206009 0.01812977099236641
3 0.39628040057224606 0.19274809160305342 0.03791130185979971 0.01431297709923664
3 0.42560801144492133 0.17557251908396945 0.0178826895565093 0.02099236641221374
3 0.3905579399141631 0.1803435114503817 0.03719599427753934 0.020038167938931296
3 0.3791130185979971 0.17461832061068702 0.04005722460658083 0.019083969465648856
3 0.37339055793991416 0.16984732824427481 0.034334763948497854 0.011450381679389313
3 0.41416309012875535 0.16316793893129772 0.017167381974248927 0.016221374045801526
3 0.4406294706723891 0.18797709923664122 0.0178826895565093 0.02767175572519084
3 0.376967095851216 0.16125954198473283 0.031473533619456366 0.01431297709923664
3 0.3698140200286123 0.14980916030534353 0.031473533619456366 0.01717557251908397
3 0.3648068669527897 0.14694656488549618 0.031473533619456366 0.01812977099236641
3 0.32260371959942774 0.1431297709923664 0.01430615164520744 0.022900763358778626
3 0.4127324749642346 0.1316793893129771 0.012160228898426323 0.013358778625954198
3 0.4284692417739628 0.13263358778625955 0.012875536480686695 0.013358778625954198
3 0.4434907010014306 0.1316793893129771 0.011444921316165951 0.015267175572519083
3 0.4155937052932761 0.12595419847328243 0.02503576537911302 0.009541984732824428
3 0.4084406294706724 0.11641221374045801 0.013590844062947067 0.01812977099236641
3 0.388412017167382 0.1183206106870229 0.012160228898426323 0.012404580152671756
3 0.438483547925608 0.11545801526717557 0.011444921316165951 0.016221374045801526
3 0.37339055793991416 0.13549618320610687 0.02145922746781116 0.013358778625954198
1 0.3748211731044349 0.1383587786259542 0.002861230329041488 0.011450381679389313
1 0.37124463519313305 0.13740458015267176 0.005722460658082976 0.012404580152671756
1 0.3698140200286123 0.22805343511450382 0.005722460658082976 0.01431297709923664
1 0.3426323319027182 0.191793893129771 0.005007153075822604 0.012404580152671756
1 0.2503576537911302 0.03244274809160305 0.00357653791130186 0.008587786259541985
1 0.20600858369098712 0.0868320610687023 0.004291845493562232 0.009541984732824428
3 0.2217453505007153 0.09351145038167939 0.012160228898426323 0.01431297709923664
6 0.2603719599427754 0.07729007633587787 0.016452074391988557 0.04007633587786259
3 0.321173104434907 0.10591603053435114 0.009298998569384835 0.01431297709923664
3 0.32260371959942774 0.09541984732824428 0.00715307582260372 0.012404580152671756
3 0.321173104434907 0.09064885496183206 0.007868383404864092 0.01049618320610687
3 0.3190271816881259 0.07347328244274809 0.008583690987124463 0.01431297709923664
3 0.35765379113018597 0.09637404580152671 0.016452074391988557 0.013358778625954198
3 0.35264663805436336 0.08969465648854962 0.016452074391988557 0.012404580152671756
6 0.26180257510729615 0.006679389312977099 0.031473533619456366 0.015267175572519083
6 0.22675250357653792 0.006679389312977099 0.032904148783977114 0.012404580152671756
6 0.1709585121602289 0.003816793893129771 0.034334763948497854 0.01717557251908397
3 0.2646638054363376 0.01717557251908397 0.017167381974248927 0.004770992366412214
1 0.36409155937052934 0.1297709923664122 0.005007153075822604 0.016221374045801526
1 0.3648068669527897 0.11545801526717557 0.002145922746781116 0.011450381679389313
1 0.37339055793991416 0.11259541984732824 0.00357653791130186 0.012404580152671756
1 0.351931330472103 0.1183206106870229 0.004291845493562232 0.013358778625954198
1 0.3440629470672389 0.12022900763358779 0.005722460658082976 0.01431297709923664
1 0.34763948497854075 0.12118320610687022 0.005722460658082976 0.011450381679389313
3 0.2632331902718169 0.05725190839694656 0.008583690987124463 0.012404580152671756
3 0.2575107296137339 0.07251908396946564 0.013590844062947067 0.01812977099236641
