1 0.3457142857142857 0.039047619047619046 0.0035714285714285713 0.009523809523809525
1 0.3485714285714286 0.06571428571428571 0.0035714285714285713 0.014285714285714285
4 0.3442857142857143 0.2419047619047619 0.0064285714285714285 0.012380952380952381
4 0.5307142857142857 0.8685714285714285 0.011428571428571429 0.05238095238095238
1 0.5314285714285715 0.8695238095238095 0.01 0.02095238095238095
1 0.4228571428571429 0.758095238095238 0.015 0.054285714285714284
3 0.39 0.17523809523809525 0.010714285714285714 0.02857142857142857
3 0.37142857142857144 0.05904761904761905 0.012142857142857143 0.01904761904761905
3 0.4328571428571429 0.008571428571428572 0.009285714285714286 0.014285714285714285
3 0.4957142857142857 0.13047619047619047 0.015 0.02
6 0.4278571428571429 0.05142857142857143 0.02 0.0380952380952381
1 0.5678571428571428 0.1019047619047619 0.0035714285714285713 0.009523809523809525
3 0.5935714285714285 0.6695238095238095 0.04071428571428572 0.08952380952380952
3 0.6285714285714286 0.7923809523809524 0.04428571428571428 0.10095238095238095
3 0.605 0.5857142857142857 0.065 0.14095238095238094
4 0.7128571428571429 0.7761904761904762 0.013571428571428571 0.035238095238095235
4 0.7528571428571429 0.7742857142857142 0.015714285714285715 0.0419047619047619
1 0.715 0.7752380952380953 0.01 0.02
1 0.7557142857142857 0.7733333333333333 0.01 0.023809523809523808
