3 0.5571428571428572 0.09644670050761421 0.09285714285714286 0.116751269035533
1 0.6414285714285715 0.6040609137055838 0.018571428571428572 0.04314720812182741
1 0.26071428571428573 0.583756345177665 0.019285714285714285 0.0266497461928934
1 0.25 0.6230964467005076 0.02 0.02284263959390863
1 0.24714285714285714 0.6548223350253807 0.022857142857142857 0.027918781725888325
1 0.5535714285714286 0.38451776649746194 0.018571428571428572 0.044416243654822336
1 0.5407142857142857 0.35913705583756345 0.011428571428571429 0.03807106598984772
1 0.5292857142857142 0.3565989847715736 0.015 0.046954314720812185
1 0.41214285714285714 0.8845177664974619 0.02214285714285714 0.031725888324873094
1 0.5371428571428571 0.9758883248730964 0.015714285714285715 0.02284263959390863
