3 0.33 0.07809523809523809 0.02642857142857143 0.06476190476190476
8 0.3107142857142857 0.18095238095238095 0.03857142857142857 0.11428571428571428
3 0.3607142857142857 0.8295238095238096 0.039285714285714285 0.0980952380952381
8 0.485 0.5695238095238095 0.03142857142857143 0.08190476190476191
3 0.495 0.2780952380952381 0.03571428571428571 0.07047619047619047
3 0.5292857142857142 0.46 0.041428571428571426 0.08
3 0.5707142857142857 0.6752380952380952 0.05 0.11523809523809524
4 0.6664285714285715 0.878095238095238 0.015714285714285715 0.04380952380952381
4 0.6821428571428572 0.8771428571428571 0.011428571428571429 0.04285714285714286
4 0.6964285714285714 0.8704761904761905 0.011428571428571429 0.0380952380952381
3 0.7457142857142857 0.9095238095238095 0.08642857142857142 0.08285714285714285
3 0.7214285714285714 0.8495238095238096 0.08642857142857142 0.07047619047619047
3 0.7064285714285714 0.7819047619047619 0.08285714285714285 0.06476190476190476
3 0.6507142857142857 0.5723809523809524 0.07571428571428572 0.05523809523809524
3 0.6307142857142857 0.5238095238095238 0.07357142857142857 0.049523809523809526
3 0.5842857142857143 0.31047619047619046 0.065 0.05238095238095238
3 0.5814285714285714 0.28095238095238095 0.06428571428571428 0.04380952380952381
1 0.8071428571428572 0.03238095238095238 0.007857142857142858 0.02095238095238095
3 0.7492857142857143 0.26571428571428574 0.06714285714285714 0.04476190476190476
3 0.7664285714285715 0.31142857142857144 0.065 0.04380952380952381
3 0.775 0.3485714285714286 0.06571428571428571 0.05523809523809524
3 0.7842857142857143 0.3961904761904762 0.06928571428571428 0.04666666666666667
1 0.9671428571428572 0.4676190476190476 0.017857142857142856 0.02857142857142857
