3 0.47785714285714287 0.43274111675126903 0.012857142857142857 0.03807106598984772
3 0.4764285714285714 0.35152284263959394 0.011428571428571429 0.02918781725888325
3 0.4142857142857143 0.35786802030456855 0.012142857142857143 0.025380710659898477
3 0.4642857142857143 0.2880710659898477 0.011428571428571429 0.027918781725888325
3 0.3585714285714286 0.4467005076142132 0.032857142857142856 0.0266497461928934
3 0.47 0.13705583756345177 0.009285714285714286 0.02030456852791878
3 0.48142857142857143 0.06345177664974619 0.007857142857142858 0.01649746192893401
3 0.4514285714285714 0.007614213197969543 0.0064285714285714285 0.011421319796954314
3 0.3807142857142857 0.48223350253807107 0.03214285714285714 0.024111675126903553
3 0.5092857142857142 0.11802030456852793 0.016428571428571428 0.01649746192893401
3 0.4807142857142857 0.3134517766497462 0.01 0.027918781725888325
3 0.4807142857142857 0.2817258883248731 0.010714285714285714 0.025380710659898477
3 0.49857142857142855 0.3730964467005076 0.011428571428571429 0.030456852791878174
3 0.33285714285714285 0.4949238578680203 0.030714285714285715 0.025380710659898477
3 0.385 0.45685279187817257 0.022857142857142857 0.025380710659898477
3 0.47714285714285715 0.6104060913705583 0.017857142857142856 0.050761421319796954
3 0.265 0.4543147208121827 0.029285714285714286 0.017766497461928935
3 0.16214285714285714 0.4467005076142132 0.03142857142857143 0.02030456852791878
3 0.26857142857142857 0.46954314720812185 0.03642857142857143 0.021573604060913704
3 0.32571428571428573 0.4682741116751269 0.03214285714285714 0.025380710659898477
3 0.31285714285714283 0.4581218274111675 0.03 0.021573604060913704
3 0.46714285714285714 0.2182741116751269 0.008571428571428572 0.0266497461928934
3 0.46 0.3730964467005076 0.011428571428571429 0.03934010152284264
3 0.4785714285714286 0.3895939086294416 0.01 0.03426395939086294
3 0.495 0.4022842639593909 0.012142857142857143 0.03680203045685279
3 0.45571428571428574 0.6687817258883249 0.015714285714285715 0.05456852791878172
3 0.4807142857142857 0.20558375634517767 0.007857142857142858 0.021573604060913704
6 0.5878571428571429 0.616751269035533 0.03357142857142857 0.14720812182741116
6 0.6142857142857143 0.616751269035533 0.03642857142857143 0.1446700507614213
6 0.5992857142857143 0.766497461928934 0.02642857142857143 0.12563451776649745
6 0.6307142857142857 0.7538071065989848 0.02642857142857143 0.11421319796954314
6 0.6457142857142857 0.6256345177664975 0.027857142857142858 0.0901015228426396
6 0.6557142857142857 0.7093908629441624 0.03142857142857143 0.10152284263959391
