3 0.33285714285714285 0.26776649746192893 0.039285714285714285 0.03553299492385787
3 0.3792857142857143 0.5266497461928934 0.03 0.07741116751269035
3 0.3914285714285714 0.6243654822335025 0.03 0.08756345177664974
3 0.4042857142857143 0.7588832487309645 0.03785714285714286 0.11928934010152284
3 0.42857142857142855 0.5647208121827412 0.029285714285714286 0.08121827411167512
3 0.5021428571428571 0.23857868020304568 0.047142857142857146 0.03553299492385787
3 0.42642857142857143 0.03934010152284264 0.02 0.04949238578680203
1 0.15642857142857142 0.8895939086294417 0.010714285714285714 0.024111675126903553
1 0.10285714285714286 0.950507614213198 0.014285714285714285 0.027918781725888325
1 0.2692857142857143 0.682741116751269 0.01 0.02918781725888325
1 0.295 0.4873096446700508 0.005714285714285714 0.02918781725888325
1 0.29642857142857143 0.47715736040609136 0.007142857142857143 0.02918781725888325
1 0.305 0.3362944162436548 0.007857142857142858 0.02284263959390863
1 0.285 0.3413705583756345 0.007142857142857143 0.027918781725888325
1 0.12857142857142856 0.28553299492385786 0.005714285714285714 0.01903553299492386
1 0.4135714285714286 0.17385786802030456 0.005714285714285714 0.0266497461928934
1 0.31214285714285717 0.03553299492385787 0.005 0.02284263959390863
1 0.4392857142857143 0.1218274111675127 0.0064285714285714285 0.024111675126903553
1 0.5178571428571429 0.1116751269035533 0.005714285714285714 0.024111675126903553
1 0.12785714285714286 0.2779187817258883 0.0064285714285714285 0.021573604060913704
1 0.24 0.2512690355329949 0.005714285714285714 0.021573604060913704
1 0.27714285714285714 0.34390862944162437 0.005714285714285714 0.025380710659898477
1 0.5657142857142857 0.1814720812182741 0.005 0.0266497461928934
1 0.6992857142857143 0.2068527918781726 0.004285714285714286 0.021573604060913704
1 0.7014285714285714 0.20431472081218274 0.005 0.021573604060913704
3 0.6828571428571428 0.25 0.04642857142857143 0.03680203045685279
1 0.7635714285714286 0.7588832487309645 0.01 0.031725888324873094
1 0.81 0.9403553299492385 0.012857142857142857 0.03426395939086294
1 0.7835714285714286 0.7601522842639594 0.01 0.03807106598984772
1 0.7707142857142857 0.7639593908629442 0.009285714285714286 0.02284263959390863
3 0.4828571428571429 0.9428934010152284 0.03142857142857143 0.05583756345177665
3 0.4164285714285714 0.9035532994923858 0.035 0.09517766497461928
1 0.27071428571428574 0.6852791878172588 0.007142857142857143 0.015228426395939087
