3 0.5664285714285714 0.8807106598984772 0.017857142857142856 0.06979695431472081
3 0.4207142857142857 0.583756345177665 0.037142857142857144 0.04949238578680203
3 0.43214285714285716 0.5710659898477157 0.030714285714285715 0.03680203045685279
3 0.4392857142857143 0.549492385786802 0.03428571428571429 0.03807106598984772
3 0.44357142857142856 0.5241116751269036 0.03571428571428571 0.044416243654822336
3 0.4521428571428571 0.5076142131979695 0.03357142857142857 0.03807106598984772
3 0.46214285714285713 0.48350253807106597 0.02857142857142857 0.03934010152284264
3 0.4635714285714286 0.4631979695431472 0.029285714285714286 0.03553299492385787
3 0.4664285714285714 0.43908629441624364 0.03357142857142857 0.044416243654822336
3 0.475 0.4263959390862944 0.03571428571428571 0.04060913705583756
3 0.48 0.40609137055837563 0.03 0.03680203045685279
3 0.485 0.3870558375634518 0.03214285714285714 0.04060913705583756
3 0.49214285714285716 0.37055837563451777 0.03142857142857143 0.03807106598984772
3 0.49642857142857144 0.35913705583756345 0.030714285714285715 0.03299492385786802
3 0.49714285714285716 0.33883248730964466 0.03214285714285714 0.03426395939086294
3 0.5028571428571429 0.31852791878172587 0.03214285714285714 0.03553299492385787
3 0.5114285714285715 0.31091370558375636 0.029285714285714286 0.031725888324873094
3 0.5135714285714286 0.29441624365482233 0.03 0.030456852791878174
3 0.5185714285714286 0.2766497461928934 0.027142857142857142 0.030456852791878174
3 0.525 0.2639593908629442 0.025 0.030456852791878174
3 0.5385714285714286 0.3147208121827411 0.02 0.046954314720812185
1 0.5535714285714286 0.18274111675126903 0.004285714285714286 0.017766497461928935
8 0.35642857142857143 0.11421319796954314 0.027857142857142858 0.05456852791878172
3 0.05928571428571429 0.8197969543147208 0.03214285714285714 0.05203045685279188
3 0.23785714285714285 0.4035532994923858 0.022857142857142857 0.03807106598984772
1 0.21857142857142858 0.44289340101522845 0.007857142857142858 0.02030456852791878
3 0.9642857142857143 0.5545685279187818 0.02857142857142857 0.031725888324873094
3 0.8621428571428571 0.28553299492385786 0.027142857142857142 0.027918781725888325
3 0.8514285714285714 0.07614213197969544 0.029285714285714286 0.02284263959390863
3 0.8485714285714285 0.06218274111675127 0.02857142857142857 0.02030456852791878
3 0.8621428571428571 0.04314720812182741 0.027142857142857142 0.021573604060913704
3 0.8535714285714285 0.02918781725888325 0.029285714285714286 0.01903553299492386
