3 0.3875 0.9206666666666666 0.0755 0.078
3 0.3115 0.8293333333333334 0.0615 0.08
3 0.1965 0.7086666666666667 0.054 0.066
3 0.1555 0.664 0.0535 0.062
3 0.1155 0.6186666666666667 0.0495 0.056
3 0.1505 0.5726666666666667 0.0465 0.05266666666666667
3 0.2505 0.6026666666666667 0.0445 0.05466666666666667
3 0.875 0.808 0.048 0.09266666666666666
1 0.299 0.81 0.0145 0.013333333333333334
1 0.4145 0.6193333333333333 0.009 0.019333333333333334
1 0.135 0.7966666666666666 0.011 0.017333333333333333
1 0.145 0.78 0.0175 0.013333333333333334
1 0.1295 0.764 0.013 0.015333333333333332
1 0.086 0.802 0.0185 0.011333333333333334
1 0.1 0.76 0.0145 0.014
1 0.089 0.7706666666666667 0.014 0.016
3 0.0735 0.5566666666666666 0.049 0.056
1 0.102 0.5626666666666666 0.017 0.015333333333333332
3 0.008 0.49133333333333334 0.045 0.04933333333333333
1 0.1975 0.49266666666666664 0.015 0.021333333333333333
1 0.379 0.5246666666666666 0.0095 0.017333333333333333
3 0.51 0.578 0.038 0.06866666666666667
3 0.53 0.5366666666666666 0.05 0.056666666666666664
3 0.5615 0.49933333333333335 0.0405 0.06
3 0.502 0.4726666666666667 0.047 0.05466666666666667
3 0.5235 0.44733333333333336 0.0415 0.05466666666666667
3 0.539 0.42 0.0455 0.05466666666666667
3 0.5525 0.396 0.0465 0.046
3 0.6035 0.416 0.0515 0.042
3 0.5615 0.37066666666666664 0.0525 0.04666666666666667
8 0.613 0.36666666666666664 0.064 0.06333333333333334
3 0.6415 0.35333333333333333 0.0555 0.04066666666666666
3 0.604 0.314 0.039 0.048
3 0.65 0.334 0.052 0.030666666666666665
3 0.6695 0.30866666666666664 0.047 0.03333333333333333
3 0.676 0.282 0.047 0.04066666666666666
3 0.631 0.25533333333333336 0.0405 0.054
3 0.644 0.236 0.0405 0.046
3 0.6695 0.20866666666666667 0.043 0.034666666666666665
3 0.5735 0.202 0.043 0.036
8 0.7335 0.22866666666666666 0.0505 0.078
3 0.7945 0.17866666666666667 0.0335 0.03
3 0.7435 0.14466666666666667 0.0395 0.03266666666666666
4 0.8405 0.16066666666666668 0.017 0.015333333333333332
1 0.783 0.13533333333333333 0.0055 0.016
1 0.7505 0.11666666666666667 0.009 0.012
1 0.734 0.104 0.0085 0.013333333333333334
1 0.7435 0.10533333333333333 0.006 0.010666666666666666
1 0.726 0.09933333333333333 0.0065 0.012666666666666666
3 0.671 0.09733333333333333 0.036 0.03
3 0.811 0.015333333333333332 0.0355 0.026
3 0.8205 0.005333333333333333 0.0365 0.020666666666666667
3 0.8075 0.02266666666666667 0.0265 0.028
1 0.675 0.051333333333333335 0.005 0.018
4 0.55 0.246 0.0125 0.010666666666666666
3 0.1035 0.9566666666666667 0.064 0.043333333333333335
3 0.054 0.6753333333333333 0.0455 0.05733333333333333
3 0.02 0.37 0.0465 0.025333333333333333
1 0.134 0.30333333333333334 0.013 0.018666666666666668
1 0.1625 0.2786666666666667 0.009 0.015333333333333332
3 0.2505 0.38066666666666665 0.036 0.04533333333333334
3 0.237 0.364 0.0325 0.04533333333333334
3 0.2215 0.354 0.0335 0.042
3 0.185 0.266 0.0305 0.038
