3 0.1657142857142857 0.7428571428571429 0.25214285714285717 0.15904761904761905
3 0.2357142857142857 0.6780952380952381 0.195 0.11238095238095239
3 0.48928571428571427 0.4828571428571429 0.04642857142857143 0.07238095238095238
3 0.47785714285714287 0.44 0.04285714285714286 0.05047619047619047
3 0.3992857142857143 0.3476190476190476 0.03 0.02857142857142857
3 0.4064285714285714 0.29714285714285715 0.018571428571428572 0.018095238095238095
3 0.485 0.32571428571428573 0.04642857142857143 0.021904761904761906
3 0.6021428571428571 0.4095238095238095 0.045714285714285714 0.04476190476190476
3 0.6178571428571429 0.37238095238095237 0.05928571428571429 0.03428571428571429
3 0.7164285714285714 0.35904761904761906 0.035 0.02761904761904762
3 0.68 0.3352380952380952 0.03857142857142857 0.02761904761904762
3 0.705 0.3304761904761905 0.03571428571428571 0.022857142857142857
3 0.6335714285714286 0.43714285714285717 0.05714285714285714 0.05047619047619047
3 0.6714285714285714 0.4780952380952381 0.07428571428571429 0.06857142857142857
3 0.7264285714285714 0.5619047619047619 0.085 0.08666666666666667
8 0.6228571428571429 0.3238095238095238 0.06285714285714286 0.047619047619047616
