8 0.07428571428571429 0.6933333333333334 0.047857142857142855 0.0761904761904762
8 0.45071428571428573 0.5009523809523809 0.023571428571428573 0.06190476190476191
8 0.4685714285714286 0.33904761904761904 0.017142857142857144 0.04
8 0.47928571428571426 0.04666666666666667 0.0064285714285714285 0.017142857142857144
8 0.4828571428571429 0.07809523809523809 0.0064285714285714285 0.014285714285714285
8 0.45785714285714285 0.05142857142857143 0.007142857142857143 0.014285714285714285
3 0.8328571428571429 0.6428571428571429 0.045714285714285714 0.02761904761904762
3 0.8157142857142857 0.6104761904761905 0.04857142857142857 0.03142857142857143
3 0.5921428571428572 0.5352380952380953 0.039285714285714285 0.02761904761904762
3 0.465 0.4142857142857143 0.013571428571428571 0.02666666666666667
3 0.5571428571428572 0.37714285714285717 0.014285714285714285 0.024761904761904763
3 0.5 0.24095238095238095 0.011428571428571429 0.017142857142857144
3 0.5092857142857142 0.17904761904761904 0.007857142857142858 0.011428571428571429
3 0.5 0.15904761904761905 0.007857142857142858 0.011428571428571429
3 0.4992857142857143 0.15333333333333332 0.012857142857142857 0.009523809523809525
3 0.51 0.10571428571428572 0.010714285714285714 0.008571428571428572
3 0.52 0.06857142857142857 0.009285714285714286 0.007619047619047619
3 0.5214285714285715 0.07523809523809524 0.011428571428571429 0.006666666666666667
3 0.5235714285714286 0.07809523809523809 0.009285714285714286 0.007619047619047619
3 0.54 0.07142857142857142 0.005714285714285714 0.006666666666666667
3 0.5364285714285715 0.06190476190476191 0.005714285714285714 0.007619047619047619
3 0.5264285714285715 0.04476190476190476 0.004285714285714286 0.006666666666666667
8 0.4957142857142857 0.08571428571428572 0.015714285714285715 0.013333333333333334
3 0.47785714285714287 0.09142857142857143 0.005 0.008571428571428572
3 0.34214285714285714 0.1742857142857143 0.017142857142857144 0.011428571428571429
3 0.3057142857142857 0.2561904761904762 0.02 0.014285714285714285
3 0.3221428571428571 0.22952380952380952 0.020714285714285713 0.014285714285714285
3 0.32357142857142857 0.22476190476190477 0.022857142857142857 0.011428571428571429
3 0.32571428571428573 0.21714285714285714 0.022857142857142857 0.012380952380952381
3 0.32142857142857145 0.2123809523809524 0.022857142857142857 0.010476190476190476
3 0.32857142857142857 0.20761904761904762 0.02 0.009523809523809525
3 0.195 0.32476190476190475 0.020714285714285713 0.024761904761904763
3 0.1742857142857143 0.3219047619047619 0.020714285714285713 0.018095238095238095
3 0.11285714285714285 0.31047619047619046 0.024285714285714285 0.015238095238095238
3 0.12642857142857142 0.3295238095238095 0.014285714285714285 0.02
3 0.052142857142857144 0.4361904761904762 0.039285714285714285 0.01904761904761905
3 0.075 0.4066666666666667 0.03214285714285714 0.01619047619047619
3 0.06357142857142857 0.41904761904761906 0.03785714285714286 0.017142857142857144
3 0.10642857142857143 0.36857142857142855 0.037142857142857144 0.02
1 0.16357142857142856 0.35333333333333333 0.007142857142857143 0.01619047619047619
1 0.47214285714285714 0.6342857142857142 0.007142857142857143 0.011428571428571429
1 0.49 0.6190476190476191 0.0064285714285714285 0.009523809523809525
1 0.5085714285714286 0.8238095238095238 0.010714285714285714 0.014285714285714285
4 0.5085714285714286 0.82 0.011428571428571429 0.03142857142857143
4 0.47214285714285714 0.6304761904761905 0.005714285714285714 0.023809523809523808
4 0.48857142857142855 0.6171428571428571 0.009285714285714286 0.02095238095238095
1 0.45785714285714285 0.10095238095238095 0.002857142857142857 0.007619047619047619
1 0.4657142857142857 0.1180952380952381 0.004285714285714286 0.009523809523809525
1 0.4785714285714286 0.07714285714285714 0.0035714285714285713 0.006666666666666667
6 0.46785714285714286 0.06666666666666667 0.007857142857142858 0.01904761904761905
6 0.38357142857142856 0.1 0.012142857142857143 0.02095238095238095
8 0.7764285714285715 0.7942857142857143 0.047142857142857146 0.03238095238095238
