3 0.29113018597997137 0.5858778625954199 0.060801144492131615 0.09923664122137404
3 0.45064377682403434 0.4723282442748092 0.07224606580829757 0.06393129770992366
2 0.8848354792560801 0.7614503816793893 0.1123032904148784 0.14885496183206107
3 0.8655221745350501 0.549618320610687 0.12017167381974249 0.06583969465648855
3 0.7618025751072961 0.5162213740458015 0.10014306151645208 0.05534351145038168
3 0.8898426323319027 0.5114503816793893 0.0944206008583691 0.04580152671755725
3 0.8776824034334764 0.46946564885496184 0.09656652360515021 0.04961832061068702
3 0.7367668097281831 0.46564885496183206 0.09585121602288985 0.06393129770992366
3 0.5722460658082976 0.5305343511450382 0.09585121602288985 0.07061068702290077
1 0.5185979971387696 0.7051526717557252 0.016452074391988557 0.04866412213740458
1 0.5278969957081545 0.666030534351145 0.016452074391988557 0.05152671755725191
1 0.9763948497854077 0.3711832061068702 0.010014306151645207 0.033396946564885496
1 0.11373390557939914 0.4351145038167939 0.015021459227467811 0.033396946564885496
1 0.6602288984263234 0.3683206106870229 0.012160228898426323 0.02099236641221374
1 0.617310443490701 0.4398854961832061 0.009298998569384835 0.03148854961832061
1 0.5636623748211731 0.44751908396946566 0.013590844062947067 0.03148854961832061
1 0.5457796852646638 0.4389312977099237 0.007868383404864092 0.03244274809160305
2 0.648068669527897 0.3683206106870229 0.0178826895565093 0.022900763358778626
2 0.6087267525035766 0.3950381679389313 0.04220314735336195 0.022900763358778626
1 0.6030042918454935 0.37690839694656486 0.012875536480686695 0.022900763358778626
1 0.5536480686695279 0.37309160305343514 0.010014306151645207 0.03148854961832061
1 0.575107296137339 0.3711832061068702 0.011444921316165951 0.03148854961832061
1 0.522889842632332 0.30916030534351147 0.008583690987124463 0.02385496183206107
1 0.5393419170243204 0.31297709923664124 0.005722460658082976 0.02480916030534351
2 0.06723891273247497 0.4360687022900763 0.045064377682403435 0.02480916030534351
2 0.11301859799713877 0.4083969465648855 0.030042918454935622 0.02194656488549618
1 0.10586552217453506 0.4122137404580153 0.008583690987124463 0.013358778625954198
1 0.28683834048640916 0.4389312977099237 0.012160228898426323 0.029580152671755726
1 0.38197424892703863 0.22900763358778625 0.005722460658082976 0.003816793893129771
1 0.46280400572246067 0.2824427480916031 0.005007153075822604 0.01717557251908397
1 0.4592274678111588 0.2729007633587786 0.005722460658082976 0.020038167938931296
4 0.46280400572246067 0.2881679389312977 0.005722460658082976 0.019083969465648856
4 0.4613733905579399 0.2814885496183206 0.005722460658082976 0.01049618320610687
2 0.2882689556509299 0.4494274809160305 0.010014306151645207 0.02767175572519084
2 0.3834048640915594 0.22709923664122136 0.002145922746781116 0.009541984732824428
1 0.2832618025751073 0.32729007633587787 0.008583690987124463 0.02194656488549618
3 0.23390557939914164 0.37786259541984735 0.05078683834048641 0.05152671755725191
3 0.3748211731044349 0.33396946564885494 0.030042918454935622 0.03625954198473282
3 0.35050071530758226 0.43416030534351147 0.03862660944206009 0.05438931297709924
3 0.48354792560801146 0.31774809160305345 0.022889842632331903 0.03625954198473282
3 0.4892703862660944 0.30248091603053434 0.01859799713876967 0.022900763358778626
3 0.4792560801144492 0.3463740458015267 0.02575107296137339 0.04770992366412214
3 0.4406294706723891 0.19083969465648856 0.011444921316165951 0.01431297709923664
3 0.3133047210300429 0.27099236641221375 0.02145922746781116 0.026717557251908396
1 0.11015736766809728 0.37404580152671757 0.009298998569384835 0.02385496183206107
1 0.11731044349070101 0.36450381679389315 0.012875536480686695 0.019083969465648856
3 0.3283261802575107 0.2547709923664122 0.022174535050071532 0.02385496183206107
3 0.34334763948497854 0.24713740458015268 0.015736766809728183 0.020038167938931296
3 0.3512160228898426 0.23568702290076335 0.0178826895565093 0.019083969465648856
3 0.3605150214592275 0.2299618320610687 0.016452074391988557 0.015267175572519083
3 0.38197424892703863 0.20801526717557253 0.012875536480686695 0.015267175572519083
1 0.38197424892703863 0.21755725190839695 0.004291845493562232 0.011450381679389313
3 0.38912732474964234 0.20515267175572519 0.01072961373390558 0.013358778625954198
3 0.39341917024320455 0.1984732824427481 0.010014306151645207 0.015267175572519083
3 0.39914163090128757 0.1965648854961832 0.009298998569384835 0.012404580152671756
3 0.402002861230329 0.191793893129771 0.01072961373390558 0.011450381679389313
3 0.40701001430615164 0.18416030534351144 0.010014306151645207 0.012404580152671756
3 0.4155937052932761 0.1784351145038168 0.01072961373390558 0.013358778625954198
3 0.4227467811158798 0.17080152671755724 0.009298998569384835 0.011450381679389313
3 0.4263233190271817 0.16698473282442747 0.00715307582260372 0.011450381679389313
3 0.46924177396280403 0.17461832061068702 0.007868383404864092 0.012404580152671756
3 0.48569384835479257 0.14408396946564886 0.005007153075822604 0.006679389312977099
6 0.4899856938483548 0.1431297709923664 0.009298998569384835 0.02099236641221374
3 0.47782546494992845 0.16125954198473283 0.007868383404864092 0.011450381679389313
3 0.46208869814020026 0.15458015267175573 0.007868383404864092 0.008587786259541985
3 0.42989985693848354 0.15362595419847327 0.00715307582260372 0.009541984732824428
3 0.4406294706723891 0.15458015267175573 0.008583690987124463 0.009541984732824428
3 0.44778254649499283 0.1450381679389313 0.005722460658082976 0.008587786259541985
3 0.45278969957081544 0.1450381679389313 0.005007153075822604 0.007633587786259542
3 0.49141630901287553 0.13549618320610687 0.005722460658082976 0.004770992366412214
