3 0.38285714285714284 0.40482233502538073 0.029285714285714286 0.06979695431472081
3 0.13642857142857143 0.899746192893401 0.06714285714285714 0.08629441624365482
3 0.07571428571428572 0.3895939086294416 0.05 0.06598984771573604
3 0.48642857142857143 0.35913705583756345 0.047857142857142855 0.05456852791878172
3 0.4635714285714286 0.3147208121827411 0.04928571428571429 0.0532994923857868
3 0.4157142857142857 0.1383248730964467 0.03142857142857143 0.08121827411167512
3 0.5385714285714286 0.5824873096446701 0.04857142857142857 0.05964467005076142
3 0.6364285714285715 0.8908629441624365 0.05357142857142857 0.08629441624365482
3 0.5857142857142857 0.7081218274111675 0.04642857142857143 0.05964467005076142
3 0.3342857142857143 0.9225888324873096 0.05071428571428571 0.07614213197969544
3 0.29285714285714287 0.8401015228426396 0.05714285714285714 0.0901015228426396
3 0.2592857142857143 0.7157360406091371 0.039285714285714285 0.09517766497461928
3 0.18 0.2398477157360406 0.04357142857142857 0.06218274111675127
3 0.22357142857142856 0.0266497461928934 0.029285714285714286 0.07360406091370558
3 0.15214285714285714 0.1446700507614213 0.047142857142857146 0.06979695431472081
3 0.1457142857142857 0.11802030456852793 0.03571428571428571 0.05710659898477157
3 0.12785714285714286 0.02284263959390863 0.04857142857142857 0.06472081218274112
3 0.11642857142857142 0.8020304568527918 0.06142857142857143 0.08756345177664974
3 0.13142857142857142 0.7398477157360406 0.05857142857142857 0.07868020304568528
3 0.11357142857142857 0.6713197969543148 0.041428571428571426 0.05456852791878172
3 0.10357142857142858 0.6129441624365483 0.05714285714285714 0.07868020304568528
3 0.1 0.5723350253807107 0.054285714285714284 0.07487309644670051
3 0.09214285714285714 0.4682741116751269 0.055714285714285716 0.07360406091370558
3 0.08 0.43147208121827413 0.05357142857142857 0.07741116751269035
3 0.060714285714285714 0.36548223350253806 0.05 0.06852791878172589
3 0.05714285714285714 0.3197969543147208 0.05285714285714286 0.06472081218274112
3 0.04214285714285714 0.2550761421319797 0.05285714285714286 0.06598984771573604
3 0.041428571428571426 0.21954314720812182 0.05071428571428571 0.06725888324873096
3 0.030714285714285715 0.19289340101522842 0.052142857142857144 0.06218274111675127
3 0.02642857142857143 0.15862944162436549 0.04642857142857143 0.06345177664974619
3 0.02214285714285714 0.1319796954314721 0.04857142857142857 0.048223350253807105
3 0.03142857142857143 0.03934010152284264 0.047142857142857146 0.0583756345177665
3 0.04214285714285714 0.0025380710659898475 0.047857142857142855 0.05964467005076142
3 0.15357142857142858 0.9581218274111675 0.06357142857142857 0.04060913705583756
3 0.14214285714285715 0.3248730964467005 0.03 0.08883248730964467
4 0.009285714285714286 0.04187817258883249 0.011428571428571429 0.0266497461928934
4 0.14285714285714285 0.07614213197969544 0.015 0.027918781725888325
4 0.16 0.21446700507614214 0.02 0.025380710659898477
4 0.03642857142857143 0.3401015228426396 0.02142857142857143 0.02284263959390863
4 0.21428571428571427 0.49238578680203043 0.02142857142857143 0.03680203045685279
4 0.26 0.501269035532995 0.012142857142857143 0.04568527918781726
4 0.2307142857142857 0.5583756345177665 0.024285714285714285 0.017766497461928935
4 0.23214285714285715 0.5786802030456852 0.024285714285714285 0.017766497461928935
4 0.2857142857142857 0.550761421319797 0.009285714285714286 0.04568527918781726
1 0.285 0.5621827411167513 0.014285714285714285 0.02284263959390863
1 0.26785714285714285 0.5710659898477157 0.008571428571428572 0.024111675126903553
1 0.27785714285714286 0.583756345177665 0.008571428571428572 0.01903553299492386
1 0.2664285714285714 0.6015228426395939 0.012142857142857143 0.021573604060913704
1 0.2542857142857143 0.5888324873096447 0.009285714285714286 0.02284263959390863
1 0.2642857142857143 0.5545685279187818 0.012857142857142857 0.017766497461928935
1 0.2571428571428571 0.5469543147208121 0.01 0.021573604060913704
1 0.245 0.5431472081218274 0.011428571428571429 0.02284263959390863
1 0.025 0.5050761421319797 0.015 0.021573604060913704
1 0.03357142857142857 0.41624365482233505 0.013571428571428571 0.025380710659898477
1 0.4057142857142857 0.2182741116751269 0.007857142857142858 0.0266497461928934
1 0.4135714285714286 0.21573604060913706 0.008571428571428572 0.027918781725888325
1 0.42 0.20558375634517767 0.007857142857142858 0.03680203045685279
1 0.06928571428571428 0.7411167512690355 0.015714285714285715 0.021573604060913704
1 0.02 0.7131979695431472 0.017142857142857144 0.02284263959390863
4 0.04 0.9010152284263959 0.016428571428571428 0.044416243654822336
4 0.02642857142857143 0.7753807106598984 0.012142857142857143 0.04187817258883249
4 0.032857142857142856 0.6700507614213198 0.012142857142857143 0.04314720812182741
4 0.020714285714285713 0.6878172588832487 0.008571428571428572 0.03553299492385787
