3 0.47 0.7733333333333333 0.095 0.1457142857142857
3 0.42857142857142855 0.6228571428571429 0.07571428571428572 0.0980952380952381
3 0.23857142857142857 0.7752380952380953 0.06857142857142857 0.15619047619047619
3 0.3485714285714286 0.5523809523809524 0.047142857142857146 0.07047619047619047
3 0.33071428571428574 0.44571428571428573 0.03857142857142857 0.05047619047619047
3 0.2042857142857143 0.5923809523809523 0.056428571428571425 0.10952380952380952
3 0.03571428571428571 0.7923809523809524 0.06785714285714285 0.1619047619047619
3 0.060714285714285714 0.5371428571428571 0.047142857142857146 0.07142857142857142
8 0.12 0.6 0.06571428571428571 0.15904761904761905
8 0.3821428571428571 0.4561904761904762 0.052142857142857144 0.06666666666666667
1 0.9292857142857143 0.18666666666666668 0.0064285714285714285 0.018095238095238095
1 0.9407142857142857 0.17904761904761904 0.007857142857142858 0.018095238095238095
1 0.9285714285714286 0.17142857142857143 0.004285714285714286 0.017142857142857144
1 0.6814285714285714 0.5571428571428572 0.022857142857142857 0.03333333333333333
1 0.63 0.5819047619047619 0.012142857142857143 0.03333333333333333
1 0.5814285714285714 0.44666666666666666 0.01 0.03333333333333333
1 0.5907142857142857 0.4657142857142857 0.010714285714285714 0.039047619047619046
1 0.6078571428571429 0.4704761904761905 0.007142857142857143 0.029523809523809525
1 0.625 0.5542857142857143 0.014285714285714285 0.0380952380952381
2 0.5521428571428572 0.5190476190476191 0.022857142857142857 0.023809523809523808
8 0.25142857142857145 0.3180952380952381 0.04642857142857143 0.06952380952380953
3 0.12642857142857142 0.1419047619047619 0.020714285714285713 0.03333333333333333
6 0.045714285714285714 0.18857142857142858 0.032857142857142856 0.05619047619047619
3 0.3557142857142857 0.22285714285714286 0.03571428571428571 0.0380952380952381
3 0.3392857142857143 0.21333333333333335 0.020714285714285713 0.023809523809523808
3 0.1757142857142857 0.2038095238095238 0.02142857142857143 0.024761904761904763
3 0.09214285714285714 0.1361904761904762 0.012142857142857143 0.01619047619047619
3 0.11142857142857143 0.13904761904761906 0.014285714285714285 0.013333333333333334
3 0.20642857142857143 0.20095238095238097 0.017142857142857144 0.01619047619047619
3 0.21357142857142858 0.24 0.022857142857142857 0.02095238095238095
3 0.2592857142857143 0.23714285714285716 0.02214285714285714 0.02761904761904762
3 0.235 0.2 0.013571428571428571 0.01904761904761905
3 0.21357142857142858 0.12666666666666668 0.013571428571428571 0.010476190476190476
3 0.18857142857142858 0.1657142857142857 0.014285714285714285 0.015238095238095238
3 0.1757142857142857 0.11904761904761904 0.010714285714285714 0.010476190476190476
3 0.17214285714285715 0.06571428571428571 0.007142857142857143 0.009523809523809525
3 0.16214285714285714 0.1019047619047619 0.011428571428571429 0.014285714285714285
3 0.32 0.19142857142857142 0.02214285714285714 0.02
3 0.43 0.1961904761904762 0.019285714285714285 0.022857142857142857
3 0.46285714285714286 0.22666666666666666 0.025 0.022857142857142857
3 0.9657142857142857 0.08 0.022857142857142857 0.014285714285714285
3 0.9464285714285714 0.07142857142857142 0.017857142857142856 0.01904761904761905
3 0.8757142857142857 0.08285714285714285 0.02214285714285714 0.010476190476190476
3 0.86 0.09238095238095238 0.020714285714285713 0.018095238095238095
3 0.7571428571428571 0.1895238095238095 0.03 0.01619047619047619
3 0.98 0.06571428571428571 0.019285714285714285 0.009523809523809525
3 0.9664285714285714 0.05714285714285714 0.02142857142857143 0.008571428571428572
3 0.8871428571428571 0.0761904761904762 0.02142857142857143 0.01619047619047619
1 0.845 0.17142857142857143 0.004285714285714286 0.01619047619047619
1 0.85 0.17047619047619048 0.0064285714285714285 0.013333333333333334
1 0.7928571428571428 0.23238095238095238 0.0064285714285714285 0.02095238095238095
1 0.7071428571428572 0.2571428571428571 0.005 0.02095238095238095
1 0.7021428571428572 0.19904761904761906 0.004285714285714286 0.015238095238095238
3 0.6042857142857143 0.1895238095238095 0.018571428571428572 0.023809523809523808
4 0.4664285714285714 0.19904761904761906 0.005714285714285714 0.013333333333333334
3 0.4357142857142857 0.1619047619047619 0.02214285714285714 0.021904761904761906
3 0.4057142857142857 0.1819047619047619 0.022857142857142857 0.023809523809523808
3 0.3942857142857143 0.17238095238095238 0.015714285714285715 0.01904761904761905
1 0.4185714285714286 0.36952380952380953 0.007142857142857143 0.022857142857142857
1 0.4764285714285714 0.44476190476190475 0.012857142857142857 0.01904761904761905
1 0.4057142857142857 0.3457142857142857 0.007857142857142858 0.02761904761904762
3 0.3171428571428571 0.16 0.03428571428571429 0.023809523809523808
3 0.30357142857142855 0.15523809523809523 0.02642857142857143 0.02
3 0.34785714285714286 0.15047619047619049 0.024285714285714285 0.012380952380952381
3 0.3028571428571429 0.14952380952380953 0.02 0.015238095238095238
3 0.2985714285714286 0.1457142857142857 0.020714285714285713 0.013333333333333334
3 0.28 0.1523809523809524 0.017142857142857144 0.02
3 0.2907142857142857 0.12761904761904763 0.039285714285714285 0.029523809523809525
3 0.2814285714285714 0.13428571428571429 0.015714285714285715 0.022857142857142857
3 0.31357142857142856 0.11333333333333333 0.014285714285714285 0.01619047619047619
3 0.31357142857142856 0.10666666666666667 0.012142857142857143 0.011428571428571429
3 0.08571428571428572 0.04380952380952381 0.007142857142857143 0.009523809523809525
3 0.005 0.10476190476190476 0.022857142857142857 0.007619047619047619
3 0.0014285714285714286 0.12476190476190477 0.025714285714285714 0.011428571428571429
3 0.004285714285714286 0.11428571428571428 0.023571428571428573 0.015238095238095238
3 0.010714285714285714 0.09238095238095238 0.027857142857142858 0.011428571428571429
1 0.035 0.11047619047619048 0.0064285714285714285 0.009523809523809525
4 0.07785714285714286 0.1457142857142857 0.0035714285714285713 0.009523809523809525
4 0.20857142857142857 0.14476190476190476 0.005 0.005714285714285714
4 0.2257142857142857 0.1523809523809524 0.0035714285714285713 0.006666666666666667
4 0.23214285714285715 0.15047619047619049 0.0064285714285714285 0.009523809523809525
4 0.2642857142857143 0.1961904761904762 0.005 0.010476190476190476
4 0.31142857142857144 0.26666666666666666 0.01 0.018095238095238095
4 0.3492857142857143 0.3342857142857143 0.009285714285714286 0.017142857142857144
4 0.36714285714285716 0.3333333333333333 0.012142857142857143 0.02761904761904762
4 0.34 0.29333333333333333 0.01 0.015238095238095238
4 0.32857142857142857 0.3028571428571429 0.011428571428571429 0.01904761904761905
1 0.33 0.29619047619047617 0.0064285714285714285 0.01619047619047619
1 0.35214285714285715 0.32857142857142857 0.007142857142857143 0.017142857142857144
1 0.3692857142857143 0.3361904761904762 0.011428571428571429 0.009523809523809525
1 0.37 0.3323809523809524 0.0035714285714285713 0.017142857142857144
1 0.33785714285714286 0.2857142857142857 0.01 0.01904761904761905
1 0.22285714285714286 0.14666666666666667 0.007142857142857143 0.011428571428571429
1 0.23285714285714285 0.14666666666666667 0.005714285714285714 0.011428571428571429
1 0.2642857142857143 0.19333333333333333 0.007857142857142858 0.009523809523809525
1 0.20785714285714285 0.13904761904761906 0.004285714285714286 0.006666666666666667
1 0.07642857142857143 0.1438095238095238 0.004285714285714286 0.008571428571428572
2 0.2907142857142857 0.2419047619047619 0.01 0.021904761904761906
1 0.3171428571428571 0.2419047619047619 0.010714285714285714 0.018095238095238095
