1 0.5605 0.0 0.0185 0.056666666666666664
1 0.547 0.048666666666666664 0.019 0.07933333333333334
1 0.542 0.17333333333333334 0.019 0.06733333333333333
1 0.333 0.3446666666666667 0.034 0.07066666666666667
1 0.5905 0.43466666666666665 0.0285 0.06866666666666667
1 0.557 0.6073333333333333 0.03 0.051333333333333335
1 0.582 0.596 0.0205 0.036
1 0.6205 0.6333333333333333 0.032 0.048
1 0.611 0.5746666666666667 0.028 0.04533333333333334
1 0.6575 0.44866666666666666 0.032 0.06133333333333333
1 0.6655 0.5186666666666667 0.037 0.06
1 0.763 0.5366666666666666 0.0275 0.07466666666666667
1 0.712 0.566 0.0445 0.052
1 0.435 0.49266666666666664 0.0335 0.058666666666666666
1 0.445 0.2826666666666667 0.03 0.062
1 0.4215 0.09333333333333334 0.025 0.052
1 0.4325 0.08666666666666667 0.0185 0.03933333333333333
1 0.391 0.372 0.028 0.05
4 0.393 0.3566666666666667 0.03 0.09466666666666666
4 0.456 0.3 0.02 0.076
4 0.442 0.49466666666666664 0.025 0.09
4 0.597 0.49866666666666665 0.0405 0.094
4 0.426 0.09933333333333333 0.02 0.088
1 0.6145 0.09333333333333334 0.0235 0.08466666666666667
1 0.6115 0.078 0.032 0.078
1 0.6035 0.03333333333333333 0.035 0.052
1 0.602 0.010666666666666666 0.037 0.054
1 0.687 0.108 0.022 0.084
1 0.6925 0.14066666666666666 0.022 0.062
1 0.721 0.14 0.02 0.06133333333333333
1 0.6395 0.412 0.0285 0.05733333333333333
1 0.692 0.7873333333333333 0.0535 0.04533333333333334
1 0.541 0.8573333333333333 0.0195 0.028
1 0.563 0.7033333333333334 0.036 0.056666666666666664
1 0.5295 0.8273333333333334 0.034 0.06533333333333333
1 0.6795 0.87 0.0345 0.04066666666666666
1 0.691 0.926 0.0445 0.042
1 0.7895 0.8206666666666667 0.0545 0.06466666666666666
4 0.5615 0.6846666666666666 0.0465 0.10933333333333334
1 0.3195 0.8086666666666666 0.0435 0.046
1 0.398 0.8326666666666667 0.0395 0.06133333333333333
4 0.401 0.794 0.0255 0.12733333333333333
2 0.261 0.9366666666666666 0.0705 0.058666666666666666
2 0.2815 0.30866666666666664 0.055 0.14866666666666667
2 0.1065 0.3393333333333333 0.0885 0.11266666666666666
2 0.086 0.202 0.1005 0.06933333333333333
4 0.2 0.216 0.061 0.04533333333333334
4 0.032 0.362 0.0685 0.05266666666666667
