3 0.2714285714285714 0.5723809523809524 0.0064285714285714285 0.014285714285714285
3 0.2757142857142857 0.6057142857142858 0.014285714285714285 0.022857142857142857
3 0.2714285714285714 0.6 0.012142857142857143 0.018095238095238095
3 0.26285714285714284 0.6019047619047619 0.011428571428571429 0.017142857142857144
3 0.22071428571428572 0.6209523809523809 0.011428571428571429 0.01619047619047619
1 0.22714285714285715 0.6514285714285715 0.007142857142857143 0.007619047619047619
1 0.20857142857142857 0.6914285714285714 0.007142857142857143 0.009523809523809525
1 0.20642857142857143 0.6942857142857143 0.0064285714285714285 0.008571428571428572
1 0.265 0.699047619047619 0.013571428571428571 0.01619047619047619
1 0.265 0.7076190476190476 0.01 0.014285714285714285
3 0.18928571428571428 0.6838095238095238 0.018571428571428572 0.017142857142857144
3 0.18071428571428572 0.6952380952380952 0.016428571428571428 0.021904761904761906
3 0.15857142857142856 0.7314285714285714 0.023571428571428573 0.022857142857142857
3 0.15142857142857144 0.7561904761904762 0.02 0.02095238095238095
3 0.13285714285714287 0.7942857142857143 0.02 0.022857142857142857
3 0.12642857142857142 0.8057142857142857 0.019285714285714285 0.01904761904761905
3 0.11428571428571428 0.8133333333333334 0.02857142857142857 0.03619047619047619
3 0.2642857142857143 0.6514285714285715 0.014285714285714285 0.02666666666666667
3 0.24071428571428571 0.6876190476190476 0.017142857142857144 0.03142857142857143
2 0.24 0.74 0.017857142857142856 0.025714285714285714
1 0.24214285714285713 0.7485714285714286 0.008571428571428572 0.009523809523809525
3 0.21071428571428572 0.7752380952380953 0.025714285714285714 0.047619047619047616
1 0.2392857142857143 0.8266666666666667 0.017857142857142856 0.02095238095238095
1 0.23642857142857143 0.8419047619047619 0.016428571428571428 0.02095238095238095
3 0.15142857142857144 0.8771428571428571 0.03214285714285714 0.06285714285714286
3 0.07714285714285714 0.8923809523809524 0.02857142857142857 0.030476190476190476
3 0.06428571428571428 0.9180952380952381 0.029285714285714286 0.03428571428571429
1 0.07357142857142857 0.9723809523809523 0.019285714285714285 0.017142857142857144
1 0.4014285714285714 0.7609523809523809 0.016428571428571428 0.039047619047619046
4 0.4007142857142857 0.7561904761904762 0.02857142857142857 0.049523809523809526
3 0.7007142857142857 0.47904761904761906 0.12142857142857143 0.14476190476190476
3 0.7185714285714285 0.4123809523809524 0.10714285714285714 0.12380952380952381
3 0.8564285714285714 0.40190476190476193 0.14357142857142857 0.16095238095238096
3 0.8635714285714285 0.28476190476190477 0.13642857142857143 0.15142857142857144
3 0.8471428571428572 0.2638095238095238 0.12214285714285714 0.13047619047619047
