8 0.5035714285714286 0.9114285714285715 0.05 0.08857142857142856
3 0.5257142857142857 0.8666666666666667 0.03214285714285714 0.04476190476190476
3 0.5371428571428571 0.8314285714285714 0.030714285714285715 0.0380952380952381
3 0.6135714285714285 0.8323809523809523 0.03642857142857143 0.04666666666666667
3 0.7085714285714285 0.9171428571428571 0.03571428571428571 0.06285714285714286
3 0.6835714285714286 0.8666666666666667 0.05928571428571429 0.05333333333333334
3 0.675 0.8057142857142857 0.04214285714285714 0.03428571428571429
3 0.6721428571428572 0.7838095238095238 0.04285714285714286 0.03619047619047619
3 0.6735714285714286 0.7685714285714286 0.03571428571428571 0.02666666666666667
3 0.7164285714285714 0.6676190476190477 0.037142857142857144 0.022857142857142857
3 0.6657142857142857 0.7514285714285714 0.04071428571428572 0.024761904761904763
3 0.6578571428571428 0.741904761904762 0.04285714285714286 0.024761904761904763
3 0.6564285714285715 0.7276190476190476 0.04214285714285714 0.025714285714285714
3 0.6571428571428571 0.7161904761904762 0.041428571428571426 0.023809523809523808
3 0.6564285714285715 0.7104761904761905 0.03571428571428571 0.02095238095238095
3 0.6564285714285715 0.699047619047619 0.03571428571428571 0.018095238095238095
3 0.6507142857142857 0.6895238095238095 0.03428571428571429 0.02095238095238095
3 0.6435714285714286 0.68 0.037142857142857144 0.021904761904761906
3 0.6535714285714286 0.6733333333333333 0.03642857142857143 0.02095238095238095
3 0.66 0.660952380952381 0.03 0.01619047619047619
3 0.6478571428571429 0.6552380952380953 0.032857142857142856 0.018095238095238095
3 0.6478571428571429 0.6428571428571429 0.030714285714285715 0.01904761904761905
3 0.6435714285714286 0.64 0.02857142857142857 0.01619047619047619
3 0.645 0.6342857142857142 0.029285714285714286 0.015238095238095238
3 0.6442857142857142 0.6295238095238095 0.03142857142857143 0.015238095238095238
3 0.6435714285714286 0.6266666666666667 0.030714285714285715 0.013333333333333334
3 0.6385714285714286 0.6133333333333333 0.03357142857142857 0.01904761904761905
3 0.6421428571428571 0.6057142857142858 0.025714285714285714 0.01619047619047619
3 0.6428571428571429 0.6019047619047619 0.025 0.018095238095238095
3 0.6064285714285714 0.540952380952381 0.008571428571428572 0.007619047619047619
3 0.6057142857142858 0.5371428571428571 0.0064285714285714285 0.006666666666666667
3 0.5714285714285714 0.5238095238095238 0.008571428571428572 0.007619047619047619
3 0.5835714285714285 0.5266666666666666 0.011428571428571429 0.012380952380952381
3 0.5978571428571429 0.5638095238095238 0.014285714285714285 0.012380952380952381
3 0.5785714285714286 0.6038095238095238 0.02 0.013333333333333334
3 0.5614285714285714 0.6095238095238096 0.012857142857142857 0.017142857142857144
3 0.5878571428571429 0.5952380952380952 0.015 0.012380952380952381
3 0.5835714285714285 0.62 0.010714285714285714 0.011428571428571429
3 0.5814285714285714 0.6285714285714286 0.010714285714285714 0.011428571428571429
3 0.5778571428571428 0.6371428571428571 0.012857142857142857 0.014285714285714285
3 0.5764285714285714 0.6485714285714286 0.013571428571428571 0.01904761904761905
3 0.5478571428571428 0.6552380952380953 0.035 0.018095238095238095
3 0.5564285714285714 0.6723809523809524 0.03571428571428571 0.022857142857142857
3 0.5692857142857143 0.680952380952381 0.020714285714285713 0.02761904761904762
3 0.565 0.7019047619047619 0.017142857142857144 0.022857142857142857
3 0.5578571428571428 0.7180952380952381 0.025 0.024761904761904763
3 0.56 0.741904761904762 0.025 0.02761904761904762
3 0.555 0.7666666666666667 0.017857142857142856 0.03333333333333333
3 0.5428571428571428 0.7866666666666666 0.027142857142857142 0.040952380952380955
8 0.6957142857142857 0.8047619047619048 0.047857142857142855 0.08190476190476191
