3 0.195 0.9580952380952381 0.06 0.0419047619047619
4 0.2542857142857143 0.8790476190476191 0.023571428571428573 0.054285714285714284
4 0.26071428571428573 0.8180952380952381 0.02214285714285714 0.049523809523809526
1 0.25285714285714284 0.8438095238095238 0.015 0.01619047619047619
4 0.22642857142857142 0.8542857142857143 0.027142857142857142 0.04380952380952381
3 0.3921428571428571 0.7676190476190476 0.035 0.10666666666666667
3 0.12357142857142857 0.8571428571428571 0.08071428571428571 0.11904761904761904
2 0.26285714285714284 0.6723809523809524 0.04642857142857143 0.07523809523809524
4 0.33071428571428574 0.638095238095238 0.012142857142857143 0.04666666666666667
4 0.41285714285714287 0.6866666666666666 0.03428571428571429 0.030476190476190476
1 0.4235714285714286 0.6895238095238095 0.016428571428571428 0.02095238095238095
1 0.32857142857142857 0.6466666666666666 0.015714285714285715 0.02095238095238095
4 0.21928571428571428 0.6895238095238095 0.035 0.029523809523809525
4 0.18785714285714286 0.6780952380952381 0.02642857142857143 0.03619047619047619
4 0.20642857142857143 0.6704761904761904 0.027142857142857142 0.040952380952380955
1 0.19142857142857142 0.6838095238095238 0.015 0.017142857142857144
1 0.22357142857142856 0.6952380952380952 0.015 0.017142857142857144
3 0.22357142857142856 0.6171428571428571 0.06285714285714286 0.08
3 0.1757142857142857 0.5533333333333333 0.05857142857142857 0.07523809523809524
3 0.12928571428571428 0.48857142857142855 0.054285714285714284 0.07142857142857142
8 0.07428571428571429 0.4228571428571429 0.06357142857142857 0.07238095238095238
3 0.0064285714285714285 0.3304761904761905 0.05071428571428571 0.06
3 0.0 0.2923809523809524 0.025 0.05238095238095238
2 0.0 0.2733333333333333 0.02 0.02666666666666667
1 0.0 0.26857142857142857 0.009285714285714286 0.01904761904761905
3 0.075 0.31333333333333335 0.055714285714285716 0.06857142857142857
3 0.14785714285714285 0.30952380952380953 0.055 0.06095238095238095
4 0.17714285714285713 0.379047619047619 0.022857142857142857 0.037142857142857144
4 0.24142857142857144 0.26571428571428574 0.020714285714285713 0.021904761904761906
1 0.17857142857142858 0.3819047619047619 0.015 0.02
1 0.24428571428571427 0.2638095238095238 0.011428571428571429 0.017142857142857144
3 0.1692857142857143 0.2219047619047619 0.04857142857142857 0.049523809523809526
3 0.21071428571428572 0.19904761904761906 0.04642857142857143 0.04857142857142857
1 0.25142857142857145 0.20666666666666667 0.015 0.029523809523809525
8 0.24214285714285713 0.1619047619047619 0.04857142857142857 0.05142857142857143
8 0.3485714285714286 0.25333333333333335 0.07642857142857143 0.08
1 0.12428571428571429 0.18285714285714286 0.017857142857142856 0.02761904761904762
1 0.13857142857142857 0.17523809523809525 0.016428571428571428 0.025714285714285714
4 0.062142857142857146 0.07333333333333333 0.015714285714285715 0.024761904761904763
4 0.095 0.0761904761904762 0.025 0.02095238095238095
4 0.030714285714285715 0.02666666666666667 0.017142857142857144 0.02095238095238095
1 0.03214285714285714 0.02095238095238095 0.011428571428571429 0.01904761904761905
1 0.06142857142857143 0.07142857142857142 0.011428571428571429 0.018095238095238095
1 0.09785714285714285 0.07428571428571429 0.014285714285714285 0.02095238095238095
3 0.06857142857142857 0.004761904761904762 0.037142857142857144 0.035238095238095235
3 0.09928571428571428 0.03333333333333333 0.037142857142857144 0.03619047619047619
4 0.13 0.05904761904761905 0.02214285714285714 0.02095238095238095
4 0.16142857142857142 0.08952380952380952 0.017857142857142856 0.023809523809523808
8 0.17285714285714285 0.09904761904761905 0.04285714285714286 0.04476190476190476
3 0.2092857142857143 0.13142857142857142 0.04357142857142857 0.04285714285714286
4 0.37714285714285717 0.5028571428571429 0.027857142857142858 0.03142857142857143
1 0.38 0.5019047619047619 0.015714285714285715 0.022857142857142857
2 0.3792857142857143 0.4780952380952381 0.025 0.02666666666666667
1 0.38357142857142856 0.4780952380952381 0.014285714285714285 0.02
3 0.3692857142857143 0.43238095238095237 0.06714285714285714 0.06952380952380953
3 0.42928571428571427 0.40285714285714286 0.06142857142857143 0.05523809523809524
3 0.44357142857142856 0.3457142857142857 0.052142857142857144 0.054285714285714284
3 0.5085714285714286 0.660952380952381 0.07642857142857143 0.05333333333333334
4 0.6057142857142858 0.8876190476190476 0.03357142857142857 0.03619047619047619
1 0.6142857142857143 0.8942857142857142 0.017142857142857144 0.021904761904761906
3 0.6814285714285714 0.7752380952380953 0.06142857142857143 0.10857142857142857
3 0.7428571428571429 0.6066666666666667 0.056428571428571425 0.08571428571428572
3 0.5614285714285714 0.4657142857142857 0.06928571428571428 0.045714285714285714
3 0.6157142857142858 0.3495238095238095 0.05071428571428571 0.06285714285714286
3 0.6628571428571428 0.29428571428571426 0.04642857142857143 0.058095238095238096
3 0.7157142857142857 0.3038095238095238 0.047857142857142855 0.06761904761904762
4 0.7021428571428572 0.38095238095238093 0.030714285714285715 0.024761904761904763
1 0.7107142857142857 0.3819047619047619 0.015714285714285715 0.021904761904761906
1 0.7485714285714286 0.43047619047619046 0.012857142857142857 0.02095238095238095
1 0.7092857142857143 0.3933333333333333 0.01 0.021904761904761906
3 0.8335714285714285 0.46190476190476193 0.05071428571428571 0.07809523809523809
4 0.9221428571428572 0.35333333333333333 0.020714285714285713 0.03619047619047619
1 0.9271428571428572 0.35523809523809524 0.015 0.021904761904761906
4 0.9242857142857143 0.49333333333333335 0.02142857142857143 0.03333333333333333
4 0.9492857142857143 0.5228571428571429 0.013571428571428571 0.03333333333333333
1 0.9242857142857143 0.4961904761904762 0.02142857142857143 0.022857142857142857
1 0.9535714285714286 0.5247619047619048 0.015714285714285715 0.02095238095238095
1 0.9214285714285714 0.7504761904761905 0.020714285714285713 0.01619047619047619
3 0.8285714285714286 0.06666666666666667 0.027857142857142858 0.0419047619047619
3 0.7721428571428571 0.13047619047619047 0.04642857142857143 0.05904761904761905
3 0.8542857142857143 0.017142857142857144 0.035 0.05523809523809524
3 0.8857142857142857 0.0 0.032857142857142856 0.029523809523809525
