3 0.38517745302713985 0.813543599257885 0.04488517745302714 0.10018552875695733
3 0.45563674321503134 0.6205936920222634 0.029749478079331943 0.061224489795918366
3 0.6805845511482255 0.24025974025974026 0.010438413361169102 0.023191094619666047
8 0.7729645093945721 0.059369202226345084 0.012004175365344467 0.017625231910946195
3 0.7985386221294363 0.012987012987012988 0.006784968684759917 0.00927643784786642
1 0.8355949895615866 0.7300556586270872 0.008872651356993737 0.03432282003710575
1 0.3267223382045929 0.7161410018552876 0.005741127348643006 0.02411873840445269
1 0.30062630480167013 0.7560296846011132 0.005741127348643006 0.015769944341372914
1 0.3048016701461378 0.7532467532467533 0.0041753653444676405 0.016697588126159554
1 0.27505219206680587 0.7940630797773655 0.006263048016701462 0.013914656771799629
4 0.2719206680584551 0.8061224489795918 0.012004175365344467 0.021335807050092765
4 0.2980167014613779 0.7653061224489796 0.016701461377870562 0.016697588126159554
4 0.325678496868476 0.7189239332096475 0.010438413361169102 0.029684601113172542
1 0.08977035490605428 0.9721706864564007 0.009394572025052192 0.02411873840445269
4 0.08768267223382047 0.9851576994434137 0.016179540709812108 0.013914656771799629
1 0.7917536534446764 0.01855287569573284 0.0026096033402922755 0.00927643784786642
4 0.8851774530271399 0.6437847866419295 0.010960334029227558 0.025974025974025976
