3 0.4 0.8438095238095238 0.25357142857142856 0.1523809523809524
3 0.91 0.6428571428571429 0.09 0.14285714285714285
3 0.84 0.49714285714285716 0.16 0.13333333333333333
3 0.7971428571428572 0.3761904761904762 0.19857142857142857 0.12380952380952381
1 0.8335714285714285 0.7533333333333333 0.047857142857142855 0.08571428571428572
1 0.6892857142857143 0.3819047619047619 0.029285714285714286 0.08952380952380952
1 0.675 0.3657142857142857 0.025714285714285714 0.06476190476190476
1 0.3342857142857143 0.2523809523809524 0.023571428571428573 0.06857142857142857
1 0.35642857142857143 0.2542857142857143 0.020714285714285713 0.07047619047619047
3 0.40714285714285714 0.6914285714285714 0.24 0.1419047619047619
3 0.41714285714285715 0.5685714285714286 0.2042857142857143 0.1219047619047619
3 0.43714285714285717 0.4666666666666667 0.16785714285714284 0.10571428571428572
3 0.42928571428571427 0.38 0.1707142857142857 0.09333333333333334
3 0.4357142857142857 0.25333333333333335 0.155 0.07238095238095238
3 0.4421428571428571 0.1895238095238095 0.14 0.07333333333333333
3 0.44642857142857145 0.15142857142857144 0.12428571428571429 0.05333333333333334
3 0.45071428571428573 0.11619047619047619 0.11357142857142857 0.06380952380952382
3 0.45 0.08666666666666667 0.11214285714285714 0.05142857142857143
3 0.45571428571428574 0.023809523809523808 0.09428571428571429 0.06095238095238095
3 0.44571428571428573 0.29333333333333333 0.13642857142857143 0.09523809523809523
3 0.4614285714285714 0.0019047619047619048 0.07642857142857143 0.03428571428571429
