1 0.007142857142857143 0.3236040609137056 0.017142857142857144 0.024111675126903553
4 0.4328571428571429 0.14720812182741116 0.01 0.03553299492385787
1 0.435 0.1484771573604061 0.007857142857142858 0.030456852791878174
3 0.45071428571428573 0.45050761421319796 0.02214285714285714 0.09898477157360407
6 0.5942857142857143 0.0266497461928934 0.039285714285714285 0.28426395939086296
6 0.6021428571428571 0.4086294416243655 0.047142857142857146 0.2715736040609137
3 0.565 0.38071065989847713 0.025 0.10786802030456853
3 0.5778571428571428 0.7296954314720813 0.02857142857142857 0.09644670050761421
3 0.7157142857142857 0.6814720812182741 0.03571428571428571 0.11294416243654823
3 0.7092857142857143 0.5634517766497462 0.032857142857142856 0.11040609137055837
8 0.7171428571428572 0.3870558375634518 0.05 0.16624365482233502
8 0.6814285714285714 0.13959390862944163 0.04071428571428572 0.18401015228426396
8 0.72 0.14086294416243655 0.047142857142857146 0.2296954314720812
8 0.7685714285714286 0.17639593908629442 0.04642857142857143 0.2766497461928934
3 0.6692857142857143 0.0 0.04928571428571429 0.04314720812182741
