1 0.24142857142857144 0.8238095238095238 0.027142857142857142 0.049523809523809526
3 0.5028571428571429 0.36666666666666664 0.08428571428571428 0.08666666666666667
3 0.4207142857142857 0.3380952380952381 0.10642857142857143 0.08952380952380952
3 0.44357142857142856 0.28476190476190477 0.08357142857142857 0.07809523809523809
3 0.42642857142857143 0.23809523809523808 0.08357142857142857 0.07809523809523809
3 0.4564285714285714 0.19142857142857142 0.08428571428571428 0.06952380952380953
3 0.455 0.1419047619047619 0.08428571428571428 0.05047619047619047
3 0.4592857142857143 0.049523809523809526 0.075 0.0419047619047619
3 0.355 0.10952380952380952 0.03642857142857143 0.06666666666666667
3 0.33285714285714285 0.17809523809523808 0.045 0.07904761904761905
3 0.29285714285714287 0.2438095238095238 0.06571428571428571 0.07523809523809524
3 0.24214285714285713 0.33714285714285713 0.09428571428571429 0.09619047619047619
3 0.21285714285714286 0.4438095238095238 0.11285714285714285 0.10761904761904761
3 0.11214285714285714 0.7828571428571428 0.095 0.15714285714285714
3 0.6542857142857142 0.06380952380952382 0.06571428571428571 0.047619047619047616
3 0.6307142857142857 0.14952380952380953 0.032857142857142856 0.07809523809523809
3 0.5528571428571428 0.04476190476190476 0.06714285714285714 0.05238095238095238
3 0.6142857142857143 0.3361904761904762 0.04857142857142857 0.13333333333333333
3 0.09571428571428571 0.03333333333333333 0.054285714285714284 0.06476190476190476
3 0.0 0.23523809523809525 0.047142857142857146 0.10095238095238095
3 0.039285714285714285 0.599047619047619 0.12142857142857143 0.18761904761904763
3 0.0 0.8695238095238095 0.05857142857142857 0.12476190476190477
2 0.5121428571428571 0.023809523809523808 0.016428571428571428 0.023809523809523808
2 0.6285714285714286 0.06380952380952382 0.016428571428571428 0.040952380952380955
