8 0.27244258872651356 0.74860853432282 0.09812108559498957 0.2504638218923933
8 0.32254697286012524 0.32653061224489793 0.0965553235908142 0.310760667903525
3 0.4034446764091858 0.0 0.031315240083507306 0.04730983302411874
3 0.3742171189979123 0.18831168831168832 0.04175365344467641 0.12337662337662338
3 0.593945720250522 0.37662337662337664 0.044363256784968684 0.14749536178107606
3 0.5991649269311065 0.5658627087198516 0.05010438413361169 0.1725417439703154
3 0.6346555323590815 0.0 0.033402922755741124 0.09740259740259741
3 0.8048016701461378 0.6753246753246753 0.11169102296450939 0.09740259740259741
4 0.8575156576200418 0.6298701298701299 0.042275574112734866 0.04730983302411874
2 0.8288100208768268 0.3868274582560297 0.029227557411273485 0.022263450834879406
2 0.8392484342379958 0.37940630797773656 0.022964509394572025 0.02411873840445269
4 0.81419624217119 0.3469387755102041 0.029749478079331943 0.03710575139146568
2 0.7927974947807933 0.28664192949907236 0.04749478079331942 0.05194805194805195
4 0.8032359081419624 0.25510204081632654 0.029749478079331943 0.04359925788497217
