3 0.017857142857142856 0.7552380952380953 0.19142857142857142 0.24476190476190476
3 0.25357142857142856 0.5428571428571428 0.12642857142857142 0.1580952380952381
3 0.3578571428571429 0.45904761904761904 0.07642857142857143 0.11238095238095239
1 0.3292857142857143 0.4 0.020714285714285713 0.05238095238095238
1 0.3585714285714286 0.3980952380952381 0.016428571428571428 0.04285714285714286
1 0.46 0.3352380952380952 0.01 0.05047619047619047
3 0.49142857142857144 0.32666666666666666 0.08142857142857143 0.06857142857142857
4 0.47 0.32761904761904764 0.03142857142857143 0.02666666666666667
1 0.35214285714285715 0.31047619047619046 0.01 0.04380952380952381
4 0.37142857142857144 0.3019047619047619 0.030714285714285715 0.02857142857142857
3 0.6421428571428571 0.2571428571428571 0.05142857142857143 0.05238095238095238
3 0.6728571428571428 0.22380952380952382 0.039285714285714285 0.045714285714285714
3 0.8485714285714285 0.16380952380952382 0.030714285714285715 0.030476190476190476
3 0.8585714285714285 0.28285714285714286 0.04 0.058095238095238096
3 0.59 0.21523809523809523 0.03785714285714286 0.05047619047619047
1 0.6392857142857142 0.21428571428571427 0.007857142857142858 0.04285714285714286
4 0.4585714285714286 0.23809523809523808 0.020714285714285713 0.02095238095238095
3 0.9071428571428571 0.18666666666666668 0.029285714285714286 0.0380952380952381
1 0.9707142857142858 0.2742857142857143 0.014285714285714285 0.04285714285714286
3 0.9457142857142857 0.21047619047619048 0.03857142857142857 0.04476190476190476
3 0.9457142857142857 0.18476190476190477 0.02857142857142857 0.03333333333333333
3 0.9357142857142857 0.1419047619047619 0.025 0.029523809523809525
4 0.8964285714285715 0.16857142857142857 0.011428571428571429 0.029523809523809525
3 0.8814285714285715 0.09619047619047619 0.02142857142857143 0.024761904761904763
3 0.9071428571428571 0.06 0.015714285714285715 0.017142857142857144
3 0.9007142857142857 0.03142857142857143 0.010714285714285714 0.013333333333333334
3 0.7585714285714286 0.1295238095238095 0.023571428571428573 0.03238095238095238
3 0.7028571428571428 0.17904761904761904 0.03428571428571429 0.0380952380952381
1 0.7 0.2057142857142857 0.008571428571428572 0.02761904761904762
3 0.9742857142857143 0.1742857142857143 0.025714285714285714 0.03428571428571429
3 0.9678571428571429 0.15428571428571428 0.024285714285714285 0.03238095238095238
3 0.9614285714285714 0.14 0.02 0.02761904761904762
3 0.9521428571428572 0.12476190476190477 0.02214285714285714 0.024761904761904763
3 0.9442857142857143 0.11142857142857143 0.02214285714285714 0.023809523809523808
3 0.93 0.1295238095238095 0.02 0.029523809523809525
3 0.9421428571428572 0.1 0.019285714285714285 0.02
3 0.94 0.09047619047619047 0.017142857142857144 0.02
3 0.9357142857142857 0.07809523809523809 0.017142857142857144 0.021904761904761906
3 0.9142857142857143 0.03238095238095238 0.013571428571428571 0.015238095238095238
3 0.9657142857142857 0.06666666666666667 0.02 0.015238095238095238
3 0.9621428571428572 0.05714285714285714 0.013571428571428571 0.015238095238095238
3 0.9571428571428572 0.049523809523809526 0.017142857142857144 0.01619047619047619
3 0.7735714285714286 0.11333333333333333 0.017857142857142856 0.02
3 0.7842857142857143 0.08571428571428572 0.015 0.02
3 0.795 0.07523809523809524 0.012142857142857143 0.01904761904761905
1 0.9657142857142857 0.035238095238095235 0.005 0.013333333333333334
4 0.47714285714285715 0.26571428571428574 0.017142857142857144 0.024761904761904763
1 0.28214285714285714 0.5057142857142857 0.020714285714285713 0.05714285714285714
1 0.07 0.7028571428571428 0.047857142857142855 0.06666666666666667
1 0.5285714285714286 0.18666666666666668 0.011428571428571429 0.029523809523809525
1 0.8964285714285715 0.16952380952380952 0.011428571428571429 0.021904761904761906
