3 0.7755741127348643 0.9758812615955473 0.05375782881002088 0.023191094619666047
3 0.7760960334029228 0.9053803339517625 0.05271398747390397 0.04730983302411874
3 0.6163883089770354 0.8543599257884972 0.04018789144050104 0.045454545454545456
3 0.6106471816283925 0.8274582560296846 0.038100208768267224 0.04638218923933209
3 0.6195198329853863 0.7430426716141002 0.03653444676409186 0.03525046382189239
1 0.680062630480167 0.7142857142857143 0.004697286012526096 0.02411873840445269
1 0.675365344467641 0.7198515769944341 0.0036534446764091857 0.008348794063079777
3 0.7546972860125261 0.7207792207792207 0.03496868475991649 0.030612244897959183
3 0.7479123173277662 0.6920222634508348 0.031837160751565764 0.026901669758812616
3 0.7620041753653445 0.37012987012987014 0.011482254697286013 0.015769944341372914
3 0.7536534446764092 0.37569573283859 0.013569937369519834 0.015769944341372914
3 0.7489561586638831 0.37940630797773656 0.012526096033402923 0.015769944341372914
3 0.7416492693110647 0.38589981447124305 0.015135699373695199 0.014842300556586271
3 0.732776617954071 0.38589981447124305 0.01826722338204593 0.02040816326530612
3 0.7541753653444676 0.35992578849721707 0.015657620041753653 0.013914656771799629
3 0.7359081419624217 0.362708719851577 0.01722338204592902 0.013914656771799629
1 0.7719206680584552 0.35714285714285715 0.0041753653444676405 0.013914656771799629
1 0.7818371607515657 0.3460111317254174 0.005219206680584551 0.015769944341372914
3 0.7891440501043842 0.3320964749536178 0.015135699373695199 0.01948051948051948
3 0.7865344467640919 0.3163265306122449 0.016179540709812108 0.016697588126159554
3 0.8136743215031316 0.3534322820037106 0.015657620041753653 0.015769944341372914
3 0.8272442588726514 0.362708719851577 0.015657620041753653 0.015769944341372914
3 0.8522964509394572 0.37662337662337664 0.016701461377870562 0.01855287569573284
8 0.7865344467640919 0.22077922077922077 0.02035490605427975 0.013914656771799629
6 0.9149269311064718 0.212430426716141 0.019832985386221295 0.017625231910946195
8 0.7708768267223383 0.2597402597402597 0.0255741127348643 0.022263450834879406
1 0.1524008350730689 0.6159554730983302 0.005741127348643006 0.01948051948051948
3 0.16858037578288101 0.5936920222634509 0.015135699373695199 0.032467532467532464
3 0.16962421711899792 0.6317254174397031 0.016179540709812108 0.030612244897959183
3 0.10594989561586639 0.6929499072356216 0.01722338204592902 0.04359925788497217
3 0.09551148225469729 0.8200371057513914 0.02244258872651357 0.05102040816326531
3 0.09290187891440502 0.8701298701298701 0.019832985386221295 0.05102040816326531
3 0.005741127348643006 0.5528756957328386 0.01826722338204593 0.029684601113172542
3 0.021920668058455117 0.5092764378478665 0.027139874739039668 0.02040816326530612
3 0.024530271398747392 0.5037105751391465 0.022964509394572025 0.015769944341372914
