1 0.039285714285714285 0.40609137055837563 0.02214285714285714 0.04568527918781726
1 0.30642857142857144 0.47588832487309646 0.013571428571428571 0.021573604060913704
1 0.32 0.4517766497461929 0.02 0.04949238578680203
1 0.38285714285714284 0.4619289340101523 0.016428571428571428 0.046954314720812185
1 0.37 0.4682741116751269 0.015 0.031725888324873094
1 0.23142857142857143 0.5190355329949239 0.012857142857142857 0.03426395939086294
1 0.4785714285714286 0.45685279187817257 0.011428571428571429 0.04187817258883249
1 0.5314285714285715 0.4847715736040609 0.014285714285714285 0.044416243654822336
1 0.52 0.4784263959390863 0.008571428571428572 0.04060913705583756
1 0.5028571428571429 0.4784263959390863 0.011428571428571429 0.02284263959390863
1 0.5192857142857142 0.45685279187817257 0.0064285714285714285 0.025380710659898477
1 0.5092857142857142 0.4263959390862944 0.012857142857142857 0.048223350253807105
1 0.49714285714285716 0.4302030456852792 0.012142857142857143 0.044416243654822336
