3 0.34 0.8629441624365483 0.02 0.06725888324873096
6 0.3107142857142857 0.7411167512690355 0.04285714285714286 0.1713197969543147
3 0.3557142857142857 0.6979695431472082 0.020714285714285713 0.06725888324873096
3 0.38142857142857145 0.6713197969543148 0.017857142857142856 0.0532994923857868
6 0.3914285714285714 0.6294416243654822 0.03785714285714286 0.16624365482233502
3 0.3492857142857143 0.5444162436548223 0.017142857142857144 0.05456852791878172
3 0.37142857142857144 0.5152284263959391 0.018571428571428572 0.06725888324873096
3 0.29285714285714287 0.5025380710659898 0.030714285714285715 0.05964467005076142
3 0.4107142857142857 0.2779187817258883 0.017142857142857144 0.06345177664974619
3 0.45357142857142857 0.1916243654822335 0.016428571428571428 0.0532994923857868
4 0.4785714285714286 0.19796954314720813 0.008571428571428572 0.03299492385786802
4 0.4907142857142857 0.19923857868020303 0.008571428571428572 0.031725888324873094
4 0.48642857142857143 0.23604060913705585 0.008571428571428572 0.03426395939086294
4 0.4942857142857143 0.23857868020304568 0.008571428571428572 0.03426395939086294
