3 0.5271428571428571 0.4438095238095238 0.07285714285714286 0.040952380952380955
3 0.6364285714285715 0.3361904761904762 0.022857142857142857 0.03428571428571429
3 0.6828571428571428 0.3514285714285714 0.027142857142857142 0.03333333333333333
3 0.6871428571428572 0.29333333333333333 0.015714285714285715 0.02
3 0.6857142857142857 0.30857142857142855 0.017857142857142856 0.024761904761904763
3 0.6842857142857143 0.3295238095238095 0.02214285714285714 0.02761904761904762
3 0.8335714285714285 0.3628571428571429 0.037142857142857144 0.039047619047619046
3 0.8585714285714285 0.3819047619047619 0.03642857142857143 0.05142857142857143
3 0.875 0.4342857142857143 0.04642857142857143 0.047619047619047616
3 0.6042857142857143 0.6533333333333333 0.06571428571428571 0.11238095238095239
3 0.5828571428571429 0.7447619047619047 0.08 0.1838095238095238
3 0.9621428571428572 0.6352380952380953 0.03785714285714286 0.09428571428571429
