3 0.043 0.5413333333333333 0.179 0.122
3 0.0555 0.35733333333333334 0.1335 0.09266666666666666
3 0.065 0.31 0.121 0.08533333333333333
4 0.0465 0.2833333333333333 0.0425 0.03333333333333333
3 0.0875 0.228 0.094 0.07
3 0.062 0.22066666666666668 0.099 0.056666666666666664
3 0.069 0.20066666666666666 0.0745 0.050666666666666665
3 0.2235 0.132 0.034 0.051333333333333335
1 0.3185 0.13933333333333334 0.012 0.04066666666666666
1 0.3535 0.272 0.012 0.04133333333333333
3 0.329 0.174 0.083 0.046
1 0.4255 0.13 0.0105 0.03266666666666666
1 0.4175 0.12866666666666668 0.009 0.028
3 0.3065 0.06533333333333333 0.044 0.034
1 0.352 0.048 0.005 0.016666666666666666
1 0.2665 0.048 0.0075 0.016
3 0.097 0.16933333333333334 0.085 0.048
3 0.053 0.164 0.0805 0.05
3 0.0645 0.12933333333333333 0.0705 0.037333333333333336
3 0.034 0.15333333333333332 0.063 0.03666666666666667
3 0.0305 0.15066666666666667 0.0655 0.03133333333333333
3 0.0455 0.11866666666666667 0.069 0.03933333333333333
3 0.0995 0.06133333333333333 0.0445 0.027333333333333334
3 0.024 0.05266666666666667 0.046 0.028666666666666667
3 0.0 0.04733333333333333 0.029 0.02666666666666667
3 0.0935 0.02266666666666667 0.0355 0.021333333333333333
3 0.1305 0.024666666666666667 0.0325 0.022
3 0.1605 0.025333333333333333 0.036 0.025333333333333333
1 0.612 0.11133333333333334 0.0045 0.02266666666666667
1 0.6095 0.10133333333333333 0.008 0.023333333333333334
1 0.594 0.10266666666666667 0.006 0.02666666666666667
1 0.5515 0.07666666666666666 0.0065 0.014
1 0.5305 0.08266666666666667 0.0045 0.014
1 0.529 0.024 0.0035 0.02
3 0.593 0.024 0.036 0.019333333333333334
1 0.609 0.024 0.0045 0.02
3 0.6495 0.018 0.033 0.02
3 0.6545 0.014 0.0325 0.017333333333333333
3 0.5985 0.010666666666666666 0.032 0.016666666666666666
1 0.749 0.114 0.0095 0.03333333333333333
1 0.754 0.13333333333333333 0.011 0.035333333333333335
3 0.817 0.25666666666666665 0.092 0.05533333333333333
3 0.875 0.024 0.0235 0.021333333333333333
3 0.8845 0.010666666666666666 0.0215 0.017333333333333333
1 0.8 0.21466666666666667 0.016 0.042666666666666665
1 0.737 0.01 0.0035 0.016
1 0.7315 0.01 0.004 0.015333333333333332
1 0.7285 0.008666666666666666 0.003 0.016666666666666666
1 0.724 0.005333333333333333 0.004 0.018
2 0.4925 0.02 0.011 0.022
1 0.426 0.4166666666666667 0.0195 0.052
3 0.768 0.44333333333333336 0.1475 0.09266666666666666
3 0.4155 0.736 0.221 0.2
