3 0.037 0.0 0.0415 0.03
3 0.077 0.014666666666666666 0.0595 0.06733333333333333
3 0.0075 0.10066666666666667 0.053 0.06133333333333333
3 0.064 0.158 0.0555 0.06333333333333334
3 0.0915 0.10733333333333334 0.059 0.06933333333333333
3 0.1515 0.092 0.052 0.06
3 0.2435 0.12133333333333333 0.045 0.06733333333333333
3 0.211 0.15333333333333332 0.054 0.06533333333333333
3 0.1275 0.21933333333333332 0.0585 0.06933333333333333
3 0.1875 0.2853333333333333 0.064 0.056
3 0.362 0.296 0.0585 0.066
3 0.2505 0.3413333333333333 0.0525 0.06333333333333334
3 0.304 0.40066666666666667 0.045 0.05533333333333333
3 0.358 0.45 0.046 0.07266666666666667
3 0.419 0.522 0.0555 0.058
3 0.487 0.444 0.052 0.06066666666666667
3 0.4805 0.5826666666666667 0.0525 0.06466666666666666
3 0.551 0.5046666666666667 0.055 0.062
3 0.7385 0.44133333333333336 0.049 0.08
3 0.6125 0.5693333333333334 0.057 0.06866666666666667
3 0.515 0.41533333333333333 0.054 0.06
3 0.5455 0.6486666666666666 0.0585 0.072
3 0.6805 0.6333333333333333 0.0555 0.06533333333333333
1 0.766 0.232 0.014 0.02
1 0.697 0.15466666666666667 0.0135 0.02
1 0.573 0.15933333333333333 0.011 0.027333333333333334
1 0.4985 0.152 0.011 0.027333333333333334
1 0.7435 0.08333333333333333 0.015 0.02266666666666667
1 0.75 0.096 0.016 0.025333333333333333
3 0.608 0.146 0.0525 0.04133333333333333
3 0.7335 0.6873333333333334 0.048 0.059333333333333335
3 0.6035 0.7086666666666667 0.0565 0.06533333333333333
3 0.668 0.7786666666666666 0.06 0.06733333333333333
3 0.7285 0.842 0.049 0.058666666666666666
3 0.789 0.7533333333333333 0.0635 0.07133333333333333
3 0.854 0.818 0.057 0.068
3 0.794 0.8273333333333334 0.061 0.07066666666666667
3 0.838 0.9573333333333334 0.0535 0.042666666666666665
3 0.9275 0.8853333333333333 0.054 0.06333333333333334
2 0.0355 0.288 0.04 0.042666666666666665
1 0.071 0.27266666666666667 0.021 0.02266666666666667
1 0.08 0.30666666666666664 0.022 0.021333333333333333
1 0.056 0.38666666666666666 0.023 0.018666666666666668
1 0.0865 0.258 0.0205 0.019333333333333334
1 0.1085 0.284 0.025 0.017333333333333333
1 0.1135 0.17933333333333334 0.0215 0.02666666666666667
