3 0.3964285714285714 0.6466666666666666 0.052142857142857144 0.11714285714285715
3 0.5421428571428571 0.49523809523809526 0.06785714285714285 0.12
3 0.28214285714285714 0.6571428571428571 0.09857142857142857 0.15333333333333332
3 0.22214285714285714 0.6285714285714286 0.11357142857142857 0.15142857142857144
3 0.7957142857142857 0.35333333333333333 0.03857142857142857 0.07809523809523809
3 0.8014285714285714 0.26571428571428574 0.03214285714285714 0.06
3 0.8028571428571428 0.1961904761904762 0.029285714285714286 0.045714285714285714
3 0.825 0.14285714285714285 0.025 0.03238095238095238
3 0.8321428571428572 0.12 0.02142857142857143 0.029523809523809525
3 0.8242857142857143 0.08571428571428572 0.023571428571428573 0.0380952380952381
3 0.8564285714285714 0.007619047619047619 0.016428571428571428 0.024761904761904763
3 0.98 0.013333333333333334 0.02 0.021904761904761906
3 0.9878571428571429 0.1895238095238095 0.012142857142857143 0.03238095238095238
3 0.5792857142857143 0.4076190476190476 0.05785714285714286 0.08190476190476191
3 0.4614285714285714 0.29428571428571426 0.06642857142857143 0.05238095238095238
3 0.4585714285714286 0.2638095238095238 0.06642857142857143 0.04285714285714286
3 0.4828571428571429 0.23809523809523808 0.06357142857142857 0.04476190476190476
3 0.41285714285714287 0.22 0.05 0.045714285714285714
3 0.34285714285714286 0.8533333333333334 0.11928571428571429 0.1457142857142857
3 0.0 0.5114285714285715 0.08857142857142856 0.10476190476190476
3 0.0 0.49333333333333335 0.03642857142857143 0.08095238095238096
1 0.03 0.7866666666666666 0.04642857142857143 0.054285714285714284
2 0.22285714285714286 0.5619047619047619 0.03357142857142857 0.04285714285714286
4 0.26142857142857145 0.5895238095238096 0.04071428571428572 0.037142857142857144
2 0.19357142857142856 0.5552380952380952 0.03 0.03428571428571429
1 0.5892857142857143 0.7685714285714286 0.018571428571428572 0.06190476190476191
1 0.6514285714285715 0.6714285714285714 0.02214285714285714 0.05142857142857143
1 0.5857142857142857 0.7076190476190476 0.022857142857142857 0.049523809523809526
1 0.6142857142857143 0.7238095238095238 0.018571428571428572 0.05333333333333334
1 0.6214285714285714 0.6904761904761905 0.015714285714285715 0.05523809523809524
1 0.6335714285714286 0.7314285714285714 0.020714285714285713 0.04476190476190476
3 0.6321428571428571 0.07047619047619047 0.047142857142857146 0.037142857142857144
