3 0.32071428571428573 0.518095238095238 0.05142857142857143 0.07238095238095238
3 0.23714285714285716 0.4228571428571429 0.04928571428571429 0.05333333333333334
3 0.34 0.3323809523809524 0.039285714285714285 0.05238095238095238
3 0.07785714285714286 0.43047619047619046 0.052142857142857144 0.05904761904761905
1 0.2571428571428571 0.23904761904761904 0.005 0.018095238095238095
3 0.4592857142857143 0.7695238095238095 0.055714285714285716 0.11714285714285715
3 0.42642857142857143 0.8742857142857143 0.06785714285714285 0.1180952380952381
3 0.5064285714285715 0.7228571428571429 0.07214285714285715 0.16285714285714287
3 0.5 0.6390476190476191 0.045714285714285714 0.09523809523809523
3 0.5242857142857142 0.5342857142857143 0.052142857142857144 0.11142857142857143
3 0.49357142857142855 0.3904761904761905 0.04928571428571429 0.030476190476190476
3 0.5014285714285714 0.3657142857142857 0.047857142857142855 0.03428571428571429
3 0.5107142857142857 0.3438095238095238 0.04 0.02761904761904762
3 0.5164285714285715 0.3342857142857143 0.032857142857142856 0.024761904761904763
3 0.52 0.32666666666666666 0.039285714285714285 0.024761904761904763
3 0.5192857142857142 0.3142857142857143 0.045 0.023809523809523808
3 0.5242857142857142 0.2980952380952381 0.047142857142857146 0.025714285714285714
3 0.5492857142857143 0.25142857142857145 0.04357142857142857 0.030476190476190476
3 0.5414285714285715 0.26476190476190475 0.039285714285714285 0.03142857142857143
3 0.5892857142857143 0.3495238095238095 0.025 0.040952380952380955
3 0.3607142857142857 0.2761904761904762 0.032857142857142856 0.037142857142857144
3 0.3914285714285714 0.14095238095238094 0.020714285714285713 0.024761904761904763
3 0.485 0.17714285714285713 0.018571428571428572 0.023809523809523808
3 0.48214285714285715 0.1523809523809524 0.017142857142857144 0.01904761904761905
3 0.49357142857142855 0.10857142857142857 0.018571428571428572 0.01904761904761905
3 0.5185714285714286 0.1 0.018571428571428572 0.02
3 0.5321428571428571 0.11047619047619048 0.016428571428571428 0.01619047619047619
3 0.5557142857142857 0.054285714285714284 0.014285714285714285 0.012380952380952381
3 0.5578571428571428 0.07333333333333333 0.013571428571428571 0.018095238095238095
3 0.4692857142857143 0.23047619047619047 0.020714285714285713 0.040952380952380955
3 0.36 0.17333333333333334 0.020714285714285713 0.025714285714285714
4 0.595 0.2885714285714286 0.0064285714285714285 0.014285714285714285
1 0.5957142857142858 0.2838095238095238 0.004285714285714286 0.010476190476190476
3 0.5435714285714286 0.15904761904761905 0.014285714285714285 0.02666666666666667
1 0.5 0.058095238095238096 0.0035714285714285713 0.017142857142857144
3 0.5957142857142858 0.02095238095238095 0.012142857142857143 0.012380952380952381
6 0.5742857142857143 0.0009523809523809524 0.018571428571428572 0.024761904761904763
1 0.5621428571428572 0.02666666666666667 0.002857142857142857 0.010476190476190476
1 0.5514285714285714 0.023809523809523808 0.002142857142857143 0.013333333333333334
1 0.5278571428571428 0.03428571428571429 0.004285714285714286 0.010476190476190476
3 0.6128571428571429 0.2838095238095238 0.019285714285714285 0.02761904761904762
3 0.6207142857142857 0.24571428571428572 0.02214285714285714 0.03142857142857143
3 0.6292857142857143 0.21428571428571427 0.017857142857142856 0.02857142857142857
3 0.6407142857142857 0.17523809523809525 0.015 0.02761904761904762
4 0.6128571428571429 0.20476190476190476 0.005 0.01619047619047619
4 0.6214285714285714 0.2038095238095238 0.004285714285714286 0.01904761904761905
1 0.6135714285714285 0.2038095238095238 0.004285714285714286 0.007619047619047619
1 0.6221428571428571 0.2038095238095238 0.004285714285714286 0.009523809523809525
3 0.6135714285714285 0.030476190476190476 0.008571428571428572 0.011428571428571429
6 0.6271428571428571 0.010476190476190476 0.017857142857142856 0.02761904761904762
3 0.6778571428571428 0.012380952380952381 0.011428571428571429 0.014285714285714285
3 0.68 0.0419047619047619 0.010714285714285714 0.012380952380952381
1 0.6578571428571428 0.037142857142857144 0.004285714285714286 0.013333333333333334
1 0.6671428571428571 0.04285714285714286 0.004285714285714286 0.014285714285714285
1 0.6914285714285714 0.27904761904761904 0.004285714285714286 0.015238095238095238
1 0.675 0.38285714285714284 0.005714285714285714 0.01904761904761905
1 0.6671428571428571 0.38 0.005714285714285714 0.01619047619047619
1 0.915 0.2219047619047619 0.004285714285714286 0.014285714285714285
1 0.9085714285714286 0.19238095238095237 0.005 0.015238095238095238
1 0.905 0.17523809523809525 0.004285714285714286 0.015238095238095238
1 0.8685714285714285 0.16476190476190475 0.005714285714285714 0.02095238095238095
1 0.8814285714285715 0.21047619047619048 0.007857142857142858 0.021904761904761906
1 0.9721428571428572 0.24285714285714285 0.004285714285714286 0.01904761904761905
1 0.9857142857142858 0.17523809523809525 0.005 0.018095238095238095
1 0.9514285714285714 0.15714285714285714 0.0035714285714285713 0.014285714285714285
1 0.955 0.1676190476190476 0.0035714285714285713 0.012380952380952381
1 0.9607142857142857 0.17523809523809525 0.002857142857142857 0.013333333333333334
1 0.965 0.1838095238095238 0.002857142857142857 0.015238095238095238
1 0.9685714285714285 0.1961904761904762 0.005 0.015238095238095238
1 0.9735714285714285 0.20857142857142857 0.0035714285714285713 0.017142857142857144
1 0.9792857142857143 0.22095238095238096 0.002142857142857143 0.011428571428571429
1 0.9828571428571429 0.22380952380952382 0.0035714285714285713 0.014285714285714285
1 0.9885714285714285 0.23333333333333334 0.002857142857142857 0.011428571428571429
1 0.9935714285714285 0.23904761904761904 0.005 0.017142857142857144
1 0.995 0.18476190476190477 0.004285714285714286 0.014285714285714285
1 0.9178571428571428 0.15047619047619049 0.004285714285714286 0.013333333333333334
1 0.925 0.16285714285714287 0.0035714285714285713 0.017142857142857144
1 0.9314285714285714 0.1742857142857143 0.0035714285714285713 0.013333333333333334
1 0.9385714285714286 0.18857142857142858 0.005714285714285714 0.017142857142857144
1 0.9507142857142857 0.20666666666666667 0.004285714285714286 0.017142857142857144
1 0.9585714285714285 0.2276190476190476 0.004285714285714286 0.017142857142857144
1 0.9657142857142857 0.23523809523809525 0.005714285714285714 0.01619047619047619
1 0.955 0.22 0.004285714285714286 0.014285714285714285
1 0.9007142857142857 0.15619047619047619 0.004285714285714286 0.01619047619047619
1 0.9221428571428572 0.5066666666666667 0.0064285714285714285 0.025714285714285714
