3 0.093 0.4493333333333333 0.0375 0.016666666666666666
3 0.2065 0.36133333333333334 0.0105 0.011333333333333334
3 0.2815 0.36466666666666664 0.0095 0.008
3 0.2635 0.5006666666666667 0.016 0.023333333333333334
8 0.0055 0.484 0.058 0.06066666666666667
3 0.876 0.7686666666666667 0.0785 0.054
3 0.691 0.584 0.05 0.032
3 0.6115 0.5033333333333333 0.0335 0.019333333333333334
3 0.574 0.47933333333333333 0.0335 0.02
3 0.6345 0.42533333333333334 0.02 0.012666666666666666
3 0.4855 0.37933333333333336 0.018 0.014
3 0.5615 0.39066666666666666 0.02 0.009333333333333334
3 0.5575 0.38133333333333336 0.0185 0.009333333333333334
6 0.592 0.43666666666666665 0.0395 0.042666666666666665
6 0.675 0.43133333333333335 0.043 0.048
3 0.417 0.39466666666666667 0.0115 0.008666666666666666
3 0.499 0.3506666666666667 0.0115 0.008
3 0.5115 0.356 0.019 0.006666666666666667
1 0.251 0.396 0.0015 0.008666666666666666
1 0.243 0.398 0.004 0.012
3 0.45 0.34933333333333333 0.016 0.006666666666666667
3 0.44 0.34 0.0135 0.007333333333333333
3 0.449 0.346 0.016 0.007333333333333333
3 0.4805 0.33666666666666667 0.0125 0.005333333333333333
3 0.492 0.3433333333333333 0.0145 0.006
3 0.469 0.32 0.0135 0.008
3 0.4565 0.31 0.006 0.008666666666666666
3 0.272 0.334 0.0065 0.009333333333333334
3 0.276 0.32266666666666666 0.0095 0.01
3 0.2885 0.32133333333333336 0.0085 0.01
3 0.395 0.3506666666666667 0.0175 0.008
3 0.2615 0.302 0.0055 0.006666666666666667
3 0.2525 0.30333333333333334 0.006 0.009333333333333334
3 0.269 0.302 0.005 0.005333333333333333
