3 0.3464285714285714 0.07614213197969544 0.03357142857142857 0.04060913705583756
3 0.36428571428571427 0.28553299492385786 0.02214285714285714 0.06091370558375635
3 0.3821428571428571 0.19543147208121828 0.02857142857142857 0.05710659898477157
3 0.41214285714285714 0.3413705583756345 0.025 0.06598984771573604
3 0.4714285714285714 0.6154822335025381 0.02642857142857143 0.09644670050761421
3 0.8635714285714285 0.23730964467005075 0.02857142857142857 0.07868020304568528
3 0.25214285714285717 0.04949238578680203 0.030714285714285715 0.03807106598984772
3 0.26285714285714284 0.01649746192893401 0.03142857142857143 0.03299492385786802
3 0.37 0.0 0.02142857142857143 0.027918781725888325
3 0.3921428571428571 0.0 0.02142857142857143 0.027918781725888325
3 0.26285714285714284 0.10406091370558376 0.032857142857142856 0.04314720812182741
3 0.2957142857142857 0.048223350253807105 0.027142857142857142 0.044416243654822336
3 0.5892857142857143 0.682741116751269 0.030714285714285715 0.12309644670050761
3 0.6914285714285714 0.5697969543147208 0.04428571428571428 0.13324873096446702
8 0.6821428571428572 0.22842639593908629 0.04357142857142857 0.15736040609137056
6 0.7042857142857143 0.0 0.047857142857142855 0.16116751269035534
1 0.2807142857142857 0.3350253807106599 0.010714285714285714 0.021573604060913704
1 0.26857142857142857 0.33375634517766495 0.005 0.013959390862944163
1 0.25285714285714284 0.23223350253807107 0.009285714285714286 0.024111675126903553
1 0.26 0.22715736040609136 0.007857142857142858 0.02918781725888325
