3 0.36214285714285716 0.029523809523809525 0.04 0.03333333333333333
3 0.37142857142857144 0.0980952380952381 0.06142857142857143 0.030476190476190476
3 0.4492857142857143 0.1523809523809524 0.037142857142857144 0.04380952380952381
3 0.505 0.23047619047619047 0.027142857142857142 0.05523809523809524
3 0.4928571428571429 0.3333333333333333 0.03214285714285714 0.06571428571428571
3 0.4635714285714286 0.439047619047619 0.03357142857142857 0.07523809523809524
3 0.43642857142857144 0.52 0.041428571428571426 0.09428571428571429
3 0.5457142857142857 0.5304761904761904 0.03857142857142857 0.11428571428571428
3 0.3921428571428571 0.6504761904761904 0.09214285714285714 0.1
8 0.345 0.7295238095238096 0.08 0.22
3 0.33214285714285713 0.9504761904761905 0.09071428571428572 0.049523809523809526
3 0.6428571428571429 0.8085714285714286 0.05071428571428571 0.14952380952380953
3 0.6535714285714286 0.6714285714285714 0.04642857142857143 0.11619047619047619
8 0.6542857142857142 0.47619047619047616 0.04642857142857143 0.12285714285714286
3 0.6628571428571428 0.3457142857142857 0.03357142857142857 0.07238095238095238
3 0.6321428571428571 0.28095238095238095 0.03357142857142857 0.07238095238095238
3 0.6721428571428572 0.24761904761904763 0.02642857142857143 0.05142857142857143
3 0.6635714285714286 0.16476190476190475 0.02642857142857143 0.04380952380952381
3 0.665 0.12857142857142856 0.025 0.04
3 0.66 0.09142857142857143 0.025 0.040952380952380955
3 0.6764285714285714 0.058095238095238096 0.02214285714285714 0.03619047619047619
3 0.08071428571428571 0.07523809523809524 0.032857142857142856 0.02095238095238095
8 0.0 0.07523809523809524 0.03857142857142857 0.037142857142857144
