3 0.7257142857142858 0.5247619047619048 0.045 0.09523809523809523
3 0.7757142857142857 0.3933333333333333 0.037142857142857144 0.07047619047619047
3 0.8357142857142857 0.39714285714285713 0.04285714285714286 0.07333333333333333
3 0.77 0.34095238095238095 0.025714285714285714 0.040952380952380955
3 0.81 0.3238095238095238 0.03428571428571429 0.04857142857142857
3 0.8042857142857143 0.28 0.02642857142857143 0.03333333333333333
3 0.7928571428571428 0.21714285714285714 0.02 0.03238095238095238
3 0.6128571428571429 0.38761904761904764 0.037142857142857144 0.05619047619047619
3 0.42857142857142855 0.5028571428571429 0.09214285714285714 0.05333333333333334
3 0.31785714285714284 0.4780952380952381 0.07785714285714286 0.04666666666666667
3 0.3921428571428571 0.4 0.041428571428571426 0.05333333333333334
3 0.43857142857142856 0.4 0.03642857142857143 0.05238095238095238
3 0.4835714285714286 0.3923809523809524 0.02857142857142857 0.047619047619047616
3 0.5442857142857143 0.2857142857142857 0.05071428571428571 0.029523809523809525
3 0.019285714285714285 0.5295238095238095 0.08928571428571429 0.06095238095238095
3 0.2742857142857143 0.539047619047619 0.08357142857142857 0.049523809523809526
3 0.24428571428571427 0.4552380952380952 0.06785714285714285 0.05619047619047619
3 0.895 0.25142857142857145 0.027142857142857142 0.02761904761904762
6 0.7285714285714285 0.18761904761904763 0.03642857142857143 0.06
1 0.4642857142857143 0.6457142857142857 0.017142857142857144 0.04380952380952381
1 0.6571428571428571 0.4419047619047619 0.012142857142857143 0.02761904761904762
1 0.5707142857142857 0.4247619047619048 0.010714285714285714 0.03333333333333333
1 0.6257142857142857 0.4695238095238095 0.014285714285714285 0.03333333333333333
1 0.645 0.46285714285714286 0.015 0.029523809523809525
1 0.6871428571428572 0.47333333333333333 0.011428571428571429 0.02761904761904762
2 0.6257142857142857 0.48095238095238096 0.01 0.03428571428571429
2 0.645 0.47714285714285715 0.017857142857142856 0.018095238095238095
4 0.6857142857142857 0.4819047619047619 0.013571428571428571 0.03238095238095238
3 0.5678571428571428 0.3952380952380952 0.029285714285714286 0.049523809523809526
1 0.345 0.3 0.009285714285714286 0.029523809523809525
3 0.8121428571428572 0.10952380952380952 0.01 0.01619047619047619
3 0.78 0.08571428571428572 0.01 0.012380952380952381
3 0.7671428571428571 0.07238095238095238 0.008571428571428572 0.010476190476190476
3 0.7521428571428571 0.07238095238095238 0.0064285714285714285 0.007619047619047619
3 0.7978571428571428 0.08761904761904762 0.009285714285714286 0.009523809523809525
3 0.8228571428571428 0.10857142857142857 0.012857142857142857 0.012380952380952381
3 0.8335714285714285 0.11333333333333333 0.012857142857142857 0.014285714285714285
3 0.835 0.12 0.012857142857142857 0.013333333333333334
3 0.84 0.12666666666666668 0.012857142857142857 0.014285714285714285
3 0.8428571428571429 0.13333333333333333 0.015 0.014285714285714285
3 0.8557142857142858 0.1438095238095238 0.012142857142857143 0.017142857142857144
3 0.8578571428571429 0.15523809523809523 0.015714285714285715 0.015238095238095238
3 0.865 0.16380952380952382 0.015 0.01904761904761905
3 0.8828571428571429 0.19333333333333333 0.020714285714285713 0.018095238095238095
3 0.8907142857142857 0.2019047619047619 0.022857142857142857 0.021904761904761906
3 0.9007142857142857 0.21714285714285714 0.02214285714285714 0.022857142857142857
3 0.8914285714285715 0.23142857142857143 0.025714285714285714 0.024761904761904763
3 0.9214285714285714 0.2571428571428571 0.032857142857142856 0.02857142857142857
3 0.9378571428571428 0.2780952380952381 0.03214285714285714 0.030476190476190476
3 0.9614285714285714 0.3180952380952381 0.03857142857142857 0.03428571428571429
3 0.9371428571428572 0.22 0.029285714285714286 0.02666666666666667
3 0.9314285714285714 0.20285714285714285 0.020714285714285713 0.02761904761904762
3 0.9228571428571428 0.19142857142857142 0.02 0.02666666666666667
3 0.9092857142857143 0.18571428571428572 0.022857142857142857 0.021904761904761906
3 0.89 0.17047619047619048 0.02857142857142857 0.01904761904761905
3 0.8778571428571429 0.15333333333333332 0.027857142857142858 0.02
3 0.885 0.1619047619047619 0.02642857142857143 0.018095238095238095
3 0.9414285714285714 0.1619047619047619 0.03142857142857143 0.01619047619047619
3 0.9692857142857143 0.1819047619047619 0.03 0.023809523809523808
3 0.9764285714285714 0.1895238095238095 0.023571428571428573 0.022857142857142857
3 0.7242857142857143 0.16857142857142857 0.014285714285714285 0.025714285714285714
3 0.7257142857142858 0.11238095238095239 0.012142857142857143 0.018095238095238095
