3 0.08785714285714286 0.5076190476190476 0.062142857142857146 0.10952380952380952
3 0.26142857142857145 0.41523809523809524 0.05857142857142857 0.10476190476190476
3 0.36357142857142855 0.3457142857142857 0.07928571428571428 0.0838095238095238
3 0.34714285714285714 0.30666666666666664 0.06357142857142857 0.06380952380952382
3 0.16071428571428573 0.16952380952380952 0.06285714285714286 0.10571428571428572
3 0.2742857142857143 0.0980952380952381 0.07714285714285714 0.07523809523809524
3 0.28714285714285714 0.1523809523809524 0.08142857142857143 0.07238095238095238
3 0.30642857142857144 0.2 0.08428571428571428 0.08285714285714285
3 0.009285714285714286 0.5714285714285714 0.06142857142857143 0.10857142857142857
3 0.10357142857142858 0.7076190476190476 0.08928571428571429 0.09047619047619047
3 0.4342857142857143 0.6057142857142858 0.07571428571428572 0.07428571428571429
3 0.7121428571428572 0.4819047619047619 0.08142857142857143 0.06571428571428571
3 0.9057142857142857 0.5904761904761905 0.06571428571428571 0.11047619047619048
3 0.7121428571428572 0.1180952380952381 0.05785714285714286 0.1
3 0.9514285714285714 0.1180952380952381 0.04857142857142857 0.08952380952380952
1 0.9407142857142857 0.26761904761904765 0.027857142857142858 0.022857142857142857
1 0.8985714285714286 0.04857142857142857 0.02 0.03238095238095238
3 0.7357142857142858 0.7476190476190476 0.06 0.1
3 0.7814285714285715 0.8438095238095238 0.062142857142857146 0.11142857142857143
3 0.6792857142857143 0.7504761904761905 0.055 0.12
8 0.6307142857142857 0.7685714285714286 0.04857142857142857 0.13428571428571429
1 0.6814285714285714 0.8638095238095238 0.014285714285714285 0.02857142857142857
1 0.6835714285714286 0.5457142857142857 0.017857142857142856 0.018095238095238095
2 0.68 0.5371428571428571 0.020714285714285713 0.037142857142857144
1 0.5321428571428571 0.19142857142857142 0.012142857142857143 0.02761904761904762
2 0.5278571428571428 0.19523809523809524 0.016428571428571428 0.03619047619047619
1 0.305 0.2923809523809524 0.013571428571428571 0.024761904761904763
3 0.40214285714285714 0.4142857142857143 0.07285714285714286 0.06952380952380953
4 0.27285714285714285 0.22476190476190477 0.02214285714285714 0.04476190476190476
2 0.265 0.16952380952380952 0.012142857142857143 0.0419047619047619
2 0.24857142857142858 0.12476190476190477 0.015 0.039047619047619046
1 0.3292857142857143 0.02761904761904762 0.013571428571428571 0.03142857142857143
1 0.22214285714285714 0.11047619047619048 0.013571428571428571 0.02095238095238095
1 0.4685714285714286 0.029523809523809525 0.012857142857142857 0.021904761904761906
2 0.46714285714285714 0.03333333333333333 0.015 0.035238095238095235
