3 0.205 0.7673333333333333 0.0825 0.142
3 0.2525 0.652 0.0625 0.10933333333333334
8 0.282 0.49066666666666664 0.054 0.12666666666666668
3 0.323 0.45066666666666666 0.028 0.052
3 0.329 0.41933333333333334 0.029 0.035333333333333335
3 0.3355 0.38533333333333336 0.025 0.03933333333333333
8 0.4135 0.49466666666666664 0.0415 0.084
3 0.4195 0.43733333333333335 0.0285 0.059333333333333335
3 0.3385 0.324 0.022 0.04466666666666667
3 0.397 0.28733333333333333 0.0205 0.024
3 0.3885 0.276 0.0235 0.020666666666666667
3 0.7025 0.66 0.065 0.08666666666666667
3 0.609 0.856 0.0555 0.11533333333333333
3 0.629 0.5046666666666667 0.0445 0.048
3 0.5885 0.4226666666666667 0.0365 0.03666666666666667
1 0.5965 0.5046666666666667 0.0085 0.029333333333333333
1 0.597 0.5153333333333333 0.0095 0.02
4 0.5925 0.514 0.0125 0.027333333333333334
3 0.5285 0.308 0.0145 0.02266666666666667
3 0.3715 0.21666666666666667 0.0105 0.011333333333333334
3 0.3445 0.21533333333333332 0.0115 0.013333333333333334
