3 0.45772442588726514 0.42764378478664195 0.043319415448851775 0.07235621521335807
3 0.5041753653444676 0.40538033395176254 0.033402922755741124 0.045454545454545456
3 0.5495824634655533 0.36641929499072357 0.032359081419624215 0.039888682745825604
1 0.4723382045929019 0.33766233766233766 0.006784968684759917 0.023191094619666047
3 0.6576200417536534 0.2680890538033395 0.025052192066805846 0.036178107606679034
3 0.7218162839248434 0.28664192949907236 0.024530271398747392 0.03153988868274583
3 0.6873695198329853 0.24582560296846012 0.022964509394572025 0.03339517625231911
3 0.7035490605427975 0.2300556586270872 0.02035490605427975 0.03432282003710575
3 0.7927974947807933 0.20500927643784786 0.019311064718162838 0.027829313543599257
8 0.8162839248434238 0.16697588126159554 0.028183716075156576 0.038033395176252316
3 0.8001043841336117 0.137291280148423 0.016179540709812108 0.021335807050092765
3 0.8262004175365344 0.10760667903525047 0.01722338204592902 0.01855287569573284
3 0.8747390396659708 0.04823747680890538 0.016179540709812108 0.013914656771799629
1 0.2265135699373695 0.4155844155844156 0.007828810020876827 0.012059369202226345
1 0.3246346555323591 0.43413729128014844 0.004697286012526096 0.023191094619666047
1 0.19624217118997914 0.29962894248608535 0.005741127348643006 0.016697588126159554
1 0.17066805845511482 0.2606679035250464 0.005219206680584551 0.01855287569573284
3 0.04384133611691023 0.4461966604823748 0.05010438413361169 0.04638218923933209
3 0.0026096033402922755 0.4359925788497217 0.050626304801670144 0.041743970315398886
1 0.6007306889352818 0.6901669758812616 0.009394572025052192 0.02504638218923933
4 0.5955114822546973 0.6975881261595547 0.017745302713987474 0.0287569573283859
