3 0.34214285714285714 0.7780952380952381 0.035 0.058095238095238096
3 0.28214285714285714 0.7952380952380952 0.045 0.06380952380952382
3 0.31357142857142856 0.74 0.032857142857142856 0.047619047619047616
3 0.35214285714285715 0.7428571428571429 0.03 0.0380952380952381
3 0.32857142857142857 0.7114285714285714 0.02857142857142857 0.035238095238095235
3 0.37357142857142855 0.6847619047619048 0.022857142857142857 0.037142857142857144
3 0.34285714285714286 0.6819047619047619 0.023571428571428573 0.03238095238095238
3 0.35285714285714287 0.6676190476190477 0.02214285714285714 0.02095238095238095
3 0.3607142857142857 0.6447619047619048 0.017857142857142856 0.021904761904761906
3 0.4035714285714286 0.5923809523809523 0.009285714285714286 0.013333333333333334
3 0.44642857142857145 0.5847619047619048 0.009285714285714286 0.011428571428571429
3 0.44 0.5628571428571428 0.009285714285714286 0.009523809523809525
3 0.395 0.5761904761904761 0.009285714285714286 0.011428571428571429
3 0.4014285714285714 0.5666666666666667 0.007857142857142858 0.007619047619047619
3 0.4135714285714286 0.5523809523809524 0.005714285714285714 0.008571428571428572
3 0.3921428571428571 0.5580952380952381 0.008571428571428572 0.010476190476190476
3 0.39785714285714285 0.5428571428571428 0.005714285714285714 0.008571428571428572
3 0.4057142857142857 0.5428571428571428 0.005714285714285714 0.006666666666666667
3 0.002142857142857143 0.638095238095238 0.03142857142857143 0.024761904761904763
1 0.33785714285714286 0.5914285714285714 0.005 0.015238095238095238
