3 0.5685714285714286 0.012380952380952381 0.018571428571428572 0.047619047619047616
3 0.5821428571428572 0.10666666666666667 0.017857142857142856 0.04380952380952381
4 0.615 0.1657142857142857 0.0064285714285714285 0.02095238095238095
4 0.6307142857142857 0.23333333333333334 0.014285714285714285 0.006666666666666667
4 0.6314285714285715 0.24 0.015714285714285715 0.010476190476190476
4 0.6371428571428571 0.3047619047619048 0.007142857142857143 0.024761904761904763
4 0.6471428571428571 0.35333333333333333 0.015 0.013333333333333334
3 0.595 0.2723809523809524 0.020714285714285713 0.05238095238095238
3 0.6207142857142857 0.43238095238095237 0.029285714285714286 0.049523809523809526
3 0.5371428571428571 0.3980952380952381 0.020714285714285713 0.054285714285714284
3 0.475 0.47333333333333333 0.047142857142857146 0.03238095238095238
1 0.6607142857142857 0.5371428571428571 0.008571428571428572 0.012380952380952381
3 0.6921428571428572 0.4723809523809524 0.017142857142857144 0.0419047619047619
4 0.7221428571428572 0.4942857142857143 0.007142857142857143 0.02666666666666667
4 0.74 0.4980952380952381 0.007857142857142858 0.021904761904761906
3 0.7814285714285715 0.54 0.04 0.030476190476190476
3 0.7542857142857143 0.5571428571428572 0.05 0.04
4 0.8221428571428572 0.5171428571428571 0.007857142857142858 0.02095238095238095
3 0.8307142857142857 0.5523809523809524 0.04857142857142857 0.03238095238095238
8 0.8878571428571429 0.56 0.05857142857142857 0.037142857142857144
3 0.9692857142857143 0.5771428571428572 0.030714285714285715 0.03333333333333333
4 0.8171428571428572 0.6276190476190476 0.02214285714285714 0.011428571428571429
1 0.825 0.6276190476190476 0.008571428571428572 0.010476190476190476
1 0.8314285714285714 0.6295238095238095 0.007857142857142858 0.009523809523809525
8 0.8271428571428572 0.8952380952380953 0.056428571428571425 0.037142857142857144
3 0.65 0.8333333333333334 0.05 0.03238095238095238
2 0.6407142857142857 0.8676190476190476 0.03857142857142857 0.025714285714285714
4 0.5621428571428572 0.9571428571428572 0.020714285714285713 0.013333333333333334
4 0.5235714285714286 0.9114285714285715 0.024285714285714285 0.013333333333333334
4 0.5021428571428571 0.8761904761904762 0.004285714285714286 0.025714285714285714
3 0.47214285714285714 0.8171428571428572 0.054285714285714284 0.03238095238095238
3 0.34285714285714286 0.7914285714285715 0.05285714285714286 0.03333333333333333
3 0.255 0.7723809523809524 0.05714285714285714 0.035238095238095235
3 0.20142857142857143 0.7590476190476191 0.05285714285714286 0.03619047619047619
4 0.29 0.7295238095238096 0.020714285714285713 0.011428571428571429
4 0.3407142857142857 0.7209523809523809 0.02 0.011428571428571429
1 0.345 0.72 0.008571428571428572 0.010476190476190476
1 0.29428571428571426 0.7295238095238096 0.009285714285714286 0.010476190476190476
3 0.0 0.7180952380952381 0.04428571428571428 0.03333333333333333
3 0.0 0.6466666666666666 0.03571428571428571 0.04285714285714286
8 0.047142857142857146 0.5904761904761905 0.06142857142857143 0.035238095238095235
3 0.0 0.5076190476190476 0.04214285714285714 0.030476190476190476
3 0.008571428571428572 0.4695238095238095 0.04928571428571429 0.03142857142857143
8 0.019285714285714285 0.43333333333333335 0.055 0.03142857142857143
1 0.03357142857142857 0.4123809523809524 0.004285714285714286 0.011428571428571429
1 0.02857142857142857 0.4114285714285714 0.005 0.010476190476190476
4 0.023571428571428573 0.41333333333333333 0.020714285714285713 0.010476190476190476
1 0.10285714285714286 0.4276190476190476 0.009285714285714286 0.011428571428571429
4 0.09857142857142857 0.4276190476190476 0.019285714285714285 0.012380952380952381
3 0.09428571428571429 0.4542857142857143 0.05 0.03238095238095238
3 0.07357142857142857 0.4828571428571429 0.04428571428571428 0.02857142857142857
8 0.04428571428571428 0.52 0.05142857142857143 0.03428571428571429
6 0.09571428571428571 0.5190476190476191 0.10214285714285715 0.06
3 0.13071428571428573 0.49333333333333335 0.04357142857142857 0.030476190476190476
8 0.15785714285714286 0.4657142857142857 0.055 0.03238095238095238
3 0.18857142857142858 0.5085714285714286 0.04285714285714286 0.03142857142857143
3 0.11857142857142858 0.40285714285714286 0.047142857142857146 0.030476190476190476
3 0.16857142857142857 0.4142857142857143 0.05 0.025714285714285714
4 0.27285714285714285 0.39714285714285713 0.007142857142857143 0.025714285714285714
8 0.24 0.5114285714285715 0.06571428571428571 0.04285714285714286
1 0.2735714285714286 0.6228571428571429 0.01 0.011428571428571429
1 0.40214285714285714 0.520952380952381 0.009285714285714286 0.011428571428571429
1 0.44 0.6057142857142858 0.007142857142857143 0.010476190476190476
1 0.4342857142857143 0.6066666666666667 0.007142857142857143 0.008571428571428572
4 0.2664285714285714 0.6247619047619047 0.020714285714285713 0.009523809523809525
4 0.42928571428571427 0.6066666666666667 0.019285714285714285 0.009523809523809525
4 0.3964285714285714 0.5190476190476191 0.017142857142857144 0.011428571428571429
1 0.46785714285714286 0.4980952380952381 0.005714285714285714 0.009523809523809525
3 0.42428571428571427 0.4685714285714286 0.04428571428571428 0.02857142857142857
3 0.3692857142857143 0.4533333333333333 0.047857142857142855 0.03142857142857143
3 0.3092857142857143 0.44095238095238093 0.04857142857142857 0.03238095238095238
4 0.3264285714285714 0.4114285714285714 0.008571428571428572 0.025714285714285714
4 0.33714285714285713 0.4123809523809524 0.01 0.02666666666666667
