3 0.305 0.5438095238095239 0.15785714285714286 0.14857142857142858
3 0.31642857142857145 0.44666666666666666 0.12142857142857143 0.11714285714285715
3 0.15857142857142856 0.5333333333333333 0.135 0.12095238095238095
3 0.10357142857142858 0.38857142857142857 0.06428571428571428 0.12285714285714286
3 0.18571428571428572 0.3038095238095238 0.07357142857142857 0.11619047619047619
3 0.2507142857142857 0.28 0.07214285714285715 0.10666666666666667
3 0.42857142857142855 0.18285714285714286 0.075 0.1
3 0.5 0.4247619047619048 0.11857142857142858 0.13238095238095238
3 0.3842857142857143 0.21904761904761905 0.07428571428571429 0.09714285714285714
3 0.2735714285714286 0.699047619047619 0.15785714285714286 0.17714285714285713
3 0.12 0.6695238095238095 0.17142857142857143 0.17047619047619048
3 0.7507142857142857 0.017142857142857144 0.08 0.07714285714285714
3 0.6707142857142857 0.06476190476190476 0.08 0.08190476190476191
3 0.63 0.08095238095238096 0.08 0.08095238095238096
3 0.5985714285714285 0.1019047619047619 0.08 0.08190476190476191
3 0.5414285714285715 0.13047619047619047 0.08 0.08095238095238096
3 0.6342857142857142 0.35619047619047617 0.10428571428571429 0.10857142857142857
3 0.8264285714285714 0.21333333333333335 0.09214285714285714 0.10095238095238095
3 0.7407142857142858 0.2904761904761905 0.08785714285714286 0.09047619047619047
3 0.4742857142857143 0.3476190476190476 0.08571428571428572 0.09047619047619047
1 0.7878571428571428 0.35333333333333333 0.027142857142857142 0.05333333333333334
1 0.44 0.28476190476190477 0.017142857142857144 0.047619047619047616
1 0.40285714285714286 0.3238095238095238 0.024285714285714285 0.04
1 0.26071428571428573 0.42857142857142855 0.02642857142857143 0.04380952380952381
4 0.15571428571428572 0.33714285714285713 0.023571428571428573 0.058095238095238096
2 0.035 0.3961904761904762 0.05071428571428571 0.0419047619047619
2 0.25357142857142856 0.44 0.03857142857142857 0.045714285714285714
2 0.39357142857142857 0.34 0.04285714285714286 0.040952380952380955
3 0.0 0.6333333333333333 0.11357142857142857 0.16666666666666666
4 0.1 0.36095238095238097 0.025714285714285714 0.04476190476190476
