3 0.797 0.7 0.0325 0.032
3 0.549 0.9173333333333333 0.026 0.056666666666666664
3 0.5455 0.8573333333333333 0.019 0.046
3 0.536 0.8033333333333333 0.0215 0.04733333333333333
3 0.53 0.7526666666666667 0.022 0.042
3 0.5275 0.7093333333333334 0.0165 0.035333333333333335
3 0.5215 0.662 0.019 0.036
3 0.516 0.6026666666666667 0.0135 0.029333333333333333
3 0.52 0.6313333333333333 0.015 0.03
6 0.5065 0.5246666666666666 0.0215 0.072
3 0.506 0.518 0.0155 0.009333333333333334
3 0.506 0.49933333333333335 0.011 0.019333333333333334
3 0.4985 0.47733333333333333 0.0155 0.016666666666666666
3 0.4995 0.45066666666666666 0.013 0.017333333333333333
3 0.4985 0.42133333333333334 0.009 0.013333333333333334
3 0.5 0.4086666666666667 0.009 0.013333333333333334
3 0.5 0.3953333333333333 0.0095 0.014
3 0.4995 0.384 0.01 0.013333333333333334
3 0.4985 0.36733333333333335 0.0075 0.014
3 0.493 0.3466666666666667 0.0095 0.011333333333333334
3 0.495 0.33666666666666667 0.007 0.009333333333333334
3 0.493 0.32666666666666666 0.0065 0.009333333333333334
3 0.497 0.35933333333333334 0.007 0.008666666666666666
6 0.488 0.30333333333333334 0.0135 0.024
6 0.4845 0.2833333333333333 0.013 0.023333333333333334
3 0.339 0.956 0.021 0.044
3 0.3255 0.8 0.0215 0.05
3 0.3355 0.7313333333333333 0.022 0.048666666666666664
3 0.279 0.7386666666666667 0.0215 0.042666666666666665
3 0.2955 0.6826666666666666 0.02 0.03866666666666667
3 0.345 0.6626666666666666 0.0175 0.035333333333333335
3 0.3765 0.644 0.017 0.04066666666666666
3 0.384 0.5686666666666667 0.0155 0.028
3 0.4045 0.57 0.015 0.03666666666666667
3 0.3685 0.5373333333333333 0.0145 0.02666666666666667
3 0.3695 0.49333333333333335 0.014 0.027333333333333334
3 0.4125 0.482 0.011 0.02266666666666667
3 0.3985 0.44266666666666665 0.013 0.019333333333333334
3 0.34 0.43 0.011 0.017333333333333333
3 0.3495 0.38533333333333336 0.014 0.02
3 0.328 0.47333333333333333 0.014 0.02266666666666667
3 0.1865 0.7446666666666667 0.0245 0.04933333333333333
3 0.236 0.9033333333333333 0.0305 0.06266666666666666
1 0.528 0.9473333333333334 0.0065 0.012
2 0.5225 0.9533333333333334 0.014 0.014666666666666666
1 0.577 0.8153333333333334 0.008 0.015333333333333332
1 0.521 0.8086666666666666 0.0045 0.010666666666666666
1 0.519 0.772 0.005 0.01
2 0.516 0.7813333333333333 0.0095 0.008666666666666666
2 0.519 0.8193333333333334 0.008 0.009333333333333334
3 0.307 0.5913333333333334 0.0145 0.032
3 0.3035 0.6426666666666667 0.0165 0.027333333333333334
1 0.517 0.6906666666666667 0.0065 0.014
1 0.509 0.69 0.005 0.008666666666666666
2 0.5095 0.6986666666666667 0.006 0.008
1 0.5025 0.6006666666666667 0.0045 0.009333333333333334
2 0.5015 0.61 0.0045 0.006
3 0.3685 0.352 0.0095 0.017333333333333333
3 0.3755 0.324 0.007 0.012
3 0.3575 0.37533333333333335 0.011 0.012666666666666666
3 0.4075 0.296 0.0085 0.013333333333333334
3 0.4275 0.266 0.0075 0.010666666666666666
3 0.452 0.2926666666666667 0.005 0.01
3 0.442 0.2793333333333333 0.007 0.009333333333333334
3 0.4495 0.224 0.0065 0.008666666666666666
3 0.4115 0.22533333333333333 0.006 0.01
3 0.4305 0.22933333333333333 0.0065 0.009333333333333334
3 0.417 0.25066666666666665 0.007 0.01
3 0.404 0.23933333333333334 0.0055 0.008
3 0.377 0.23666666666666666 0.005 0.006
3 0.3855 0.23933333333333334 0.005 0.006666666666666667
3 0.392 0.242 0.007 0.008666666666666666
3 0.3915 0.24866666666666667 0.0055 0.006666666666666667
3 0.39 0.256 0.0075 0.008
3 0.3875 0.2633333333333333 0.0085 0.008666666666666666
3 0.3875 0.27 0.006 0.007333333333333333
3 0.3855 0.2753333333333333 0.007 0.008666666666666666
3 0.3835 0.2833333333333333 0.007 0.007333333333333333
3 0.383 0.2906666666666667 0.0055 0.006666666666666667
3 0.379 0.29533333333333334 0.0095 0.008666666666666666
3 0.3785 0.304 0.0085 0.01
3 0.3765 0.31333333333333335 0.01 0.010666666666666666
3 0.116 0.37933333333333336 0.0145 0.016666666666666666
3 0.1015 0.39666666666666667 0.0155 0.019333333333333334
3 0.0925 0.412 0.014 0.015333333333333332
3 0.132 0.412 0.018 0.013333333333333334
1 0.3475 0.4593333333333333 0.0045 0.010666666666666666
1 0.354 0.442 0.0045 0.011333333333333334
2 0.3545 0.444 0.0045 0.013333333333333334
2 0.3475 0.462 0.0045 0.012666666666666666
1 0.303 0.5606666666666666 0.005 0.015333333333333332
2 0.3245 0.528 0.0055 0.012
2 0.3265 0.5146666666666667 0.0105 0.008666666666666666
4 0.3245 0.5066666666666667 0.01 0.006666666666666667
4 0.3245 0.502 0.011 0.008
2 0.3675 0.3353333333333333 0.0045 0.009333333333333334
1 0.495 0.5326666666666666 0.004 0.01
1 0.488 0.492 0.0035 0.01
1 0.4865 0.41533333333333333 0.004 0.008666666666666666
1 0.496 0.4066666666666667 0.0035 0.008
1 0.4885 0.438 0.0035 0.009333333333333334
1 0.494 0.43933333333333335 0.0035 0.009333333333333334
2 0.496 0.4086666666666667 0.003 0.01
2 0.4885 0.44133333333333336 0.004 0.01
2 0.4935 0.44066666666666665 0.004 0.010666666666666666
2 0.495 0.5366666666666666 0.0035 0.010666666666666666
2 0.5015 0.6033333333333334 0.004 0.012666666666666666
4 0.4875 0.49466666666666664 0.0035 0.011333333333333334
4 0.487 0.4166666666666667 0.0025 0.012
3 0.476 0.22133333333333333 0.0055 0.007333333333333333
3 0.4775 0.22866666666666666 0.005 0.007333333333333333
3 0.478 0.23333333333333334 0.0045 0.008
3 0.4785 0.242 0.0055 0.009333333333333334
3 0.4795 0.25133333333333335 0.0055 0.007333333333333333
3 0.48 0.25733333333333336 0.006 0.008666666666666666
3 0.482 0.28 0.0075 0.009333333333333334
