3 0.4564285714285714 0.7423857868020305 0.02857142857142857 0.10152284263959391
3 0.4635714285714286 0.4416243654822335 0.020714285714285713 0.06091370558375635
3 0.3964285714285714 0.34390862944162437 0.020714285714285713 0.050761421319796954
3 0.3607142857142857 0.3413705583756345 0.02142857142857143 0.0532994923857868
3 0.47714285714285715 0.2753807106598985 0.017142857142857144 0.05203045685279188
3 0.39071428571428574 0.11548223350253807 0.016428571428571428 0.03934010152284264
3 0.4207142857142857 0.0583756345177665 0.014285714285714285 0.03553299492385787
3 0.5 0.03934010152284264 0.017142857142857144 0.04187817258883249
3 0.4585714285714286 0.0 0.013571428571428571 0.03553299492385787
3 0.405 0.0 0.018571428571428572 0.021573604060913704
8 0.49857142857142855 0.43908629441624364 0.03142857142857143 0.13705583756345177
8 0.28 0.7766497461928934 0.065 0.22208121827411167
8 0.37142857142857144 0.0 0.02642857142857143 0.05456852791878172
3 0.34714285714285714 0.23857868020304568 0.02 0.044416243654822336
3 0.4207142857142857 0.6446700507614214 0.027142857142857142 0.08883248730964467
3 0.455 0.05456852791878172 0.015 0.048223350253807105
3 0.18428571428571427 0.2550761421319797 0.015714285714285715 0.04314720812182741
3 0.25857142857142856 0.0583756345177665 0.017857142857142856 0.04187817258883249
3 0.21142857142857144 0.12309644670050761 0.013571428571428571 0.03680203045685279
3 0.27785714285714286 0.10025380710659898 0.012142857142857143 0.04568527918781726
3 0.24857142857142858 0.24111675126903553 0.017142857142857144 0.046954314720812185
8 0.11785714285714285 0.6192893401015228 0.05285714285714286 0.1649746192893401
6 0.13785714285714284 0.7093908629441624 0.04214285714285714 0.11421319796954314
8 0.21285714285714286 0.2868020304568528 0.029285714285714286 0.0850253807106599
3 0.24642857142857144 0.3096446700507614 0.017857142857142856 0.05456852791878172
3 0.23214285714285715 0.024111675126903553 0.014285714285714285 0.027918781725888325
3 0.21357142857142858 0.09263959390862944 0.020714285714285713 0.03807106598984772
3 0.20285714285714285 0.16243654822335024 0.02 0.027918781725888325
3 0.1957142857142857 0.1916243654822335 0.02214285714285714 0.031725888324873094
3 0.19071428571428573 0.22208121827411167 0.016428571428571428 0.02918781725888325
3 0.16642857142857143 0.6357868020304569 0.029285714285714286 0.06979695431472081
3 0.105 0.8451776649746193 0.03142857142857143 0.08883248730964467
3 0.08214285714285714 0.9390862944162437 0.04 0.05964467005076142
1 0.105 0.5101522842639594 0.010714285714285714 0.025380710659898477
1 0.16785714285714284 0.550761421319797 0.012142857142857143 0.0266497461928934
1 0.02 0.7868020304568528 0.017142857142857144 0.04060913705583756
1 0.775 0.9428934010152284 0.007857142857142858 0.024111675126903553
1 0.7635714285714286 0.9593908629441624 0.008571428571428572 0.02284263959390863
1 0.7478571428571429 0.9644670050761421 0.009285714285714286 0.02918781725888325
1 0.6814285714285714 0.9225888324873096 0.007142857142857143 0.01903553299492386
1 0.6621428571428571 0.9098984771573604 0.007857142857142858 0.0266497461928934
1 0.61 0.8274111675126904 0.011428571428571429 0.021573604060913704
1 0.65 0.7525380710659898 0.007142857142857143 0.02030456852791878
1 0.7035714285714286 0.7131979695431472 0.005714285714285714 0.021573604060913704
1 0.6542857142857142 0.6903553299492385 0.005 0.02284263959390863
1 0.6442857142857142 0.6865482233502538 0.005714285714285714 0.021573604060913704
1 0.6464285714285715 0.6624365482233503 0.0064285714285714285 0.015228426395939087
1 0.71 0.6421319796954315 0.007142857142857143 0.021573604060913704
1 0.665 0.6307106598984772 0.008571428571428572 0.024111675126903553
1 0.6542857142857142 0.39847715736040606 0.009285714285714286 0.025380710659898477
1 0.6671428571428571 0.34517766497461927 0.0064285714285714285 0.01903553299492386
1 0.6378571428571429 0.26649746192893403 0.01 0.017766497461928935
1 0.64 0.10786802030456853 0.005714285714285714 0.024111675126903553
1 0.5864285714285714 0.14720812182741116 0.0035714285714285713 0.015228426395939087
1 0.5757142857142857 0.13071065989847716 0.010714285714285714 0.01903553299492386
1 0.5385714285714286 0.34390862944162437 0.012142857142857143 0.024111675126903553
8 0.2857142857142857 0.0 0.020714285714285713 0.06472081218274112
1 0.31642857142857145 0.25 0.007142857142857143 0.021573604060913704
8 0.4742857142857143 0.03934010152284264 0.02 0.06979695431472081
1 0.5935714285714285 0.14593908629441624 0.005714285714285714 0.02030456852791878
1 0.59 0.14593908629441624 0.005 0.017766497461928935
1 0.5992857142857143 0.1484771573604061 0.004285714285714286 0.021573604060913704
1 0.645 0.11294416243654823 0.004285714285714286 0.02030456852791878
1 0.5835714285714285 0.16624365482233502 0.004285714285714286 0.01649746192893401
1 0.5857142857142857 0.16751269035532995 0.0035714285714285713 0.01903553299492386
1 0.5892857142857143 0.16624365482233502 0.0035714285714285713 0.017766497461928935
1 0.5907142857142857 0.16370558375634517 0.0035714285714285713 0.02030456852791878
1 0.67 0.3489847715736041 0.005714285714285714 0.02030456852791878
1 0.7021428571428572 0.6421319796954315 0.005 0.024111675126903553
1 0.6964285714285714 0.6472081218274112 0.005714285714285714 0.017766497461928935
1 0.6914285714285714 0.6548223350253807 0.005714285714285714 0.021573604060913704
1 0.7071428571428572 0.7157360406091371 0.007857142857142858 0.017766497461928935
1 0.6921428571428572 0.9314720812182741 0.0064285714285714285 0.008883248730964468
1 0.6557142857142857 0.9098984771573604 0.0064285714285714285 0.021573604060913704
1 0.6442857142857142 0.8261421319796954 0.009285714285714286 0.01649746192893401
