3 0.1992857142857143 0.7561904761904762 0.13714285714285715 0.24285714285714285
3 0.7871428571428571 0.8095238095238095 0.21 0.1838095238095238
3 0.6771428571428572 0.6866666666666666 0.20357142857142857 0.17714285714285713
3 0.6171428571428571 0.5780952380952381 0.1957142857142857 0.11333333333333333
3 0.05 0.6114285714285714 0.21214285714285713 0.14666666666666667
3 0.016428571428571428 0.4438095238095238 0.15357142857142858 0.08285714285714285
3 0.635 0.5171428571428571 0.15 0.10666666666666667
3 0.6421428571428571 0.4533333333333333 0.16 0.09904761904761905
3 0.805 0.4219047619047619 0.13285714285714287 0.09142857142857143
3 0.66 0.3619047619047619 0.13785714285714284 0.07809523809523809
3 0.5135714285714286 0.30666666666666664 0.05928571428571429 0.0761904761904762
3 0.4471428571428571 0.29523809523809524 0.06357142857142857 0.06761904761904762
3 0.41 0.24285714285714285 0.05357142857142857 0.054285714285714284
3 0.18071428571428572 0.34 0.06571428571428571 0.1
3 0.1742857142857143 0.2857142857142857 0.05357142857142857 0.07714285714285714
3 0.16285714285714287 0.23047619047619047 0.05142857142857143 0.07523809523809524
3 0.14357142857142857 0.17523809523809525 0.07071428571428572 0.0838095238095238
3 0.14285714285714285 0.1761904761904762 0.04071428571428572 0.04476190476190476
3 0.14 0.13428571428571429 0.039285714285714285 0.05333333333333334
3 0.12357142857142857 0.1219047619047619 0.03357142857142857 0.0419047619047619
3 0.11428571428571428 0.09619047619047619 0.02857142857142857 0.03619047619047619
3 0.3757142857142857 0.20095238095238097 0.05285714285714286 0.049523809523809526
3 0.35 0.17333333333333334 0.04214285714285714 0.0419047619047619
3 0.32071428571428573 0.14 0.04285714285714286 0.04285714285714286
3 0.3028571428571429 0.12285714285714286 0.039285714285714285 0.0380952380952381
3 0.29 0.11047619047619048 0.03428571428571429 0.030476190476190476
3 0.2542857142857143 0.08761904761904762 0.03857142857142857 0.03619047619047619
3 0.24714285714285714 0.06571428571428571 0.02142857142857143 0.030476190476190476
8 0.17642857142857143 0.01619047619047619 0.03857142857142857 0.04285714285714286
3 0.1442857142857143 0.011428571428571429 0.018571428571428572 0.02
3 0.12571428571428572 0.06 0.030714285714285715 0.0380952380952381
3 0.08785714285714286 0.06 0.022857142857142857 0.022857142857142857
3 0.07642857142857143 0.04666666666666667 0.025714285714285714 0.024761904761904763
3 0.06857142857142857 0.0380952380952381 0.020714285714285713 0.023809523809523808
