3 0.019285714285714285 0.1019047619047619 0.03857142857142857 0.035238095238095235
3 0.04214285714285714 0.1523809523809524 0.02642857142857143 0.0380952380952381
4 0.014285714285714285 0.20285714285714285 0.016428571428571428 0.02857142857142857
1 0.06142857142857143 0.20285714285714285 0.008571428571428572 0.021904761904761906
1 0.07642857142857143 0.2361904761904762 0.008571428571428572 0.013333333333333334
1 0.10571428571428572 0.379047619047619 0.005714285714285714 0.011428571428571429
4 0.105 0.3761904761904762 0.013571428571428571 0.02761904761904762
4 0.07857142857142857 0.24095238095238095 0.01 0.018095238095238095
3 0.115 0.43238095238095237 0.037142857142857144 0.05714285714285714
3 0.15142857142857144 0.7942857142857143 0.07928571428571428 0.06857142857142857
3 0.36857142857142855 0.6961904761904761 0.052142857142857144 0.09428571428571429
3 0.21857142857142858 0.9257142857142857 0.054285714285714284 0.07333333333333333
3 0.34285714285714286 0.49047619047619045 0.04214285714285714 0.07047619047619047
3 0.3657142857142857 0.43714285714285717 0.04214285714285714 0.08571428571428572
3 0.41 0.4514285714285714 0.035 0.06190476190476191
2 0.3921428571428571 0.41904761904761906 0.007857142857142858 0.02
2 0.4092857142857143 0.4276190476190476 0.012142857142857143 0.023809523809523808
2 0.4157142857142857 0.4380952380952381 0.012857142857142857 0.013333333333333334
2 0.4014285714285714 0.41904761904761906 0.007142857142857143 0.02095238095238095
4 0.435 0.41904761904761906 0.017857142857142856 0.02666666666666667
4 0.4228571428571429 0.40285714285714286 0.011428571428571429 0.01904761904761905
3 0.5 0.4247619047619048 0.04 0.05904761904761905
3 0.5021428571428571 0.37047619047619046 0.041428571428571426 0.049523809523809526
3 0.6485714285714286 0.30857142857142855 0.05857142857142857 0.07047619047619047
4 0.6807142857142857 0.2780952380952381 0.017142857142857144 0.017142857142857144
3 0.7085714285714285 0.4990476190476191 0.06571428571428571 0.07523809523809524
1 0.8164285714285714 0.4942857142857143 0.01 0.013333333333333334
3 0.835 0.38 0.05785714285714286 0.05523809523809524
3 0.8885714285714286 0.3361904761904762 0.05285714285714286 0.04666666666666667
3 0.9192857142857143 0.32571428571428573 0.055714285714285716 0.05333333333333334
3 0.9214285714285714 0.45904761904761904 0.054285714285714284 0.06285714285714286
3 0.9492857142857143 0.44476190476190475 0.05071428571428571 0.06476190476190476
3 0.8942857142857142 0.2342857142857143 0.05785714285714286 0.06095238095238095
3 0.8371428571428572 0.22952380952380952 0.035 0.03619047619047619
4 0.7835714285714286 0.2857142857142857 0.019285714285714285 0.02095238095238095
