3 0.17214285714285715 0.5666666666666667 0.24142857142857144 0.2038095238095238
3 0.2357142857142857 0.5 0.22428571428571428 0.16380952380952382
3 0.7542857142857143 0.46095238095238095 0.10142857142857142 0.2057142857142857
3 0.44142857142857145 0.2866666666666667 0.1357142857142857 0.10095238095238095
3 0.49 0.25333333333333335 0.13428571428571429 0.09619047619047619
3 0.48642857142857143 0.2342857142857143 0.13714285714285715 0.06952380952380953
3 0.5128571428571429 0.19904761904761906 0.12071428571428572 0.08
3 0.5521428571428572 0.1838095238095238 0.09785714285714285 0.07047619047619047
3 0.6614285714285715 0.16095238095238096 0.05357142857142857 0.07142857142857142
1 0.6557142857142857 0.3476190476190476 0.02857142857142857 0.08190476190476191
1 0.7171428571428572 0.40095238095238095 0.027142857142857142 0.09047619047619047
3 0.8614285714285714 0.4504761904761905 0.105 0.15047619047619049
3 0.8657142857142858 0.29619047619047617 0.07 0.09142857142857143
3 0.7785714285714286 0.24285714285714285 0.06428571428571428 0.09238095238095238
3 0.81 0.1742857142857143 0.05142857142857143 0.07809523809523809
3 0.8385714285714285 0.12666666666666668 0.04428571428571428 0.05523809523809524
3 0.8664285714285714 0.21047619047619048 0.05357142857142857 0.08476190476190476
3 0.8685714285714285 0.16095238095238096 0.05785714285714286 0.06285714285714286
3 0.8978571428571429 0.08476190476190476 0.04214285714285714 0.06
3 0.8635714285714285 0.07809523809523809 0.03 0.045714285714285714
3 0.8707142857142857 0.049523809523809526 0.03142857142857143 0.03428571428571429
3 0.88 0.029523809523809525 0.02642857142857143 0.024761904761904763
3 0.89 0.01619047619047619 0.02142857142857143 0.02095238095238095
3 0.9171428571428571 0.013333333333333334 0.023571428571428573 0.029523809523809525
3 0.765 0.0761904761904762 0.039285714285714285 0.05714285714285714
3 0.8014285714285714 0.040952380952380955 0.03785714285714286 0.03619047619047619
3 0.8185714285714286 0.021904761904761906 0.03 0.02857142857142857
3 0.7864285714285715 0.014285714285714285 0.04357142857142857 0.025714285714285714
3 0.7907142857142857 0.011428571428571429 0.04 0.029523809523809525
3 0.8964285714285715 0.0009523809523809524 0.018571428571428572 0.025714285714285714
3 0.9707142857142858 0.012380952380952381 0.022857142857142857 0.02857142857142857
3 0.9807142857142858 0.03238095238095238 0.019285714285714285 0.02666666666666667
