3 0.37714285714285717 0.8609523809523809 0.016428571428571428 0.04857142857142857
8 0.3757142857142857 0.9238095238095239 0.017142857142857144 0.05714285714285714
3 0.3535714285714286 0.8590476190476191 0.017857142857142856 0.05238095238095238
3 0.355 0.940952380952381 0.016428571428571428 0.05047619047619047
3 0.33785714285714286 0.9638095238095238 0.015714285714285715 0.03619047619047619
3 0.5871428571428572 0.9380952380952381 0.017857142857142856 0.05523809523809524
3 0.5328571428571428 0.920952380952381 0.017142857142857144 0.05523809523809524
3 0.6357142857142857 0.8 0.06642857142857143 0.02666666666666667
2 0.5535714285714286 0.8742857142857143 0.02142857142857143 0.029523809523809525
2 0.5792857142857143 0.8676190476190476 0.020714285714285713 0.029523809523809525
3 0.525 0.7038095238095238 0.02 0.05333333333333334
3 0.525 0.6476190476190476 0.017142857142857144 0.05047619047619047
3 0.525 0.5980952380952381 0.015714285714285715 0.04380952380952381
3 0.5185714285714286 0.42095238095238097 0.016428571428571428 0.04380952380952381
3 0.4607142857142857 0.24857142857142858 0.015714285714285715 0.045714285714285714
3 0.5135714285714286 0.15523809523809523 0.015 0.0419047619047619
3 0.5114285714285715 0.1019047619047619 0.015714285714285715 0.04476190476190476
3 0.51 0.05523809523809524 0.014285714285714285 0.040952380952380955
3 0.5107142857142857 0.004761904761904762 0.012857142857142857 0.035238095238095235
3 0.375 0.2276190476190476 0.015714285714285715 0.04380952380952381
3 0.375 0.17904761904761904 0.015714285714285715 0.0419047619047619
3 0.3742857142857143 0.12666666666666668 0.015 0.04476190476190476
3 0.42428571428571427 0.04 0.015 0.04666666666666667
3 0.31285714285714283 0.08857142857142856 0.017857142857142856 0.04285714285714286
3 0.2835714285714286 0.25523809523809526 0.035 0.021904761904761906
3 0.3535714285714286 0.3819047619047619 0.016428571428571428 0.04380952380952381
1 0.45 0.3438095238095238 0.007142857142857143 0.008571428571428572
1 0.44642857142857145 0.3438095238095238 0.004285714285714286 0.007619047619047619
1 0.43642857142857144 0.34095238095238095 0.005714285714285714 0.007619047619047619
1 0.4614285714285714 0.3638095238095238 0.004285714285714286 0.007619047619047619
2 0.4614285714285714 0.3647619047619048 0.0035714285714285713 0.011428571428571429
1 0.38642857142857145 0.44857142857142857 0.0064285714285714285 0.007619047619047619
1 0.38857142857142857 0.4076190476190476 0.007142857142857143 0.010476190476190476
1 0.6085714285714285 0.41523809523809524 0.0064285714285714285 0.008571428571428572
1 0.5571428571428572 0.44 0.005 0.008571428571428572
1 0.5528571428571428 0.439047619047619 0.005 0.008571428571428572
4 0.38857142857142857 0.4038095238095238 0.007857142857142858 0.02095238095238095
2 0.38857142857142857 0.44666666666666666 0.0035714285714285713 0.015238095238095238
3 0.3485714285714286 0.5152380952380953 0.015 0.04666666666666667
3 0.35642857142857143 0.6457142857142857 0.015 0.047619047619047616
3 0.29428571428571426 0.6980952380952381 0.03571428571428571 0.022857142857142857
1 0.38357142857142856 0.7228571428571429 0.0064285714285714285 0.010476190476190476
1 0.335 0.82 0.011428571428571429 0.011428571428571429
3 0.08428571428571428 0.6285714285714286 0.032857142857142856 0.021904761904761906
3 0.09285714285714286 0.2695238095238095 0.035 0.02
3 0.055714285714285716 0.2704761904761905 0.037142857142857144 0.022857142857142857
3 0.0 0.2723809523809524 0.035 0.023809523809523808
3 0.027857142857142858 0.35428571428571426 0.037142857142857144 0.024761904761904763
2 0.17785714285714285 0.24 0.011428571428571429 0.029523809523809525
1 0.5385714285714286 0.10761904761904761 0.005 0.015238095238095238
1 0.61 0.09333333333333334 0.005 0.014285714285714285
3 0.5714285714285714 0.11428571428571428 0.03214285714285714 0.021904761904761906
3 0.5707142857142857 0.09333333333333334 0.030714285714285715 0.021904761904761906
3 0.5742857142857143 0.07238095238095238 0.02642857142857143 0.021904761904761906
3 0.5721428571428572 0.049523809523809526 0.03142857142857143 0.023809523809523808
3 0.5685714285714286 0.0 0.03142857142857143 0.012380952380952381
3 0.37714285714285717 0.0 0.015 0.023809523809523808
3 0.38 0.024761904761904763 0.014285714285714285 0.04857142857142857
3 0.35214285714285715 0.09047619047619047 0.015714285714285715 0.0419047619047619
3 0.35 0.04 0.015714285714285715 0.039047619047619046
3 0.355 0.2 0.015 0.049523809523809526
3 0.35642857142857143 0.16380952380952382 0.014285714285714285 0.035238095238095235
1 0.3092857142857143 0.14666666666666667 0.007142857142857143 0.014285714285714285
1 0.39785714285714285 0.03142857142857143 0.0064285714285714285 0.009523809523809525
2 0.3985714285714286 0.035238095238095235 0.005 0.015238095238095238
3 0.7564285714285715 0.42952380952380953 0.035 0.021904761904761906
1 0.7735714285714286 0.5466666666666666 0.008571428571428572 0.007619047619047619
3 0.9221428571428572 0.42095238095238097 0.03642857142857143 0.02095238095238095
3 0.915 0.8723809523809524 0.05928571428571429 0.03142857142857143
3 0.8721428571428571 0.8761904761904762 0.037142857142857144 0.024761904761904763
3 0.8278571428571428 0.8790476190476191 0.03785714285714286 0.02666666666666667
3 0.7857142857142857 0.8819047619047619 0.037142857142857144 0.023809523809523808
3 0.7357142857142858 0.8828571428571429 0.041428571428571426 0.024761904761904763
3 0.6814285714285714 0.8885714285714286 0.035 0.025714285714285714
3 0.6378571428571429 0.8923809523809524 0.03428571428571429 0.025714285714285714
3 0.7078571428571429 0.7904761904761904 0.04428571428571428 0.024761904761904763
1 0.5657142857142857 0.8323809523809523 0.007142857142857143 0.008571428571428572
