3 0.06428571428571428 0.539047619047619 0.055714285714285716 0.030476190476190476
3 0.275 0.5238095238095238 0.054285714285714284 0.03142857142857143
3 0.7392857142857143 0.4685714285714286 0.055 0.030476190476190476
3 0.8121428571428572 0.4742857142857143 0.055 0.03238095238095238
3 0.8921428571428571 0.47523809523809524 0.05928571428571429 0.02857142857142857
3 0.45714285714285713 0.17142857142857143 0.024285714285714285 0.06380952380952382
4 0.4257142857142857 0.18666666666666668 0.011428571428571429 0.03619047619047619
4 0.4357142857142857 0.3761904761904762 0.009285714285714286 0.035238095238095235
4 0.3942857142857143 0.4523809523809524 0.024285714285714285 0.015238095238095238
4 0.54 0.579047619047619 0.009285714285714286 0.029523809523809525
4 0.5885714285714285 0.5285714285714286 0.022857142857142857 0.01619047619047619
4 0.5978571428571429 0.5514285714285714 0.024285714285714285 0.015238095238095238
4 0.9621428571428572 0.5447619047619048 0.02857142857142857 0.015238095238095238
4 0.8342857142857143 0.44666666666666666 0.027857142857142858 0.01619047619047619
4 0.7178571428571429 0.5276190476190477 0.023571428571428573 0.013333333333333334
4 0.7285714285714285 0.4514285714285714 0.025714285714285714 0.015238095238095238
4 0.5135714285714286 0.7838095238095238 0.01 0.035238095238095235
4 0.48 0.8342857142857143 0.012857142857142857 0.030476190476190476
4 0.395 0.6295238095238095 0.011428571428571429 0.030476190476190476
4 0.4085714285714286 0.5628571428571428 0.017857142857142856 0.01619047619047619
3 0.4357142857142857 0.7533333333333333 0.025714285714285714 0.07047619047619047
3 0.42642857142857143 0.8447619047619047 0.023571428571428573 0.06761904761904762
3 0.4992857142857143 0.6847619047619048 0.025714285714285714 0.07333333333333333
3 0.5385714285714286 0.7504761904761905 0.02214285714285714 0.06857142857142857
8 0.5328571428571428 0.88 0.03214285714285714 0.12
3 0.4928571428571429 0.49238095238095236 0.02214285714285714 0.06
2 0.6342857142857142 0.4723809523809524 0.017857142857142856 0.011428571428571429
2 0.6778571428571428 0.44857142857142857 0.02214285714285714 0.013333333333333334
2 0.5292857142857142 0.7657142857142857 0.0064285714285714285 0.02666666666666667
1 0.035 0.559047619047619 0.02142857142857143 0.013333333333333334
1 0.44285714285714284 0.56 0.007142857142857143 0.011428571428571429
1 0.44857142857142857 0.5638095238095238 0.005714285714285714 0.011428571428571429
1 0.4542857142857143 0.560952380952381 0.005714285714285714 0.013333333333333334
1 0.415 0.44 0.008571428571428572 0.008571428571428572
1 0.4057142857142857 0.44 0.0064285714285714285 0.008571428571428572
1 0.5035714285714286 0.38571428571428573 0.0064285714285714285 0.011428571428571429
1 0.9264285714285714 0.29904761904761906 0.015714285714285715 0.013333333333333334
1 0.4492857142857143 0.82 0.008571428571428572 0.014285714285714285
2 0.42642857142857143 0.6628571428571428 0.016428571428571428 0.03333333333333333
1 0.515 0.7942857142857143 0.007857142857142858 0.01619047619047619
1 0.53 0.7752380952380953 0.005714285714285714 0.011428571428571429
1 0.42714285714285716 0.6733333333333333 0.007857142857142858 0.011428571428571429
1 0.4014285714285714 0.4523809523809524 0.009285714285714286 0.012380952380952381
1 0.6035714285714285 0.5533333333333333 0.01 0.011428571428571429
1 0.595 0.5304761904761904 0.012857142857142857 0.012380952380952381
1 0.6414285714285715 0.47333333333333333 0.010714285714285714 0.009523809523809525
1 0.6878571428571428 0.44857142857142857 0.010714285714285714 0.012380952380952381
1 0.7392857142857143 0.4533333333333333 0.01 0.010476190476190476
1 0.975 0.5466666666666666 0.011428571428571429 0.009523809523809525
1 0.4142857142857143 0.5676190476190476 0.0064285714285714285 0.008571428571428572
