3 0.413 0.5773333333333334 0.162 0.15333333333333332
3 0.4065 0.7526666666666667 0.143 0.17066666666666666
3 0.5 0.406 0.1855 0.144
3 0.164 0.3913333333333333 0.0935 0.19666666666666666
3 0.0825 0.20333333333333334 0.187 0.11866666666666667
3 0.0855 0.03266666666666666 0.1395 0.11533333333333333
3 0.467 0.08133333333333333 0.1305 0.16
3 0.0 0.588 0.118 0.11133333333333334
3 0.938 0.7026666666666667 0.062 0.238
8 0.8995 0.09733333333333333 0.1005 0.128
8 0.4465 0.246 0.222 0.16466666666666666
8 0.0 0.38 0.156 0.15866666666666668
8 0.0 0.9 0.1365 0.1
