3 0.5621428571428572 0.7352380952380952 0.03857142857142857 0.0838095238095238
3 0.48714285714285716 0.6352380952380953 0.03 0.09238095238095238
3 0.5364285714285715 0.5019047619047619 0.02214285714285714 0.04
1 0.18071428571428572 0.8133333333333334 0.015714285714285715 0.05047619047619047
3 0.265 0.6761904761904762 0.04928571428571429 0.08857142857142856
3 0.295 0.6161904761904762 0.04214285714285714 0.07142857142857142
3 0.52 0.1361904761904762 0.005714285714285714 0.007619047619047619
3 0.5271428571428571 0.13714285714285715 0.005 0.005714285714285714
3 0.5285714285714286 0.14761904761904762 0.004285714285714286 0.006666666666666667
3 0.52 0.15047619047619049 0.005714285714285714 0.005714285714285714
3 0.5235714285714286 0.18666666666666668 0.0064285714285714285 0.005714285714285714
3 0.5235714285714286 0.1961904761904762 0.0064285714285714285 0.006666666666666667
3 0.53 0.2038095238095238 0.007142857142857143 0.008571428571428572
3 0.5242857142857142 0.21142857142857144 0.007142857142857143 0.006666666666666667
3 0.5385714285714286 0.21333333333333335 0.007857142857142858 0.010476190476190476
3 0.54 0.22666666666666666 0.009285714285714286 0.006666666666666667
3 0.5285714285714286 0.24476190476190476 0.007857142857142858 0.009523809523809525
3 0.49357142857142855 0.24 0.011428571428571429 0.011428571428571429
3 0.5064285714285715 0.24476190476190476 0.010714285714285714 0.015238095238095238
3 0.5285714285714286 0.27714285714285714 0.012142857142857143 0.014285714285714285
3 0.505 0.2761904761904762 0.011428571428571429 0.013333333333333334
3 0.5257142857142857 0.12095238095238095 0.005 0.006666666666666667
4 0.5478571428571428 0.24761904761904763 0.0035714285714285713 0.010476190476190476
1 0.5492857142857143 0.24761904761904763 0.0014285714285714286 0.005714285714285714
1 0.43214285714285716 0.34285714285714286 0.005 0.015238095238095238
1 0.42928571428571427 0.36 0.004285714285714286 0.014285714285714285
1 0.44142857142857145 0.29523809523809524 0.0035714285714285713 0.010476190476190476
1 0.45357142857142857 0.29333333333333333 0.002142857142857143 0.011428571428571429
3 0.4592857142857143 0.11238095238095239 0.007857142857142858 0.007619047619047619
3 0.5328571428571428 0.41904761904761906 0.017857142857142856 0.03238095238095238
3 0.5 0.46095238095238095 0.02 0.04666666666666667
3 0.32142857142857145 0.5571428571428572 0.03571428571428571 0.058095238095238096
3 0.3464285714285714 0.5161904761904762 0.027142857142857142 0.04666666666666667
3 0.35214285714285715 0.4714285714285714 0.032857142857142856 0.05238095238095238
4 0.7228571428571429 0.6495238095238095 0.008571428571428572 0.030476190476190476
4 0.7121428571428572 0.6514285714285715 0.009285714285714286 0.029523809523809525
4 0.7164285714285714 0.6085714285714285 0.007142857142857143 0.023809523809523808
4 0.6507142857142857 0.4866666666666667 0.005714285714285714 0.018095238095238095
4 0.6471428571428571 0.44476190476190475 0.004285714285714286 0.017142857142857144
4 0.6364285714285715 0.44666666666666666 0.005 0.015238095238095238
4 0.6407142857142857 0.38857142857142857 0.005 0.014285714285714285
4 0.6328571428571429 0.38952380952380955 0.005 0.013333333333333334
4 0.5585714285714286 0.19523809523809524 0.002857142857142857 0.006666666666666667
4 0.5492857142857143 0.16380952380952382 0.002142857142857143 0.006666666666666667
4 0.5614285714285714 0.2057142857142857 0.002142857142857143 0.007619047619047619
3 0.68 0.4980952380952381 0.025714285714285714 0.0419047619047619
4 0.72 0.24 0.0064285714285714285 0.012380952380952381
3 0.65 0.19904761904761906 0.02214285714285714 0.017142857142857144
6 0.72 0.19142857142857142 0.016428571428571428 0.017142857142857144
1 0.725 0.6457142857142857 0.005 0.014285714285714285
1 0.715 0.6466666666666666 0.005 0.01904761904761905
1 0.7185714285714285 0.6019047619047619 0.0035714285714285713 0.015238095238095238
1 0.6971428571428572 0.6447619047619048 0.008571428571428572 0.01904761904761905
1 0.6507142857142857 0.48095238095238096 0.004285714285714286 0.012380952380952381
1 0.6371428571428571 0.439047619047619 0.0035714285714285713 0.011428571428571429
1 0.6471428571428571 0.44 0.0035714285714285713 0.011428571428571429
1 0.6407142857142857 0.38857142857142857 0.002857142857142857 0.006666666666666667
1 0.635 0.38571428571428573 0.002857142857142857 0.010476190476190476
1 0.55 0.16380952380952382 0.002142857142857143 0.004761904761904762
1 0.56 0.19428571428571428 0.002142857142857143 0.005714285714285714
1 0.5535714285714286 0.17714285714285713 0.002142857142857143 0.0038095238095238095
1 0.5614285714285714 0.20666666666666667 0.002857142857142857 0.0038095238095238095
4 0.5528571428571428 0.17714285714285713 0.002857142857142857 0.009523809523809525
1 0.7207142857142858 0.2419047619047619 0.005 0.005714285714285714
3 0.5721428571428572 0.4685714285714286 0.024285714285714285 0.03428571428571429
4 0.6035714285714285 0.5085714285714286 0.0064285714285714285 0.030476190476190476
1 0.6057142857142858 0.5028571428571429 0.005 0.017142857142857144
