3 0.5714285714285714 0.5558375634517766 0.06785714285714285 0.1065989847715736
3 0.5628571428571428 0.3350253807106599 0.03142857142857143 0.09517766497461928
3 0.6192857142857143 0.6890862944162437 0.04642857142857143 0.1713197969543147
8 0.52 0.13578680203045684 0.039285714285714285 0.10025380710659898
8 0.5378571428571428 0.2296954314720812 0.03214285714285714 0.10786802030456853
3 0.6257142857142857 0.9149746192893401 0.04428571428571428 0.08375634517766498
1 0.12785714285714286 0.5723350253807107 0.013571428571428571 0.04949238578680203
1 0.15428571428571428 0.4263959390862944 0.011428571428571429 0.050761421319796954
1 0.15285714285714286 0.33883248730964466 0.010714285714285714 0.03807106598984772
1 0.16285714285714287 0.33375634517766495 0.012142857142857143 0.04060913705583756
1 0.17214285714285715 0.34390862944162437 0.008571428571428572 0.030456852791878174
1 0.21857142857142858 0.1802030456852792 0.01 0.031725888324873094
1 0.26071428571428573 0.10532994923857868 0.0064285714285714285 0.031725888324873094
1 0.25785714285714284 0.0901015228426396 0.0064285714285714285 0.0266497461928934
1 0.25857142857142856 0.07868020304568528 0.005714285714285714 0.025380710659898477
1 0.26357142857142857 0.08121827411167512 0.0064285714285714285 0.03807106598984772
