1 0.05357142857142857 0.33883248730964466 0.007142857142857143 0.012690355329949238
1 0.14357142857142857 0.20812182741116753 0.007142857142857143 0.012690355329949238
1 0.22285714285714286 0.25253807106598986 0.004285714285714286 0.015228426395939087
1 0.22142857142857142 0.27411167512690354 0.005 0.01649746192893401
1 0.21214285714285713 0.29949238578680204 0.005 0.011421319796954314
1 0.23142857142857143 0.2550761421319797 0.005 0.013959390862944163
1 0.23642857142857143 0.2626903553299492 0.005 0.008883248730964468
1 0.24214285714285713 0.25761421319796957 0.005 0.011421319796954314
1 0.24071428571428571 0.2703045685279188 0.002142857142857143 0.006345177664974619
1 0.24785714285714286 0.2715736040609137 0.0035714285714285713 0.008883248730964468
1 0.09857142857142857 0.41243654822335024 0.005714285714285714 0.008883248730964468
1 0.11214285714285714 0.3819796954314721 0.007142857142857143 0.01015228426395939
1 0.09285714285714286 0.4263959390862944 0.005 0.013959390862944163
1 0.09785714285714285 0.4251269035532995 0.008571428571428572 0.012690355329949238
1 0.09214285714285714 0.42258883248730966 0.007857142857142858 0.012690355329949238
1 0.04928571428571429 0.35152284263959394 0.005714285714285714 0.008883248730964468
4 0.14642857142857144 0.5431472081218274 0.017142857142857144 0.02030456852791878
4 0.17357142857142857 0.565989847715736 0.015 0.015228426395939087
4 0.2257142857142857 0.6015228426395939 0.011428571428571429 0.013959390862944163
1 0.20642857142857143 0.7829949238578681 0.005 0.01015228426395939
3 0.22642857142857142 0.8312182741116751 0.03428571428571429 0.06091370558375635
3 0.3271428571428571 0.6548223350253807 0.03 0.0532994923857868
6 0.27071428571428574 0.7170050761421319 0.05 0.09137055837563451
3 0.3578571428571429 0.5913705583756346 0.02857142857142857 0.05203045685279188
1 0.3792857142857143 0.5304568527918782 0.0035714285714285713 0.013959390862944163
3 0.3914285714285714 0.5228426395939086 0.027142857142857142 0.04949238578680203
3 0.4592857142857143 0.3236040609137056 0.018571428571428572 0.04187817258883249
3 0.44571428571428573 0.39593908629441626 0.018571428571428572 0.04187817258883249
6 0.4142857142857143 0.434010152284264 0.03857142857142857 0.07868020304568528
1 0.405 0.1865482233502538 0.005714285714285714 0.011421319796954314
1 0.4278571428571429 0.1916243654822335 0.002857142857142857 0.012690355329949238
1 0.44571428571428573 0.19796954314720813 0.0035714285714285713 0.011421319796954314
1 0.44642857142857145 0.20304568527918782 0.005714285714285714 0.012690355329949238
3 0.30642857142857144 0.06345177664974619 0.018571428571428572 0.03299492385786802
3 0.3292857142857143 0.03807106598984772 0.015714285714285715 0.03934010152284264
3 0.335 0.0 0.015714285714285715 0.025380710659898477
3 0.32 0.07741116751269035 0.014285714285714285 0.02918781725888325
1 0.48714285714285716 0.015228426395939087 0.002142857142857143 0.015228426395939087
1 0.49 0.013959390862944163 0.0035714285714285713 0.015228426395939087
1 0.4878571428571429 0.01015228426395939 0.0035714285714285713 0.017766497461928935
6 0.5292857142857142 0.0 0.025 0.06345177664974619
6 0.5835714285714285 0.0 0.060714285714285714 0.030456852791878174
6 0.5821428571428572 0.0 0.06142857142857143 0.05710659898477157
1 0.6307142857142857 0.046954314720812185 0.002857142857142857 0.01015228426395939
6 0.7935714285714286 0.05964467005076142 0.06142857142857143 0.12690355329949238
6 0.57 0.015228426395939087 0.04214285714285714 0.048223350253807105
3 0.86 0.1218274111675127 0.024285714285714285 0.04568527918781726
3 0.9128571428571428 0.24238578680203046 0.027142857142857142 0.04949238578680203
3 0.8592857142857143 0.501269035532995 0.027857142857142858 0.031725888324873094
6 0.7635714285714286 0.35279187817258884 0.07642857142857143 0.09390862944162437
4 0.9014285714285715 0.5482233502538071 0.014285714285714285 0.01649746192893401
1 0.9078571428571428 0.549492385786802 0.005714285714285714 0.011421319796954314
3 0.9342857142857143 0.5571065989847716 0.027857142857142858 0.03934010152284264
3 0.94 0.6154822335025381 0.029285714285714286 0.03807106598984772
3 0.9678571428571429 0.6637055837563451 0.027142857142857142 0.03426395939086294
3 0.8485714285714285 0.682741116751269 0.03357142857142857 0.04187817258883249
3 0.7892857142857143 0.8921319796954315 0.03357142857142857 0.048223350253807105
3 0.6328571428571429 0.9276649746192893 0.03357142857142857 0.05456852791878172
4 0.6714285714285714 0.8312182741116751 0.013571428571428571 0.021573604060913704
1 0.6757142857142857 0.8312182741116751 0.008571428571428572 0.015228426395939087
3 0.62 0.6967005076142132 0.02642857142857143 0.04314720812182741
