3 0.4075 0.17066666666666666 0.0135 0.006666666666666667
3 0.421 0.16466666666666666 0.0095 0.007333333333333333
3 0.396 0.182 0.0085 0.008666666666666666
3 0.403 0.188 0.0065 0.008666666666666666
3 0.3965 0.19933333333333333 0.006 0.011333333333333334
3 0.3925 0.21266666666666667 0.007 0.008666666666666666
3 0.391 0.21866666666666668 0.007 0.008666666666666666
3 0.3855 0.22533333333333333 0.0075 0.01
8 0.38 0.232 0.0125 0.019333333333333334
3 0.3785 0.244 0.006 0.010666666666666666
3 0.3765 0.24933333333333332 0.0075 0.012666666666666666
3 0.3815 0.254 0.0075 0.011333333333333334
3 0.3735 0.256 0.0075 0.010666666666666666
3 0.366 0.2673333333333333 0.008 0.012666666666666666
3 0.3735 0.27666666666666667 0.0085 0.012666666666666666
3 0.3635 0.2906666666666667 0.012 0.017333333333333333
3 0.347 0.30666666666666664 0.0075 0.013333333333333334
3 0.345 0.32866666666666666 0.009 0.015333333333333332
3 0.326 0.336 0.0105 0.014
3 0.325 0.30733333333333335 0.0105 0.014666666666666666
3 0.32 0.3473333333333333 0.0115 0.015333333333333332
3 0.311 0.356 0.0115 0.014666666666666666
3 0.3025 0.36466666666666664 0.014 0.018666666666666668
3 0.279 0.36666666666666664 0.015 0.017333333333333333
3 0.286 0.39066666666666666 0.014 0.016666666666666666
3 0.276 0.3873333333333333 0.0135 0.018
3 0.2735 0.4026666666666667 0.0165 0.02
3 0.261 0.416 0.018 0.02266666666666667
3 0.2525 0.43466666666666665 0.015 0.018666666666666668
3 0.236 0.4126666666666667 0.019 0.02266666666666667
3 0.2295 0.43333333333333335 0.019 0.020666666666666667
3 0.215 0.47933333333333333 0.021 0.02266666666666667
8 0.196 0.49133333333333334 0.0245 0.035333333333333335
3 0.174 0.5293333333333333 0.0245 0.026
3 0.157 0.5466666666666666 0.0245 0.03266666666666666
3 0.1305 0.5433333333333333 0.0235 0.029333333333333333
3 0.074 0.552 0.025 0.03
3 0.1095 0.6126666666666667 0.027 0.03266666666666666
3 0.0775 0.65 0.0305 0.03866666666666667
3 0.0645 0.616 0.031 0.038
3 0.015 0.7353333333333333 0.0355 0.044
1 0.032 0.7653333333333333 0.0125 0.016666666666666666
4 0.032 0.7666666666666667 0.015 0.020666666666666667
3 0.0005 0.7793333333333333 0.0205 0.029333333333333333
2 0.27 0.9466666666666667 0.006 0.029333333333333333
2 0.275 0.9473333333333334 0.007 0.026
2 0.282 0.946 0.0065 0.029333333333333333
2 0.289 0.9466666666666667 0.0075 0.030666666666666665
2 0.298 0.9506666666666667 0.0085 0.028
2 0.306 0.9486666666666667 0.0075 0.026
2 0.315 0.944 0.007 0.02666666666666667
2 0.32 0.954 0.0105 0.027333333333333334
2 0.33 0.946 0.0065 0.03133333333333333
2 0.3375 0.9453333333333334 0.0065 0.027333333333333334
2 0.348 0.9526666666666667 0.007 0.029333333333333333
2 0.352 0.9506666666666667 0.0085 0.025333333333333333
2 0.361 0.9493333333333334 0.0065 0.03133333333333333
2 0.3665 0.946 0.0065 0.03133333333333333
2 0.3725 0.9466666666666667 0.0065 0.028
3 0.4515 0.954 0.045 0.034666666666666665
3 0.5205 0.9566666666666667 0.055 0.03666666666666667
3 0.598 0.956 0.061 0.03666666666666667
3 0.458 0.8286666666666667 0.056 0.04
3 0.3975 0.7573333333333333 0.02 0.046
3 0.455 0.7853333333333333 0.044 0.029333333333333333
3 0.458 0.7613333333333333 0.0455 0.02666666666666667
3 0.46 0.718 0.0385 0.028666666666666667
3 0.466 0.702 0.036 0.024
3 0.4675 0.684 0.037 0.025333333333333333
3 0.4765 0.6553333333333333 0.03 0.022
3 0.4325 0.618 0.021 0.03333333333333333
3 0.435 0.5906666666666667 0.0265 0.029333333333333333
3 0.483 0.598 0.019 0.035333333333333335
3 0.491 0.5766666666666667 0.0275 0.02
3 0.493 0.566 0.029 0.018
3 0.492 0.552 0.028 0.020666666666666667
3 0.4925 0.5413333333333333 0.028 0.018666666666666668
3 0.489 0.524 0.014 0.023333333333333334
3 0.459 0.528 0.0155 0.024666666666666667
3 0.509 0.4673333333333333 0.0125 0.026
3 0.48 0.4206666666666667 0.0115 0.024666666666666667
