4 0.16428571428571428 0.31523809523809526 0.005714285714285714 0.010476190476190476
1 0.15785714285714286 0.35523809523809524 0.005714285714285714 0.008571428571428572
3 0.23 0.3514285714285714 0.02857142857142857 0.017142857142857144
4 0.17 0.29523809523809524 0.005 0.011428571428571429
4 0.16642857142857143 0.29714285714285715 0.005714285714285714 0.009523809523809525
3 0.24214285714285713 0.7857142857142857 0.03 0.017142857142857144
3 0.115 0.9 0.03142857142857143 0.02
3 0.15214285714285714 0.9 0.032857142857142856 0.02
3 0.14357142857142857 0.9685714285714285 0.03428571428571429 0.02
3 0.18785714285714286 0.9695238095238096 0.03357142857142857 0.02
3 0.22071428571428572 0.9695238095238096 0.027857142857142858 0.02
3 0.2507142857142857 0.9714285714285714 0.02642857142857143 0.017142857142857144
8 0.016428571428571428 0.9638095238095238 0.05071428571428571 0.02857142857142857
3 0.065 0.9685714285714285 0.03 0.02095238095238095
3 0.10357142857142858 0.9685714285714285 0.035 0.02095238095238095
3 0.385 0.74 0.03 0.01904761904761905
3 0.28714285714285714 0.7857142857142857 0.02857142857142857 0.01904761904761905
3 0.31785714285714284 0.7857142857142857 0.029285714285714286 0.01904761904761905
3 0.35214285714285715 0.7885714285714286 0.02857142857142857 0.018095238095238095
3 0.385 0.7885714285714286 0.02857142857142857 0.01904761904761905
3 0.4685714285714286 0.7923809523809524 0.027857142857142858 0.017142857142857144
3 0.4357142857142857 0.7904761904761904 0.027857142857142858 0.018095238095238095
3 0.4635714285714286 0.9066666666666666 0.03142857142857143 0.018095238095238095
3 0.3342857142857143 0.9085714285714286 0.02857142857142857 0.017142857142857144
3 0.28 0.9704761904761905 0.032857142857142856 0.01904761904761905
3 0.315 0.9685714285714285 0.03214285714285714 0.02095238095238095
3 0.3507142857142857 0.9685714285714285 0.03142857142857143 0.022857142857142857
3 0.39 0.9714285714285714 0.03 0.01904761904761905
3 0.43 0.9733333333333334 0.03142857142857143 0.02095238095238095
3 0.465 0.9733333333333334 0.027857142857142858 0.02
3 0.5035714285714286 0.9714285714285714 0.03142857142857143 0.02
3 0.5685714285714286 0.9714285714285714 0.032857142857142856 0.022857142857142857
4 0.5335714285714286 0.8380952380952381 0.008571428571428572 0.012380952380952381
4 0.53 0.839047619047619 0.0035714285714285713 0.014285714285714285
3 0.6885714285714286 0.979047619047619 0.027142857142857142 0.018095238095238095
3 0.7142857142857143 0.9123809523809524 0.03357142857142857 0.021904761904761906
3 0.7514285714285714 0.9133333333333333 0.03214285714285714 0.02095238095238095
3 0.7607142857142857 0.979047619047619 0.029285714285714286 0.018095238095238095
3 0.8 0.979047619047619 0.02857142857142857 0.02
3 0.8378571428571429 0.98 0.027857142857142858 0.01904761904761905
3 0.8785714285714286 0.9828571428571429 0.027857142857142858 0.017142857142857144
3 0.9192857142857143 0.9142857142857143 0.032857142857142856 0.018095238095238095
3 0.9614285714285714 0.9161904761904762 0.03357142857142857 0.02095238095238095
3 0.9557142857142857 0.9838095238095238 0.029285714285714286 0.01619047619047619
3 0.8907142857142857 0.8361904761904762 0.02 0.04285714285714286
3 0.9214285714285714 0.8380952380952381 0.022857142857142857 0.04285714285714286
3 0.9392857142857143 0.84 0.019285714285714285 0.04
3 0.9535714285714286 0.84 0.02214285714285714 0.0419047619047619
1 0.9221428571428572 0.7723809523809524 0.009285714285714286 0.005714285714285714
3 0.53 0.5914285714285714 0.008571428571428572 0.0380952380952381
1 0.44785714285714284 0.24952380952380954 0.0035714285714285713 0.007619047619047619
3 0.6435714285714286 0.700952380952381 0.015 0.040952380952380955
1 0.7478571428571429 0.8333333333333334 0.004285714285714286 0.004761904761904762
4 0.7435714285714285 0.8333333333333334 0.012142857142857143 0.006666666666666667
3 0.7242857142857143 0.9780952380952381 0.032857142857142856 0.02095238095238095
3 0.8307142857142857 0.7923809523809524 0.018571428571428572 0.04476190476190476
4 0.905 0.9333333333333333 0.011428571428571429 0.012380952380952381
1 0.91 0.9371428571428572 0.005714285714285714 0.005714285714285714
1 0.12428571428571429 0.07428571428571429 0.004285714285714286 0.008571428571428572
1 0.12642857142857142 0.07333333333333333 0.004285714285714286 0.008571428571428572
