3 0.18714285714285714 0.06 0.06428571428571428 0.04857142857142857
3 0.25642857142857145 0.08857142857142856 0.06428571428571428 0.045714285714285714
3 0.15785714285714286 0.18285714285714286 0.07 0.054285714285714284
3 0.3364285714285714 0.11428571428571428 0.07071428571428572 0.035238095238095235
3 0.41928571428571426 0.13142857142857142 0.07 0.05714285714285714
3 0.34785714285714286 0.14095238095238094 0.07571428571428572 0.049523809523809526
3 0.30714285714285716 0.20666666666666667 0.07857142857142857 0.05714285714285714
3 0.435 0.24095238095238095 0.08714285714285715 0.06571428571428571
1 0.49642857142857144 0.2752380952380952 0.011428571428571429 0.0419047619047619
3 0.5421428571428571 0.2904761904761905 0.08571428571428572 0.06380952380952382
3 0.7057142857142857 0.21619047619047618 0.095 0.06666666666666667
3 0.6435714285714286 0.32666666666666666 0.10928571428571429 0.07714285714285714
3 0.7857142857142857 0.4085714285714286 0.05071428571428571 0.10666666666666667
3 0.9285714285714286 0.30095238095238097 0.07142857142857142 0.05523809523809524
3 0.9114285714285715 0.4504761904761905 0.08857142857142856 0.14952380952380953
1 0.36214285714285716 0.37333333333333335 0.015 0.054285714285714284
4 0.09071428571428572 0.4552380952380952 0.04428571428571428 0.037142857142857144
4 0.08928571428571429 0.49238095238095236 0.04428571428571428 0.035238095238095235
