3 0.09285714285714286 0.8990476190476191 0.06 0.0419047619047619
3 0.5207142857142857 0.7266666666666667 0.04857142857142857 0.06571428571428571
3 0.4642857142857143 0.6247619047619047 0.029285714285714286 0.07142857142857142
3 0.6185714285714285 0.7838095238095238 0.05714285714285714 0.040952380952380955
3 0.815 0.7895238095238095 0.056428571428571425 0.04285714285714286
3 0.69 0.6504761904761904 0.05357142857142857 0.037142857142857144
3 0.885 0.6142857142857143 0.05714285714285714 0.039047619047619046
3 0.47785714285714287 0.4552380952380952 0.02214285714285714 0.05714285714285714
3 0.4235714285714286 0.16285714285714287 0.02142857142857143 0.05142857142857143
3 0.4521428571428571 0.1580952380952381 0.019285714285714285 0.05238095238095238
8 0.7864285714285715 0.62 0.10285714285714286 0.05714285714285714
3 0.4471428571428571 0.36857142857142855 0.02142857142857143 0.06095238095238095
4 0.47714285714285715 0.5485714285714286 0.01 0.03238095238095238
4 0.53 0.6190476190476191 0.01 0.030476190476190476
4 0.555 0.7085714285714285 0.019285714285714285 0.025714285714285714
4 0.5957142857142858 0.7371428571428571 0.023571428571428573 0.02095238095238095
4 0.36 0.8685714285714285 0.029285714285714286 0.01619047619047619
4 0.4085714285714286 0.9019047619047619 0.025 0.01619047619047619
4 0.37142857142857144 0.9057142857142857 0.023571428571428573 0.017142857142857144
4 0.8014285714285714 0.7371428571428571 0.025 0.018095238095238095
4 0.8264285714285714 0.7742857142857142 0.022857142857142857 0.014285714285714285
4 0.8464285714285714 0.7266666666666667 0.025 0.015238095238095238
4 0.88 0.7447619047619047 0.024285714285714285 0.018095238095238095
4 0.6342857142857142 0.9066666666666666 0.024285714285714285 0.024761904761904763
4 0.012142857142857143 0.959047619047619 0.03785714285714286 0.018095238095238095
4 0.18857142857142858 0.9580952380952381 0.023571428571428573 0.018095238095238095
2 0.6542857142857142 0.8428571428571429 0.024285714285714285 0.023809523809523808
2 0.6042857142857143 0.7114285714285714 0.037142857142857144 0.023809523809523808
2 0.34 0.7409523809523809 0.015 0.011428571428571429
2 0.485 0.9638095238095238 0.014285714285714285 0.02857142857142857
4 0.40785714285714286 0.08 0.01 0.02761904761904762
2 0.4585714285714286 0.008571428571428572 0.0064285714285714285 0.021904761904761906
1 0.3657142857142857 0.24571428571428572 0.007857142857142858 0.02
1 0.38285714285714284 0.4780952380952381 0.005714285714285714 0.01619047619047619
1 0.38642857142857145 0.4714285714285714 0.007142857142857143 0.01619047619047619
1 0.39357142857142857 0.4676190476190476 0.007142857142857143 0.01619047619047619
1 0.3992857142857143 0.4676190476190476 0.0064285714285714285 0.012380952380952381
1 0.4092857142857143 0.4676190476190476 0.008571428571428572 0.018095238095238095
1 0.017857142857142856 0.9619047619047619 0.017857142857142856 0.011428571428571429
1 0.37 0.8723809523809524 0.010714285714285714 0.010476190476190476
1 0.37785714285714284 0.9066666666666666 0.010714285714285714 0.01619047619047619
1 0.4164285714285714 0.9028571428571428 0.010714285714285714 0.015238095238095238
1 0.3414285714285714 0.74 0.009285714285714286 0.011428571428571429
1 0.6014285714285714 0.74 0.012857142857142857 0.01619047619047619
1 0.5621428571428572 0.7142857142857143 0.009285714285714286 0.017142857142857144
1 0.8092857142857143 0.7361904761904762 0.013571428571428571 0.018095238095238095
1 0.835 0.7771428571428571 0.012142857142857143 0.010476190476190476
1 0.8571428571428571 0.7276190476190476 0.01 0.012380952380952381
1 0.6128571428571429 0.7161904761904762 0.01 0.009523809523809525
1 0.8921428571428571 0.7457142857142857 0.011428571428571429 0.015238095238095238
1 0.47714285714285715 0.5571428571428572 0.01 0.013333333333333334
1 0.4092857142857143 0.08571428571428572 0.007142857142857143 0.007619047619047619
1 0.4092857142857143 0.08 0.005714285714285714 0.012380952380952381
1 0.4592857142857143 0.009523809523809525 0.005 0.012380952380952381
4 0.4235714285714286 0.3323809523809524 0.01 0.023809523809523808
1 0.42428571428571427 0.3352380952380952 0.007142857142857143 0.014285714285714285
