3 0.12214285714285714 0.6928934010152284 0.06714285714285714 0.08883248730964467
8 0.7221428571428572 0.633248730964467 0.052142857142857144 0.1218274111675127
8 0.705 0.5685279187817259 0.030714285714285715 0.05456852791878172
3 0.5028571428571429 0.44923857868020306 0.017857142857142856 0.03426395939086294
3 0.4714285714285714 0.37944162436548223 0.016428571428571428 0.031725888324873094
3 0.47285714285714286 0.21446700507614214 0.014285714285714285 0.024111675126903553
3 0.4521428571428571 0.1548223350253807 0.010714285714285714 0.01903553299492386
3 0.565 0.15609137055837563 0.008571428571428572 0.02030456852791878
4 0.4142857142857143 0.15355329949238578 0.005714285714285714 0.01649746192893401
3 0.4207142857142857 0.11548223350253807 0.010714285714285714 0.02030456852791878
4 0.4228571428571429 0.09898477157360407 0.005 0.012690355329949238
4 0.42714285714285716 0.07614213197969544 0.005714285714285714 0.015228426395939087
3 0.42642857142857143 0.05583756345177665 0.01 0.021573604060913704
