3 0.10542797494780794 0.29035250463821893 0.024008350730688934 0.04081632653061224
3 0.11691022964509394 0.25139146567717996 0.018789144050104383 0.04081632653061224
2 0.20876826722338204 0.4007421150278293 0.014613778705636743 0.05102040816326531
8 0.22599164926931106 0.4137291280148423 0.016701461377870562 0.05473098330241188
3 0.25417536534446766 0.3970315398886827 0.02035490605427975 0.05844155844155844
2 0.31106471816283926 0.3747680890538033 0.019311064718162838 0.05380333951762523
8 0.3298538622129436 0.36363636363636365 0.02244258872651357 0.05380333951762523
2 0.3554279749478079 0.3692022263450835 0.016701461377870562 0.05473098330241188
3 0.3794363256784969 0.3877551020408163 0.02035490605427975 0.05194805194805195
3 0.4744258872651357 0.3469387755102041 0.020876826722338204 0.05380333951762523
3 0.49582463465553234 0.336734693877551 0.02244258872651357 0.05380333951762523
4 0.4733820459290188 0.4387755102040816 0.017745302713987474 0.016697588126159554
1 0.47755741127348644 0.43413729128014844 0.007306889352818371 0.017625231910946195
3 0.5370563674321504 0.32560296846011133 0.02244258872651357 0.05287569573283859
3 0.37160751565762007 0.5473098330241187 0.02035490605427975 0.0640074211502783
3 0.4968684759916493 0.4962894248608534 0.022964509394572025 0.055658627087198514
3 0.524008350730689 0.49257884972170685 0.02348643006263048 0.06215213358070501
3 0.5506263048016702 0.4897959183673469 0.0255741127348643 0.06215213358070501
3 0.6247390396659708 0.47217068645640076 0.027661795407098122 0.055658627087198514
3 0.6503131524008351 0.4712430426716141 0.027661795407098122 0.061224489795918366
3 0.7056367432150313 0.45918367346938777 0.022964509394572025 0.05473098330241188
3 0.605427974947808 0.3070500927643785 0.026096033402922755 0.05194805194805195
3 0.2593945720250522 0.5769944341372912 0.02244258872651357 0.061224489795918366
3 0.22860125260960334 0.5807050092764379 0.02661795407098121 0.07235621521335807
