3 0.3392857142857143 0.6971428571428572 0.13357142857142856 0.07238095238095238
3 0.35285714285714287 0.56 0.095 0.06095238095238095
3 0.35928571428571426 0.5047619047619047 0.09928571428571428 0.05523809523809524
3 0.36 0.45904761904761904 0.09285714285714286 0.049523809523809526
3 0.5171428571428571 0.3295238095238095 0.04642857142857143 0.058095238095238096
3 0.49 0.21428571428571427 0.05714285714285714 0.037142857142857144
3 0.4835714285714286 0.16380952380952382 0.05785714285714286 0.0419047619047619
3 0.7757142857142857 0.17714285714285713 0.03642857142857143 0.037142857142857144
3 0.48 0.12857142857142856 0.041428571428571426 0.03238095238095238
3 0.46 0.022857142857142857 0.032857142857142856 0.02
3 0.6428571428571429 0.037142857142857144 0.017857142857142856 0.023809523809523808
3 0.3942857142857143 0.0009523809523809524 0.03357142857142857 0.01904761904761905
3 0.3942857142857143 0.022857142857142857 0.030714285714285715 0.017142857142857144
3 0.38857142857142857 0.058095238095238096 0.03357142857142857 0.025714285714285714
3 0.4007142857142857 0.07333333333333333 0.03571428571428571 0.02666666666666667
3 0.41928571428571426 0.08476190476190476 0.03571428571428571 0.025714285714285714
3 0.42 0.09904761904761905 0.035 0.029523809523809525
3 0.48642857142857143 0.11714285714285715 0.04 0.03142857142857143
3 0.4992857142857143 0.10476190476190476 0.04 0.03238095238095238
3 0.48857142857142855 0.09047619047619047 0.04 0.029523809523809525
3 0.48642857142857143 0.07523809523809524 0.04 0.02857142857142857
3 0.485 0.06476190476190476 0.04071428571428572 0.02857142857142857
3 0.48428571428571426 0.049523809523809526 0.04 0.02
3 0.5635714285714286 0.08857142857142856 0.02 0.02666666666666667
3 0.555 0.06952380952380953 0.02214285714285714 0.025714285714285714
3 0.5921428571428572 0.2342857142857143 0.052142857142857144 0.04285714285714286
3 0.5842857142857143 0.19714285714285715 0.045714285714285714 0.04380952380952381
3 0.5835714285714285 0.17523809523809525 0.04214285714285714 0.037142857142857144
3 0.625 0.05619047619047619 0.02142857142857143 0.03142857142857143
3 0.5321428571428571 0.030476190476190476 0.024285714285714285 0.025714285714285714
3 0.6014285714285714 0.008571428571428572 0.022857142857142857 0.01904761904761905
3 0.6228571428571429 0.02095238095238095 0.027857142857142858 0.02
3 0.7435714285714285 0.09619047619047619 0.022857142857142857 0.024761904761904763
1 0.5571428571428572 0.12285714285714286 0.0064285714285714285 0.025714285714285714
1 0.55 0.12476190476190477 0.007857142857142858 0.024761904761904763
1 0.4685714285714286 0.1761904761904762 0.007142857142857143 0.029523809523809525
1 0.46785714285714286 0.06380952380952382 0.005714285714285714 0.02095238095238095
1 0.4764285714285714 0.06285714285714286 0.005714285714285714 0.02
1 0.5564285714285714 0.04 0.007142857142857143 0.02095238095238095
2 0.5528571428571428 0.04476190476190476 0.015 0.014285714285714285
2 0.7007142857142857 0.045714285714285714 0.011428571428571429 0.012380952380952381
1 0.7042857142857143 0.0380952380952381 0.005714285714285714 0.017142857142857144
1 0.6721428571428572 0.035238095238095235 0.007142857142857143 0.02
3 0.6507142857142857 0.12476190476190477 0.020714285714285713 0.03142857142857143
3 0.6978571428571428 0.2257142857142857 0.03857142857142857 0.05619047619047619
3 0.6214285714285714 0.31523809523809526 0.065 0.06095238095238095
3 0.6592857142857143 0.43047619047619046 0.07142857142857142 0.08476190476190476
3 0.6678571428571428 0.5047619047619047 0.08142857142857143 0.07714285714285714
3 0.6328571428571429 0.3647619047619048 0.06642857142857143 0.06761904761904762
1 0.6257142857142857 0.40285714285714286 0.011428571428571429 0.03238095238095238
1 0.5964285714285714 0.3961904761904762 0.010714285714285714 0.035238095238095235
1 0.4471428571428571 0.42857142857142855 0.010714285714285714 0.037142857142857144
1 0.40714285714285714 0.32285714285714284 0.010714285714285714 0.035238095238095235
4 0.4228571428571429 0.15333333333333332 0.010714285714285714 0.021904761904761906
2 0.4057142857142857 0.19238095238095237 0.009285714285714286 0.02
3 0.8192857142857143 0.17809523809523808 0.02642857142857143 0.040952380952380955
3 0.8771428571428571 0.1761904761904762 0.054285714285714284 0.04380952380952381
3 0.9228571428571428 0.3361904761904762 0.07571428571428572 0.05047619047619047
3 0.7742857142857142 0.11333333333333333 0.032857142857142856 0.0380952380952381
3 0.8535714285714285 0.12571428571428572 0.03642857142857143 0.04380952380952381
1 0.6492857142857142 0.0 0.005 0.013333333333333334
1 0.6414285714285715 0.0 0.005714285714285714 0.012380952380952381
3 0.6957142857142857 0.5933333333333334 0.10142857142857142 0.12285714285714286
3 0.895 0.6342857142857142 0.08 0.12095238095238095
3 0.7264285714285714 0.7266666666666667 0.13 0.16380952380952382
3 0.7764285714285715 0.9 0.12714285714285714 0.1
1 0.6342857142857142 0.8114285714285714 0.018571428571428572 0.05142857142857143
