3 0.017857142857142856 0.41333333333333333 0.11 0.05904761904761905
1 0.0014285714285714286 0.4685714285714286 0.014285714285714285 0.037142857142857144
1 0.4014285714285714 0.7857142857142857 0.019285714285714285 0.040952380952380955
1 0.42142857142857143 0.7628571428571429 0.018571428571428572 0.04380952380952381
1 0.6521428571428571 0.6342857142857142 0.015 0.04285714285714286
1 0.5364285714285715 0.2723809523809524 0.008571428571428572 0.021904761904761906
2 0.5328571428571428 0.2704761904761905 0.012142857142857143 0.03619047619047619
3 0.4207142857142857 0.018095238095238095 0.027857142857142858 0.05904761904761905
3 0.29428571428571426 0.22285714285714286 0.037142857142857144 0.07809523809523809
3 0.22357142857142856 0.23714285714285716 0.04428571428571428 0.07428571428571429
3 0.16785714285714284 0.2257142857142857 0.041428571428571426 0.06571428571428571
3 0.33714285714285713 0.21428571428571427 0.03642857142857143 0.09428571428571429
3 0.7014285714285714 0.011428571428571429 0.04857142857142857 0.054285714285714284
1 0.7071428571428572 0.01619047619047619 0.007857142857142858 0.03142857142857143
3 0.6828571428571428 0.31333333333333335 0.09785714285714285 0.06571428571428571
3 0.7 0.38571428571428573 0.08428571428571428 0.08666666666666667
8 0.7992857142857143 0.560952380952381 0.12857142857142856 0.2638095238095238
3 0.8921428571428571 0.6076190476190476 0.08785714285714286 0.12476190476190477
3 0.8428571428571429 0.8771428571428571 0.15714285714285714 0.11333333333333333
3 0.18714285714285714 0.9704761904761905 0.15571428571428572 0.029523809523809525
4 0.16857142857142857 0.17904761904761904 0.03214285714285714 0.023809523809523808
1 0.12428571428571429 0.30666666666666664 0.032857142857142856 0.03142857142857143
1 0.22428571428571428 0.1961904761904762 0.011428571428571429 0.02761904761904762
1 0.23285714285714285 0.2019047619047619 0.007142857142857143 0.015238095238095238
2 0.8142857142857143 0.32761904761904764 0.03 0.03142857142857143
1 0.8392857142857143 0.3761904761904762 0.015 0.0419047619047619
