3 0.047857142857142855 0.024111675126903553 0.037142857142857144 0.04949238578680203
3 0.0 0.07741116751269035 0.04071428571428572 0.04949238578680203
3 0.002857142857142857 0.1649746192893401 0.045 0.03553299492385787
3 0.0 0.20558375634517767 0.02857142857142857 0.02918781725888325
6 0.054285714285714284 0.1598984771573604 0.06857142857142857 0.04060913705583756
3 0.16 0.16751269035532995 0.04214285714285714 0.031725888324873094
3 0.16 0.2068527918781726 0.037142857142857144 0.02918781725888325
3 0.10357142857142858 0.21065989847715735 0.04 0.027918781725888325
3 0.04642857142857143 0.21065989847715735 0.03642857142857143 0.027918781725888325
3 0.08142857142857143 0.2398477157360406 0.04285714285714286 0.027918781725888325
3 0.020714285714285713 0.23730964467005075 0.04428571428571428 0.03426395939086294
3 0.014285714285714285 0.31725888324873097 0.04214285714285714 0.027918781725888325
3 0.03214285714285714 0.27411167512690354 0.05285714285714286 0.030456852791878174
3 0.10428571428571429 0.282994923857868 0.04071428571428572 0.0266497461928934
3 0.15357142857142858 0.24111675126903553 0.04071428571428572 0.027918781725888325
3 0.16285714285714287 0.28045685279187815 0.041428571428571426 0.027918781725888325
3 0.15928571428571428 0.3147208121827411 0.041428571428571426 0.02918781725888325
6 0.06857142857142857 0.3083756345177665 0.07142857142857142 0.03934010152284264
1 0.1992857142857143 0.03299492385786802 0.0064285714285714285 0.017766497461928935
1 0.2042857142857143 0.01903553299492386 0.0064285714285714285 0.017766497461928935
1 0.22142857142857142 0.013959390862944163 0.007857142857142858 0.017766497461928935
1 0.23142857142857143 0.013959390862944163 0.005714285714285714 0.017766497461928935
1 0.23142857142857143 0.03426395939086294 0.007142857142857143 0.017766497461928935
3 0.26357142857142857 0.866751269035533 0.02 0.07868020304568528
3 0.2692857142857143 0.7677664974619289 0.020714285714285713 0.07360406091370558
3 0.24642857142857144 0.6649746192893401 0.02857142857142857 0.06345177664974619
3 0.3 0.666243654822335 0.017857142857142856 0.07360406091370558
3 0.2892857142857143 0.8984771573604061 0.02142857142857143 0.07360406091370558
3 0.29714285714285715 0.7791878172588832 0.019285714285714285 0.07868020304568528
1 0.33 0.008883248730964468 0.005714285714285714 0.017766497461928935
1 0.31785714285714284 0.03680203045685279 0.005 0.01903553299492386
1 0.335 0.04314720812182741 0.005714285714285714 0.02030456852791878
1 0.325 0.06598984771573604 0.005 0.017766497461928935
1 0.31857142857142856 0.07233502538071065 0.004285714285714286 0.011421319796954314
1 0.31857142857142856 0.06725888324873096 0.0035714285714285713 0.01649746192893401
6 0.26857142857142857 0.3604060913705584 0.060714285714285714 0.04568527918781726
1 0.4785714285714286 0.7449238578680203 0.007857142857142858 0.015228426395939087
1 0.48 0.9809644670050761 0.007857142857142858 0.01649746192893401
1 0.47785714285714287 0.6560913705583756 0.0064285714285714285 0.012690355329949238
1 0.4742857142857143 0.6345177664974619 0.007142857142857143 0.013959390862944163
1 0.555 0.6129441624365483 0.005714285714285714 0.013959390862944163
3 0.6421428571428571 0.02918781725888325 0.016428571428571428 0.046954314720812185
3 0.6735714285714286 0.02918781725888325 0.017142857142857144 0.044416243654822336
6 0.6314285714285715 0.40482233502538073 0.06142857142857143 0.03934010152284264
1 0.6221428571428571 0.5609137055837563 0.008571428571428572 0.011421319796954314
1 0.6035714285714285 0.5774111675126904 0.007142857142857143 0.007614213197969543
1 0.6271428571428571 0.6078680203045685 0.0064285714285714285 0.008883248730964468
1 0.6214285714285714 0.6357868020304569 0.007857142857142858 0.013959390862944163
1 0.63 0.6307106598984772 0.005 0.011421319796954314
1 0.6328571428571429 0.6586294416243654 0.005 0.012690355329949238
1 0.625 0.649746192893401 0.007142857142857143 0.015228426395939087
1 0.6721428571428572 0.7233502538071066 0.005714285714285714 0.011421319796954314
3 0.6914285714285714 0.030456852791878174 0.016428571428571428 0.04568527918781726
1 0.7485714285714286 0.10406091370558376 0.005714285714285714 0.01903553299492386
1 0.7414285714285714 0.10025380710659898 0.005 0.013959390862944163
3 0.8371428571428572 0.025380710659898477 0.018571428571428572 0.05203045685279188
1 0.8485714285714285 0.025380710659898477 0.005 0.012690355329949238
3 0.8685714285714285 0.02918781725888325 0.02 0.048223350253807105
3 0.9178571428571428 0.017766497461928935 0.02142857142857143 0.05456852791878172
3 0.9807142857142858 0.021573604060913704 0.019285714285714285 0.048223350253807105
