3 0.49214285714285716 0.8071065989847716 0.030714285714285715 0.10025380710659898
3 0.5321428571428571 0.5736040609137056 0.024285714285714285 0.07487309644670051
3 0.5114285714285715 0.2703045685279188 0.015 0.03807106598984772
3 0.5178571428571429 0.07106598984771574 0.011428571428571429 0.024111675126903553
3 0.5185714285714286 0.027918781725888325 0.01 0.021573604060913704
3 0.38785714285714284 0.20304568527918782 0.012142857142857143 0.0266497461928934
3 0.39 0.09644670050761421 0.01 0.01903553299492386
3 0.5121428571428571 0.13705583756345177 0.013571428571428571 0.03934010152284264
3 0.49857142857142855 0.45050761421319796 0.02214285714285714 0.06852791878172589
3 0.31642857142857145 0.34517766497461927 0.015714285714285715 0.03807106598984772
8 0.5328571428571428 0.09771573604060914 0.02142857142857143 0.07106598984771574
4 0.39714285714285713 0.02918781725888325 0.005714285714285714 0.017766497461928935
3 0.7321428571428571 0.03807106598984772 0.022857142857142857 0.01903553299492386
3 0.039285714285714285 0.18527918781725888 0.025714285714285714 0.017766497461928935
3 0.007142857142857143 0.18274111675126903 0.025714285714285714 0.01649746192893401
3 0.11571428571428571 0.1281725888324873 0.020714285714285713 0.015228426395939087
3 0.18928571428571428 0.10279187817258884 0.017857142857142856 0.017766497461928935
3 0.3 0.024111675126903553 0.012142857142857143 0.013959390862944163
3 0.2621428571428571 0.0532994923857868 0.015714285714285715 0.017766497461928935
3 0.30642857142857144 0.027918781725888325 0.013571428571428571 0.017766497461928935
6 0.31857142857142856 0.011421319796954314 0.015 0.024111675126903553
3 0.20357142857142857 0.08375634517766498 0.016428571428571428 0.017766497461928935
1 0.06928571428571428 0.24492385786802032 0.007857142857142858 0.02030456852791878
1 0.062142857142857146 0.2512690355329949 0.005714285714285714 0.01649746192893401
1 0.07 0.22588832487309646 0.0064285714285714285 0.017766497461928935
1 0.07785714285714286 0.2296954314720812 0.005 0.01903553299492386
1 0.08142857142857143 0.22842639593908629 0.005714285714285714 0.02030456852791878
1 0.055714285714285716 0.2817258883248731 0.004285714285714286 0.01903553299492386
1 0.05857142857142857 0.282994923857868 0.005 0.01903553299492386
1 0.18928571428571428 0.19416243654822335 0.0035714285714285713 0.011421319796954314
8 0.37357142857142855 0.383248730964467 0.02857142857142857 0.12944162436548223
3 0.355 0.12436548223350254 0.01 0.024111675126903553
3 0.43357142857142855 0.0 0.0064285714285714285 0.015228426395939087
1 0.805 0.8527918781725888 0.01 0.03680203045685279
1 0.8164285714285714 0.8540609137055838 0.008571428571428572 0.03553299492385787
