1 0.3465553235908142 0.9276437847866419 0.022964509394572025 0.06679035250463822
2 0.4201461377870564 0.9230055658627088 0.09133611691022965 0.07606679035250463
4 0.36899791231732776 0.6317254174397031 0.03653444676409186 0.055658627087198514
1 0.4488517745302714 0.6094619666048238 0.020876826722338204 0.06493506493506493
1 0.4812108559498956 0.5974025974025974 0.02139874739039666 0.07050092764378478
1 0.47494780793319413 0.5612244897959183 0.018789144050104383 0.06493506493506493
1 0.5281837160751566 0.47588126159554733 0.018789144050104383 0.061224489795918366
1 0.7113778705636743 0.7031539888682746 0.02139874739039666 0.055658627087198514
1 0.7051148225469729 0.7569573283858998 0.026096033402922755 0.05473098330241188
4 0.6946764091858038 0.7142857142857143 0.04592901878914405 0.05194805194805195
4 0.6894572025052192 0.7708719851576994 0.05375782881002088 0.04638218923933209
1 0.6743215031315241 0.3320964749536178 0.01826722338204593 0.03710575139146568
1 0.6878914405010439 0.3163265306122449 0.015135699373695199 0.039888682745825604
1 0.6727557411273486 0.3172541743970315 0.014091858037578288 0.038033395176252316
1 0.69258872651357 0.34137291280148424 0.019311064718162838 0.04267161410018553
1 0.6983298538622129 0.32653061224489793 0.019311064718162838 0.04267161410018553
1 0.7098121085594989 0.3432282003710575 0.016701461377870562 0.045454545454545456
1 0.7139874739039666 0.33766233766233766 0.013569937369519834 0.06215213358070501
4 0.8956158663883089 0.36363636363636365 0.024008350730688934 0.059369202226345084
4 0.965553235908142 0.38868274582560297 0.03392484342379958 0.029684601113172542
2 0.9608559498956158 0.40166975881261596 0.038622129436325675 0.04638218923933209
