3 0.13714285714285715 0.5047619047619047 0.10642857142857143 0.15428571428571428
3 0.018571428571428572 0.4276190476190476 0.10142857142857142 0.10095238095238095
3 0.09857142857142857 0.35714285714285715 0.07642857142857143 0.07714285714285714
3 0.17714285714285713 0.3419047619047619 0.06857142857142857 0.07047619047619047
3 0.25642857142857145 0.34 0.06428571428571428 0.07714285714285714
2 0.245 0.35714285714285715 0.014285714285714285 0.03333333333333333
1 0.24857142857142858 0.34285714285714286 0.0064285714285714285 0.035238095238095235
3 0.17142857142857143 0.30095238095238097 0.065 0.058095238095238096
3 0.22214285714285714 0.25047619047619046 0.054285714285714284 0.05714285714285714
3 0.26857142857142857 0.21714285714285714 0.03785714285714286 0.04285714285714286
3 0.3007142857142857 0.18 0.037142857142857144 0.04285714285714286
3 0.33285714285714285 0.16095238095238096 0.022857142857142857 0.03238095238095238
3 0.3464285714285714 0.14761904761904762 0.02 0.018095238095238095
3 0.36357142857142855 0.14285714285714285 0.03 0.0380952380952381
3 0.3942857142857143 0.16 0.03142857142857143 0.047619047619047616
3 0.415 0.26 0.03571428571428571 0.04857142857142857
3 0.3657142857142857 0.12476190476190477 0.024285714285714285 0.022857142857142857
3 0.3821428571428571 0.11238095238095239 0.019285714285714285 0.025714285714285714
3 0.39714285714285713 0.09619047619047619 0.019285714285714285 0.022857142857142857
3 0.41285714285714287 0.08666666666666667 0.017142857142857144 0.024761904761904763
8 0.4257142857142857 0.054285714285714284 0.02 0.04
3 0.40785714285714286 0.12285714285714286 0.025 0.02761904761904762
3 0.4657142857142857 0.11142857142857143 0.017857142857142856 0.023809523809523808
3 0.44642857142857145 0.19238095238095237 0.029285714285714286 0.029523809523809525
3 0.48642857142857143 0.12571428571428572 0.019285714285714285 0.03142857142857143
3 0.5078571428571429 0.08761904761904762 0.017857142857142856 0.021904761904761906
1 0.43714285714285717 0.10476190476190476 0.007142857142857143 0.023809523809523808
4 0.44642857142857145 0.12666666666666668 0.0064285714285714285 0.013333333333333334
4 0.43642857142857144 0.13714285714285715 0.008571428571428572 0.01619047619047619
2 0.5264285714285715 0.12285714285714286 0.005714285714285714 0.012380952380952381
1 0.4357142857142857 0.12761904761904763 0.007857142857142858 0.01619047619047619
1 0.44642857142857145 0.11714285714285715 0.005714285714285714 0.01904761904761905
1 0.5264285714285715 0.11523809523809524 0.0064285714285714285 0.013333333333333334
3 0.5264285714285715 0.05333333333333334 0.012857142857142857 0.02
3 0.5028571428571429 0.054285714285714284 0.013571428571428571 0.01619047619047619
6 0.49214285714285716 0.01904761904761905 0.02214285714285714 0.030476190476190476
3 0.5357142857142857 0.035238095238095235 0.01 0.012380952380952381
3 0.5457142857142857 0.015238095238095238 0.007142857142857143 0.011428571428571429
3 0.4421428571428571 0.058095238095238096 0.015714285714285715 0.013333333333333334
3 0.4614285714285714 0.045714285714285714 0.013571428571428571 0.010476190476190476
3 0.4685714285714286 0.03428571428571429 0.010714285714285714 0.011428571428571429
3 0.475 0.02761904761904762 0.01 0.01619047619047619
3 0.4835714285714286 0.010476190476190476 0.010714285714285714 0.018095238095238095
3 0.495 0.010476190476190476 0.009285714285714286 0.009523809523809525
3 0.5171428571428571 0.006666666666666667 0.013571428571428571 0.013333333333333334
3 0.5678571428571428 0.002857142857142857 0.012142857142857143 0.015238095238095238
1 0.5628571428571428 0.017142857142857144 0.005 0.014285714285714285
1 0.5592857142857143 0.017142857142857144 0.005 0.01619047619047619
1 0.5492857142857143 0.06 0.008571428571428572 0.013333333333333334
1 0.5535714285714286 0.04 0.005714285714285714 0.014285714285714285
3 0.5664285714285714 0.02095238095238095 0.012142857142857143 0.015238095238095238
3 0.5642857142857143 0.04285714285714286 0.012857142857142857 0.008571428571428572
3 0.5592857142857143 0.06761904761904762 0.015714285714285715 0.01619047619047619
3 0.5778571428571428 0.06666666666666667 0.012857142857142857 0.010476190476190476
3 0.5757142857142857 0.08 0.015714285714285715 0.014285714285714285
3 0.5728571428571428 0.09142857142857143 0.017857142857142856 0.018095238095238095
3 0.5764285714285714 0.10095238095238095 0.039285714285714285 0.01904761904761905
3 0.5714285714285714 0.13142857142857142 0.018571428571428572 0.022857142857142857
3 0.5657142857142857 0.14952380952380953 0.020714285714285713 0.029523809523809525
3 0.5385714285714286 0.1419047619047619 0.020714285714285713 0.024761904761904763
3 0.5335714285714286 0.15904761904761905 0.022857142857142857 0.03238095238095238
3 0.5535714285714286 0.17523809523809525 0.02642857142857143 0.03333333333333333
3 0.5507142857142857 0.11523809523809524 0.02 0.021904761904761906
3 0.5185714285714286 0.21523809523809523 0.03 0.0419047619047619
3 0.4685714285714286 0.2619047619047619 0.03785714285714286 0.045714285714285714
3 0.5114285714285715 0.27714285714285714 0.035 0.05142857142857143
3 0.5671428571428572 0.2276190476190476 0.027142857142857142 0.040952380952380955
3 0.5921428571428572 0.2542857142857143 0.075 0.04285714285714286
1 0.595 0.2180952380952381 0.007857142857142858 0.02666666666666667
3 0.6085714285714285 0.20476190476190476 0.05071428571428571 0.022857142857142857
3 0.6 0.18476190476190477 0.05 0.022857142857142857
4 0.6442857142857142 0.1761904761904762 0.012857142857142857 0.02761904761904762
4 0.6378571428571429 0.16380952380952382 0.015714285714285715 0.021904761904761906
1 0.6085714285714285 0.11714285714285715 0.0064285714285714285 0.02095238095238095
1 0.6214285714285714 0.12 0.005 0.018095238095238095
1 0.6178571428571429 0.09904761904761905 0.007857142857142858 0.018095238095238095
1 0.6407142857142857 0.11619047619047619 0.005714285714285714 0.015238095238095238
4 0.6242857142857143 0.11428571428571428 0.017142857142857144 0.013333333333333334
3 0.5942857142857143 0.32571428571428573 0.03785714285714286 0.05238095238095238
3 0.47928571428571426 0.37523809523809526 0.054285714285714284 0.08476190476190476
3 0.5392857142857143 0.4076190476190476 0.04357142857142857 0.09142857142857143
3 0.4685714285714286 0.4695238095238095 0.04857142857142857 0.10571428571428572
3 0.5207142857142857 0.5019047619047619 0.06642857142857143 0.12761904761904763
3 0.44 0.5933333333333334 0.07142857142857142 0.14
3 0.5035714285714286 0.6876190476190476 0.07928571428571428 0.19142857142857142
1 0.6357142857142857 0.4342857142857143 0.010714285714285714 0.039047619047619046
1 0.6478571428571429 0.4342857142857143 0.012142857142857143 0.04857142857142857
1 0.6664285714285715 0.4419047619047619 0.016428571428571428 0.05238095238095238
4 0.6707142857142857 0.3523809523809524 0.014285714285714285 0.03619047619047619
4 0.6785714285714286 0.3438095238095238 0.018571428571428572 0.030476190476190476
2 0.6592857142857143 0.32666666666666666 0.027142857142857142 0.02761904761904762
8 0.49214285714285716 0.15904761904761905 0.037142857142857144 0.06190476190476191
