3 0.0 0.5580952380952381 0.055 0.04
3 0.095 0.5571428571428572 0.02857142857142857 0.01619047619047619
3 0.36357142857142855 0.5133333333333333 0.037142857142857144 0.03142857142857143
3 0.47785714285714287 0.5904761904761905 0.05 0.0380952380952381
3 0.4442857142857143 0.621904761904762 0.03428571428571429 0.04
3 0.4992857142857143 0.6942857142857143 0.025 0.05333333333333334
3 0.48642857142857143 0.799047619047619 0.032857142857142856 0.06571428571428571
3 0.45714285714285713 0.9114285714285715 0.03571428571428571 0.08761904761904762
3 0.6642857142857143 0.8133333333333334 0.03428571428571429 0.07714285714285714
3 0.6271428571428571 0.7447619047619047 0.035 0.07238095238095238
3 0.6642857142857143 0.7142857142857143 0.027857142857142858 0.049523809523809526
3 0.5857142857142857 0.6247619047619047 0.025714285714285714 0.04666666666666667
3 0.6507142857142857 0.6333333333333333 0.02642857142857143 0.0419047619047619
3 0.6485714285714286 0.6009523809523809 0.025714285714285714 0.0380952380952381
3 0.6435714285714286 0.5676190476190476 0.023571428571428573 0.035238095238095235
3 0.6564285714285715 0.54 0.02142857142857143 0.03238095238095238
3 0.6435714285714286 0.34285714285714286 0.017142857142857144 0.022857142857142857
