1 0.4228571428571429 0.7152380952380952 0.01 0.03619047619047619
1 0.4421428571428571 0.7142857142857143 0.01 0.03238095238095238
1 0.45285714285714285 0.5876190476190476 0.009285714285714286 0.025714285714285714
1 0.4592857142857143 0.5828571428571429 0.008571428571428572 0.02761904761904762
1 0.4542857142857143 0.5542857142857143 0.0064285714285714285 0.02761904761904762
1 0.4607142857142857 0.5552380952380952 0.005714285714285714 0.02761904761904762
1 0.41285714285714287 0.48857142857142855 0.011428571428571429 0.03142857142857143
1 0.4035714285714286 0.4857142857142857 0.011428571428571429 0.02857142857142857
1 0.3942857142857143 0.4838095238095238 0.010714285714285714 0.02666666666666667
1 0.3842857142857143 0.49142857142857144 0.01 0.03142857142857143
1 0.38142857142857145 0.48095238095238096 0.012857142857142857 0.023809523809523808
1 0.36428571428571427 0.41619047619047617 0.01 0.025714285714285714
1 0.5478571428571428 0.4666666666666667 0.0064285714285714285 0.024761904761904763
1 0.5435714285714286 0.46285714285714286 0.007857142857142858 0.025714285714285714
1 0.5378571428571428 0.4552380952380952 0.007142857142857143 0.029523809523809525
1 0.5328571428571428 0.4542857142857143 0.005 0.02857142857142857
1 0.5664285714285714 0.4533333333333333 0.007142857142857143 0.024761904761904763
1 0.565 0.439047619047619 0.007857142857142858 0.022857142857142857
3 0.3628571428571429 0.3057142857142857 0.023571428571428573 0.04
1 0.3535714285714286 0.2761904761904762 0.007142857142857143 0.02
1 0.3264285714285714 0.23047619047619047 0.005714285714285714 0.017142857142857144
2 0.37285714285714283 0.23809523809523808 0.007142857142857143 0.014285714285714285
2 0.4042857142857143 0.23047619047619047 0.018571428571428572 0.02095238095238095
1 0.3435714285714286 0.18476190476190477 0.005714285714285714 0.014285714285714285
1 0.3507142857142857 0.18095238095238095 0.005 0.01619047619047619
1 0.3457142857142857 0.16952380952380952 0.005 0.015238095238095238
1 0.3192857142857143 0.15428571428571428 0.005 0.008571428571428572
4 0.3192857142857143 0.15904761904761905 0.005714285714285714 0.008571428571428572
1 0.2907142857142857 0.21047619047619048 0.005714285714285714 0.017142857142857144
1 0.2935714285714286 0.21047619047619048 0.005 0.013333333333333334
1 0.29642857142857143 0.20952380952380953 0.0064285714285714285 0.017142857142857144
1 0.3057142857142857 0.20952380952380953 0.005714285714285714 0.017142857142857144
1 0.3092857142857143 0.20952380952380953 0.005714285714285714 0.01619047619047619
