3 0.6542857142857142 0.6733333333333333 0.11928571428571429 0.29523809523809524
3 0.09071428571428572 0.7876190476190477 0.215 0.14095238095238094
3 0.1692857142857143 0.5009523809523809 0.16214285714285714 0.09428571428571429
3 0.4664285714285714 0.7542857142857143 0.10714285714285714 0.24571428571428572
4 0.12071428571428572 0.5152380952380953 0.030714285714285715 0.0761904761904762
4 0.07857142857142857 0.5257142857142857 0.03857142857142857 0.08
2 0.09071428571428572 0.3647619047619048 0.024285714285714285 0.05333333333333334
2 0.09285714285714286 0.24 0.022857142857142857 0.04666666666666667
2 0.12642857142857142 0.24285714285714285 0.04428571428571428 0.039047619047619046
2 0.18785714285714286 0.20857142857142857 0.03 0.047619047619047616
4 0.20642857142857143 0.17333333333333334 0.027857142857142858 0.049523809523809526
4 0.21928571428571428 0.1361904761904762 0.024285714285714285 0.05142857142857143
1 0.3342857142857143 0.08 0.017142857142857144 0.05142857142857143
1 0.3171428571428571 0.06857142857142857 0.015714285714285715 0.04857142857142857
1 0.32785714285714285 0.058095238095238096 0.013571428571428571 0.049523809523809526
3 0.19 0.36 0.1407142857142857 0.07333333333333333
3 0.21285714285714286 0.29333333333333333 0.12857142857142856 0.07428571428571429
3 0.21642857142857144 0.2419047619047619 0.12 0.06571428571428571
3 0.23785714285714285 0.2 0.09928571428571428 0.05333333333333334
3 0.24214285714285713 0.15523809523809523 0.09928571428571428 0.05523809523809524
3 0.24357142857142858 0.11619047619047619 0.10857142857142857 0.058095238095238096
3 0.44571428571428573 0.3657142857142857 0.075 0.1838095238095238
3 0.6378571428571429 0.2523809523809524 0.06857142857142857 0.14095238095238094
1 0.7235714285714285 0.19142857142857142 0.019285714285714285 0.04476190476190476
1 0.7285714285714285 0.1961904761904762 0.025714285714285714 0.03619047619047619
4 0.71 0.1961904761904762 0.04214285714285714 0.04
