3 0.09 0.8504761904761905 0.03142857142857143 0.054285714285714284
3 0.22285714285714286 0.8019047619047619 0.039285714285714285 0.04
3 0.24571428571428572 0.86 0.04928571428571429 0.054285714285714284
3 0.2664285714285714 0.7647619047619048 0.045714285714285714 0.05047619047619047
3 0.36142857142857143 0.7971428571428572 0.045714285714285714 0.08571428571428572
3 0.38142857142857145 0.78 0.029285714285714286 0.05238095238095238
3 0.335 0.6628571428571428 0.03357142857142857 0.06
3 0.49 0.6857142857142857 0.041428571428571426 0.04285714285714286
1 0.4542857142857143 0.6352380952380953 0.01 0.013333333333333334
1 0.4278571428571429 0.6676190476190477 0.008571428571428572 0.012380952380952381
1 0.43642857142857144 0.6638095238095238 0.008571428571428572 0.011428571428571429
3 0.5842857142857143 0.6161904761904762 0.011428571428571429 0.017142857142857144
8 0.6364285714285715 0.6009523809523809 0.04357142857142857 0.040952380952380955
4 0.6221428571428571 0.5 0.011428571428571429 0.01904761904761905
4 0.645 0.520952380952381 0.007142857142857143 0.017142857142857144
4 0.65 0.5133333333333333 0.0064285714285714285 0.02095238095238095
3 0.6657142857142857 0.4838095238095238 0.03857142857142857 0.04857142857142857
3 0.6864285714285714 0.5009523809523809 0.03357142857142857 0.0419047619047619
3 0.6971428571428572 0.520952380952381 0.04357142857142857 0.04666666666666667
8 0.7071428571428572 0.54 0.04642857142857143 0.05142857142857143
4 0.6914285714285714 0.66 0.029285714285714286 0.023809523809523808
3 0.7464285714285714 0.49238095238095236 0.03642857142857143 0.04
2 0.7042857142857143 0.4685714285714286 0.014285714285714285 0.012380952380952381
2 0.7107142857142857 0.4580952380952381 0.017142857142857144 0.017142857142857144
3 0.7414285714285714 0.4666666666666667 0.03571428571428571 0.04
1 0.7435714285714285 0.42 0.010714285714285714 0.014285714285714285
8 0.7792857142857142 0.4228571428571429 0.04071428571428572 0.03428571428571429
3 0.7971428571428572 0.40285714285714286 0.03642857142857143 0.040952380952380955
1 0.8564285714285714 0.32666666666666666 0.010714285714285714 0.017142857142857144
1 0.8585714285714285 0.3457142857142857 0.007857142857142858 0.01619047619047619
3 0.865 0.2723809523809524 0.018571428571428572 0.0419047619047619
1 0.8564285714285714 0.28285714285714286 0.01 0.01619047619047619
1 0.9371428571428572 0.4638095238095238 0.011428571428571429 0.01619047619047619
1 0.9885714285714285 0.4685714285714286 0.010714285714285714 0.018095238095238095
3 0.9385714285714286 0.43714285714285717 0.045 0.03428571428571429
3 0.8178571428571428 0.9580952380952381 0.03357142857142857 0.0419047619047619
3 0.7057142857142857 0.9285714285714286 0.047142857142857146 0.05523809523809524
1 0.8371428571428572 0.8771428571428571 0.008571428571428572 0.008571428571428572
4 0.8592857142857143 0.8180952380952381 0.011428571428571429 0.02
4 0.8664285714285714 0.8019047619047619 0.018571428571428572 0.018095238095238095
4 0.8757142857142857 0.7980952380952381 0.017142857142857144 0.01619047619047619
2 0.8907142857142857 0.8685714285714285 0.009285714285714286 0.021904761904761906
4 0.8892857142857142 0.7771428571428571 0.024285714285714285 0.022857142857142857
