1 0.6014285714285714 0.9047619047619048 0.009285714285714286 0.018095238095238095
1 0.575 0.8542857142857143 0.007142857142857143 0.012380952380952381
1 0.6807142857142857 0.5495238095238095 0.012142857142857143 0.017142857142857144
1 0.7928571428571428 0.4380952380952381 0.011428571428571429 0.023809523809523808
1 0.7664285714285715 0.38571428571428573 0.010714285714285714 0.02
1 0.5871428571428572 0.18571428571428572 0.012142857142857143 0.01904761904761905
1 0.5821428571428572 0.17904761904761904 0.012857142857142857 0.01619047619047619
1 0.6071428571428571 0.10285714285714286 0.012857142857142857 0.025714285714285714
1 0.2357142857142857 0.022857142857142857 0.017142857142857144 0.030476190476190476
1 0.17857142857142858 0.07809523809523809 0.015714285714285715 0.02666666666666667
1 0.2307142857142857 0.1838095238095238 0.013571428571428571 0.021904761904761906
1 0.08428571428571428 0.27904761904761904 0.013571428571428571 0.02
1 0.09071428571428572 0.3028571428571429 0.015714285714285715 0.01904761904761905
4 0.21 0.022857142857142857 0.02214285714285714 0.0419047619047619
4 0.235 0.022857142857142857 0.02142857142857143 0.035238095238095235
4 0.22857142857142856 0.17714285714285713 0.02214285714285714 0.03619047619047619
4 0.011428571428571429 0.4342857142857143 0.03 0.03238095238095238
1 0.012857142857142857 0.44285714285714284 0.019285714285714285 0.01904761904761905
1 0.022857142857142857 0.4380952380952381 0.015 0.017142857142857144
1 0.04357142857142857 0.6523809523809524 0.015714285714285715 0.01904761904761905
4 0.037142857142857144 0.6504761904761904 0.030714285714285715 0.022857142857142857
4 0.245 0.5657142857142857 0.03142857142857143 0.01904761904761905
4 0.2757142857142857 0.6028571428571429 0.019285714285714285 0.04380952380952381
4 0.25642857142857145 0.6142857142857143 0.020714285714285713 0.03619047619047619
4 0.24928571428571428 0.6266666666666667 0.017857142857142856 0.035238095238095235
4 0.2292857142857143 0.6390476190476191 0.022857142857142857 0.035238095238095235
4 0.21642857142857144 0.6876190476190476 0.027857142857142858 0.03142857142857143
4 0.54 0.8590476190476191 0.027857142857142858 0.02095238095238095
4 0.6771428571428572 0.5380952380952381 0.017857142857142856 0.040952380952380955
4 0.7335714285714285 0.6 0.03428571428571429 0.018095238095238095
4 0.8528571428571429 0.5142857142857142 0.017142857142857144 0.04
4 0.75 0.4857142857142857 0.03642857142857143 0.023809523809523808
4 0.7035714285714286 0.30095238095238097 0.03428571428571429 0.022857142857142857
4 0.8171428571428572 0.36666666666666664 0.015714285714285715 0.03619047619047619
4 0.7964285714285714 0.29904761904761906 0.018571428571428572 0.0380952380952381
3 0.815 0.8942857142857142 0.07 0.10571428571428572
3 0.6985714285714286 0.8047619047619048 0.05285714285714286 0.09619047619047619
3 0.5628571428571428 0.8961904761904762 0.062142857142857146 0.10380952380952381
3 0.5142857142857142 0.6333333333333333 0.05928571428571429 0.10666666666666667
3 0.5578571428571428 0.5504761904761905 0.056428571428571425 0.0838095238095238
3 0.7535714285714286 0.64 0.047857142857142855 0.10285714285714286
3 0.7107142857142857 0.4980952380952381 0.052142857142857144 0.0980952380952381
3 0.6821428571428572 0.40285714285714286 0.04928571428571429 0.08761904761904762
3 0.605 0.36857142857142855 0.04071428571428572 0.1
3 0.6671428571428571 0.29714285714285715 0.041428571428571426 0.09142857142857143
4 0.5785714285714286 0.1761904761904762 0.02 0.037142857142857144
2 0.55 0.16952380952380952 0.02857142857142857 0.05238095238095238
3 0.5178571428571429 0.2761904761904762 0.06785714285714285 0.08095238095238096
8 0.4042857142857143 0.3333333333333333 0.07571428571428572 0.09047619047619047
8 0.2642857142857143 0.2638095238095238 0.075 0.04380952380952381
3 0.3842857142857143 0.6028571428571429 0.060714285714285714 0.09238095238095238
8 0.0 0.2619047619047619 0.08214285714285714 0.11619047619047619
