3 0.2510438413361169 0.10760667903525047 0.04279749478079332 0.04359925788497217
3 0.46085594989561585 0.06307977736549165 0.04697286012526096 0.04267161410018553
3 0.634133611691023 0.17996289424860853 0.031315240083507306 0.07328385899814471
3 0.6064718162839249 0.2922077922077922 0.02348643006263048 0.07699443413729128
3 0.5120041753653445 0.21706864564007422 0.024530271398747392 0.06307977736549165
3 0.4780793319415449 0.21057513914656772 0.024008350730688934 0.07235621521335807
3 0.453027139874739 0.22634508348794063 0.02661795407098121 0.075139146567718
3 0.4232776617954071 0.22912801484230055 0.026096033402922755 0.075139146567718
3 0.3914405010438413 0.23562152133580705 0.02348643006263048 0.07792207792207792
3 0.31315240083507306 0.3821892393320965 0.05897703549060543 0.041743970315398886
3 0.44832985386221297 0.4155844155844156 0.05375782881002088 0.04823747680890538
3 0.28549060542797494 0.2634508348794063 0.024530271398747392 0.07792207792207792
2 0.3136743215031315 0.2727272727272727 0.030271398747390398 0.07235621521335807
3 0.21085594989561587 0.3654916512059369 0.024008350730688934 0.08163265306122448
2 0.20981210855949894 0.5584415584415584 0.018789144050104383 0.0575139146567718
3 0.27505219206680587 0.5593692022263451 0.027661795407098122 0.10760667903525047
3 0.3126304801670146 0.5667903525046383 0.025052192066805846 0.09740259740259741
2 0.35177453027139877 0.5658627087198516 0.02244258872651357 0.09276437847866419
3 0.3872651356993737 0.5463821892393321 0.024530271398747392 0.08719851576994433
2 0.4144050104384134 0.5463821892393321 0.007828810020876827 0.04267161410018553
8 0.42484342379958245 0.5371057513914657 0.03549060542797495 0.10946196660482375
3 0.4953027139874739 0.5306122448979592 0.032359081419624215 0.09276437847866419
3 0.5073068893528184 0.6437847866419295 0.033402922755741124 0.11131725417439703
3 0.5741127348643006 0.512987012987013 0.03496868475991649 0.0862708719851577
3 0.6012526096033403 0.4972170686456401 0.04018789144050104 0.09276437847866419
3 0.6388308977035491 0.487012987012987 0.037578288100208766 0.08348794063079777
3 0.673277661795407 0.47959183673469385 0.04018789144050104 0.09369202226345083
2 0.2620041753653445 0.8367346938775511 0.02870563674321503 0.04730983302411874
4 0.05010438413361169 0.7606679035250464 0.021920668058455117 0.017625231910946195
