3 0.12714285714285714 0.07868020304568528 0.005714285714285714 0.011421319796954314
3 0.13214285714285715 0.1281725888324873 0.015 0.011421319796954314
8 0.03571428571428571 0.1865482233502538 0.03142857142857143 0.027918781725888325
6 0.0 0.25253807106598986 0.03785714285714286 0.048223350253807105
3 0.10142857142857142 0.2068527918781726 0.017142857142857144 0.012690355329949238
1 0.11857142857142858 0.17639593908629442 0.0035714285714285713 0.011421319796954314
3 0.3157142857142857 0.0850253807106599 0.015 0.012690355329949238
3 0.3364285714285714 0.10406091370558376 0.009285714285714286 0.015228426395939087
3 0.1992857142857143 0.24111675126903553 0.014285714285714285 0.015228426395939087
3 0.16642857142857143 0.22461928934010153 0.015714285714285715 0.012690355329949238
1 0.31785714285714284 0.03426395939086294 0.0014285714285714286 0.005076142131979695
3 0.2392857142857143 0.2550761421319797 0.016428571428571428 0.015228426395939087
3 0.2714285714285714 0.25253807106598986 0.017142857142857144 0.01903553299492386
3 0.21785714285714286 0.233502538071066 0.017142857142857144 0.01903553299492386
1 0.15642857142857142 0.25761421319796957 0.002857142857142857 0.01015228426395939
1 0.16285714285714287 0.2550761421319797 0.002857142857142857 0.008883248730964468
1 0.14714285714285713 0.27284263959390864 0.0035714285714285713 0.01015228426395939
1 0.1357142857142857 0.27284263959390864 0.005 0.011421319796954314
1 0.14214285714285715 0.27411167512690354 0.0035714285714285713 0.008883248730964468
1 0.16714285714285715 0.25888324873096447 0.002857142857142857 0.008883248730964468
1 0.1692857142857143 0.25380710659898476 0.002142857142857143 0.008883248730964468
1 0.145 0.28045685279187815 0.002857142857142857 0.006345177664974619
1 0.09214285714285714 0.3083756345177665 0.005 0.013959390862944163
3 0.12428571428571429 0.35406091370558374 0.016428571428571428 0.02284263959390863
3 0.12714285714285714 0.3819796954314721 0.017142857142857144 0.02030456852791878
3 0.11214285714285714 0.5025380710659898 0.024285714285714285 0.031725888324873094
3 0.105 0.4073604060913706 0.02 0.02030456852791878
3 0.06571428571428571 0.42385786802030456 0.017857142857142856 0.021573604060913704
3 0.08571428571428572 0.4276649746192893 0.019285714285714285 0.025380710659898477
6 0.07285714285714286 0.3553299492385787 0.045714285714285714 0.05456852791878172
6 0.115 0.3020304568527919 0.04428571428571428 0.06091370558375635
3 0.14 0.3477157360406091 0.015 0.02030456852791878
3 0.16 0.3299492385786802 0.012142857142857143 0.01903553299492386
3 0.1492857142857143 0.3286802030456853 0.015714285714285715 0.01903553299492386
8 0.1442857142857143 0.35406091370558374 0.029285714285714286 0.03553299492385787
8 0.1692857142857143 0.30710659898477155 0.027142857142857142 0.04060913705583756
3 0.30642857142857144 0.2779187817258883 0.017857142857142856 0.01649746192893401
3 0.31642857142857145 0.2715736040609137 0.016428571428571428 0.01649746192893401
3 0.31785714285714284 0.3210659898477157 0.015714285714285715 0.013959390862944163
3 0.3157142857142857 0.3096446700507614 0.017142857142857144 0.01649746192893401
3 0.32785714285714285 0.35152284263959394 0.017857142857142856 0.017766497461928935
1 0.07928571428571428 0.7474619289340102 0.005 0.015228426395939087
1 0.07785714285714286 0.748730964467005 0.004285714285714286 0.012690355329949238
3 0.024285714285714285 0.5786802030456852 0.029285714285714286 0.03553299492385787
3 0.12 0.5380710659898477 0.023571428571428573 0.03553299492385787
3 0.29928571428571427 0.3362944162436548 0.017142857142857144 0.02030456852791878
8 0.3007142857142857 0.3197969543147208 0.02642857142857143 0.0266497461928934
3 0.3385714285714286 0.3299492385786802 0.018571428571428572 0.017766497461928935
3 0.3364285714285714 0.3197969543147208 0.017142857142857144 0.015228426395939087
3 0.3514285714285714 0.3020304568527919 0.017857142857142856 0.017766497461928935
3 0.37142857142857144 0.33248730964467005 0.018571428571428572 0.01649746192893401
3 0.48214285714285715 0.4022842639593909 0.019285714285714285 0.017766497461928935
3 0.4107142857142857 0.3565989847715736 0.02 0.017766497461928935
8 0.44 0.37182741116751267 0.029285714285714286 0.030456852791878174
3 0.39571428571428574 0.2956852791878173 0.018571428571428572 0.02284263959390863
3 0.44857142857142857 0.3616751269035533 0.017857142857142856 0.015228426395939087
3 0.51 0.3401015228426396 0.020714285714285713 0.01903553299492386
8 0.5185714285714286 0.3870558375634518 0.032857142857142856 0.03553299492385787
3 0.5428571428571428 0.4276649746192893 0.022857142857142857 0.01903553299492386
3 0.5935714285714285 0.41624365482233505 0.02142857142857143 0.01903553299492386
6 0.6128571428571429 0.44289340101522845 0.030714285714285715 0.031725888324873094
3 0.6807142857142857 0.48096446700507617 0.02 0.017766497461928935
6 0.7542857142857143 0.5 0.03642857142857143 0.03426395939086294
3 0.6928571428571428 0.41751269035532995 0.02214285714285714 0.021573604060913704
3 0.7035714285714286 0.4746192893401015 0.02 0.01903553299492386
3 0.8821428571428571 0.5380710659898477 0.025714285714285714 0.02284263959390863
3 0.9214285714285714 0.5799492385786802 0.027857142857142858 0.02284263959390863
3 0.7814285714285715 0.4860406091370558 0.022857142857142857 0.024111675126903553
3 0.9628571428571429 0.5774111675126904 0.029285714285714286 0.02918781725888325
3 0.8492857142857143 0.5469543147208121 0.027857142857142858 0.027918781725888325
3 0.38357142857142856 0.9467005076142132 0.03357142857142857 0.046954314720812185
3 0.4278571428571429 0.8895939086294417 0.029285714285714286 0.04568527918781726
3 0.05071428571428571 0.30710659898477155 0.011428571428571429 0.015228426395939087
3 0.37 0.01903553299492386 0.011428571428571429 0.01015228426395939
3 0.3757142857142857 0.011421319796954314 0.011428571428571429 0.01015228426395939
3 0.38142857142857145 0.007614213197969543 0.009285714285714286 0.007614213197969543
3 0.38571428571428573 0.0025380710659898475 0.007857142857142858 0.008883248730964468
6 0.42 0.07741116751269035 0.013571428571428571 0.021573604060913704
6 0.4692857142857143 0.0 0.011428571428571429 0.013959390862944163
1 0.35428571428571426 0.21065989847715735 0.002142857142857143 0.011421319796954314
1 0.34285714285714286 0.22842639593908629 0.0035714285714285713 0.01015228426395939
1 0.3385714285714286 0.24238578680203046 0.002857142857142857 0.012690355329949238
1 0.3335714285714286 0.24238578680203046 0.002857142857142857 0.012690355329949238
1 0.38642857142857145 0.2703045685279188 0.005 0.012690355329949238
1 0.36142857142857143 0.26015228426395937 0.002857142857142857 0.011421319796954314
1 0.4207142857142857 0.2779187817258883 0.002857142857142857 0.012690355329949238
1 0.5185714285714286 0.3134517766497462 0.002857142857142857 0.011421319796954314
1 0.6014285714285714 0.33883248730964466 0.0035714285714285713 0.011421319796954314
1 0.6542857142857142 0.35786802030456855 0.0035714285714285713 0.011421319796954314
1 0.6585714285714286 0.3680203045685279 0.0035714285714285713 0.012690355329949238
1 0.69 0.3730964467005076 0.004285714285714286 0.012690355329949238
1 0.8557142857142858 0.43147208121827413 0.004285714285714286 0.01015228426395939
1 0.9228571428571428 0.4619289340101523 0.004285714285714286 0.013959390862944163
