1 0.4614285714285714 0.7106598984771574 0.020714285714285713 0.0850253807106599
1 0.8214285714285714 0.7373096446700508 0.02142857142857143 0.07106598984771574
1 0.8357142857142857 0.6954314720812182 0.017142857142857144 0.07360406091370558
1 0.8528571428571429 0.6903553299492385 0.018571428571428572 0.07868020304568528
1 0.7507142857142857 0.5152284263959391 0.016428571428571428 0.0583756345177665
1 0.6385714285714286 0.38578680203045684 0.005714285714285714 0.03426395939086294
1 0.6357142857142857 0.383248730964467 0.005714285714285714 0.03680203045685279
1 0.6928571428571428 0.282994923857868 0.008571428571428572 0.031725888324873094
1 0.5707142857142857 0.24746192893401014 0.007857142857142858 0.031725888324873094
3 0.5921428571428572 0.8401015228426396 0.06857142857142857 0.14086294416243655
3 0.5471428571428572 0.5368020304568528 0.041428571428571426 0.07741116751269035
6 0.6657142857142857 0.5380710659898477 0.14357142857142857 0.30583756345177665
6 0.7864285714285715 0.8451776649746193 0.185 0.15355329949238578
8 0.51 0.315989847715736 0.04928571428571429 0.13451776649746192
3 0.6507142857142857 0.3350253807106599 0.04857142857142857 0.03934010152284264
8 0.7 0.3020304568527919 0.06357142857142857 0.06218274111675127
4 0.6671428571428571 0.28553299492385786 0.023571428571428573 0.025380710659898477
3 0.475 0.24111675126903553 0.015 0.02284263959390863
3 0.4757142857142857 0.217005076142132 0.012857142857142857 0.024111675126903553
3 0.5228571428571429 0.22208121827411167 0.013571428571428571 0.02030456852791878
3 0.5207142857142857 0.2131979695431472 0.012142857142857143 0.021573604060913704
8 0.49714285714285716 0.19416243654822335 0.02 0.04568527918781726
8 0.4764285714285714 0.18401015228426396 0.017142857142857144 0.03807106598984772
8 0.51 0.1751269035532995 0.015714285714285715 0.03807106598984772
3 0.4521428571428571 0.20431472081218274 0.017142857142857144 0.02030456852791878
3 0.45 0.19035532994923857 0.009285714285714286 0.01903553299492386
3 0.4664285714285714 0.1865482233502538 0.009285714285714286 0.021573604060913704
3 0.4614285714285714 0.17639593908629442 0.010714285714285714 0.02284263959390863
3 0.5035714285714286 0.16878172588832488 0.008571428571428572 0.01649746192893401
3 0.5007142857142857 0.15736040609137056 0.009285714285714286 0.01649746192893401
3 0.49 0.1281725888324873 0.007142857142857143 0.012690355329949238
3 0.5092857142857142 0.1434010152284264 0.007857142857142858 0.011421319796954314
8 0.49714285714285716 0.13959390862944163 0.012142857142857143 0.031725888324873094
8 0.48642857142857143 0.10913705583756345 0.01 0.024111675126903553
3 0.48 0.1319796954314721 0.005714285714285714 0.01015228426395939
3 0.4764285714285714 0.116751269035533 0.005714285714285714 0.012690355329949238
4 0.17857142857142858 0.10152284263959391 0.015 0.027918781725888325
1 0.18142857142857144 0.09517766497461928 0.008571428571428572 0.02284263959390863
3 0.21214285714285713 0.0799492385786802 0.027857142857142858 0.03426395939086294
8 0.25642857142857145 0.05964467005076142 0.037142857142857144 0.046954314720812185
3 0.3457142857142857 0.07360406091370558 0.015 0.01649746192893401
3 0.36142857142857143 0.07233502538071065 0.008571428571428572 0.012690355329949238
3 0.3757142857142857 0.06979695431472081 0.0064285714285714285 0.011421319796954314
1 0.39357142857142857 0.28553299492385786 0.005714285714285714 0.01649746192893401
1 0.2835714285714286 0.2766497461928934 0.005 0.015228426395939087
1 0.27714285714285714 0.27284263959390864 0.0064285714285714285 0.02030456852791878
1 0.2664285714285714 0.20304568527918782 0.0035714285714285713 0.015228426395939087
1 0.3171428571428571 0.24492385786802032 0.007142857142857143 0.024111675126903553
6 0.3807142857142857 0.06091370558375635 0.011428571428571429 0.017766497461928935
3 0.3921428571428571 0.06598984771573604 0.005 0.008883248730964468
3 0.3992857142857143 0.06852791878172589 0.005 0.008883248730964468
6 0.345 0.05710659898477157 0.012857142857142857 0.021573604060913704
