1 0.42857142857142855 0.38095238095238093 0.019285714285714285 0.06
1 0.6392857142857142 0.4828571428571429 0.017142857142857144 0.06666666666666667
1 0.30714285714285716 0.18761904761904763 0.017142857142857144 0.05904761904761905
1 0.02 0.3914285714285714 0.032857142857142856 0.06285714285714286
1 0.0 0.37523809523809526 0.03142857142857143 0.06285714285714286
1 0.0 0.42095238095238097 0.02142857142857143 0.04380952380952381
1 0.12142857142857143 0.1438095238095238 0.020714285714285713 0.04380952380952381
3 0.0 0.7771428571428571 0.065 0.22285714285714286
3 0.023571428571428573 0.8647619047619047 0.12714285714285714 0.13523809523809524
3 0.7078571428571429 0.7238095238095238 0.13642857142857143 0.2714285714285714
3 0.21214285714285713 0.7038095238095238 0.11214285714285714 0.2914285714285714
3 0.07785714285714286 0.5933333333333334 0.14214285714285715 0.2438095238095238
3 0.6678571428571428 0.5266666666666666 0.09857142857142857 0.16476190476190475
3 0.5114285714285715 0.47619047619047616 0.07357142857142857 0.17523809523809525
3 0.3078571428571429 0.44476190476190475 0.10142857142857142 0.19523809523809524
3 0.08357142857142857 0.3323809523809524 0.13357142857142856 0.12095238095238095
1 0.21571428571428572 0.36095238095238097 0.025714285714285714 0.04857142857142857
3 0.055714285714285716 0.3 0.1442857142857143 0.10857142857142857
3 0.02857142857142857 0.26666666666666666 0.13428571428571429 0.09142857142857143
3 0.02 0.2342857142857143 0.09642857142857143 0.08761904761904762
3 0.2978571428571429 0.2914285714285714 0.06142857142857143 0.12666666666666668
3 0.5607142857142857 0.2838095238095238 0.06571428571428571 0.10476190476190476
3 0.6485714285714286 0.2904761904761905 0.06928571428571428 0.10952380952380952
3 0.7664285714285715 0.30666666666666664 0.06357142857142857 0.11619047619047619
3 0.9142857142857143 0.27904761904761904 0.08571428571428572 0.11523809523809524
3 0.9485714285714286 0.259047619047619 0.05142857142857143 0.07333333333333333
3 0.8414285714285714 0.17904761904761904 0.12285714285714286 0.08571428571428572
3 0.6385714285714286 0.03428571428571429 0.11857142857142858 0.08476190476190476
3 0.5257142857142857 0.05142857142857143 0.07357142857142857 0.05904761904761905
3 0.18785714285714286 0.05238095238095238 0.09642857142857143 0.06095238095238095
3 0.9371428571428572 0.07714285714285714 0.06285714285714286 0.047619047619047616
3 0.8357142857142857 0.07523809523809524 0.09357142857142857 0.05142857142857143
3 0.4257142857142857 0.06095238095238095 0.08 0.049523809523809526
3 0.31857142857142856 0.06 0.08357142857142857 0.04857142857142857
3 0.09714285714285714 0.054285714285714284 0.08357142857142857 0.05047619047619047
3 0.7421428571428571 0.21333333333333335 0.08857142857142856 0.06666666666666667
8 0.82 0.10952380952380952 0.13428571428571429 0.06761904761904762
1 0.9042857142857142 0.09428571428571429 0.011428571428571429 0.037142857142857144
1 0.9085714285714286 0.09619047619047619 0.012142857142857143 0.04476190476190476
