1 0.452 0.9233333333333333 0.016 0.034666666666666665
4 0.54 0.832 0.0165 0.05466666666666667
1 0.5415 0.8573333333333333 0.014 0.022
1 0.5395 0.8366666666666667 0.017 0.026
8 0.5775 0.712 0.0915 0.10866666666666666
3 0.5525 0.64 0.043 0.08933333333333333
1 0.4675 0.7893333333333333 0.013 0.04066666666666666
8 0.3975 0.83 0.058 0.17
8 0.417 0.6853333333333333 0.0425 0.13133333333333333
4 0.53 0.6166666666666667 0.0105 0.03333333333333333
1 0.5305 0.616 0.0115 0.02
1 0.4645 0.6106666666666667 0.0105 0.03333333333333333
1 0.454 0.61 0.011 0.03666666666666667
4 0.4195 0.6026666666666667 0.0165 0.034666666666666665
1 0.426 0.578 0.0105 0.021333333333333333
3 0.48 0.504 0.03 0.059333333333333335
1 0.5385 0.5126666666666667 0.013 0.028666666666666667
8 0.517 0.4613333333333333 0.0325 0.064
1 0.4495 0.496 0.0105 0.02666666666666667
4 0.448 0.5013333333333333 0.012 0.026
3 0.369 0.48533333333333334 0.0695 0.050666666666666665
1 0.4585 0.464 0.007 0.026
1 0.4705 0.4633333333333333 0.0095 0.02
4 0.47 0.4693333333333333 0.0095 0.024
3 0.432 0.436 0.027 0.04933333333333333
4 0.4545 0.422 0.009 0.020666666666666667
1 0.4545 0.41733333333333333 0.0095 0.022
1 0.4355 0.4073333333333333 0.006 0.025333333333333333
1 0.426 0.41333333333333333 0.0085 0.020666666666666667
8 0.397 0.396 0.0535 0.034
4 0.5015 0.4206666666666667 0.008 0.02266666666666667
1 0.503 0.4246666666666667 0.0065 0.014666666666666666
1 0.5015 0.418 0.008 0.016
3 0.3905 0.35533333333333333 0.023 0.036
4 0.459 0.36666666666666664 0.007 0.019333333333333334
1 0.4595 0.3626666666666667 0.0075 0.02
2 0.49 0.364 0.006 0.018
1 0.49 0.35933333333333334 0.007 0.02
1 0.5095 0.38266666666666665 0.0055 0.026
1 0.509 0.38 0.0065 0.024666666666666667
8 0.5065 0.3393333333333333 0.0205 0.038
1 0.4285 0.358 0.008 0.014666666666666666
1 0.433 0.344 0.005 0.016666666666666666
3 0.436 0.312 0.018 0.029333333333333333
1 0.454 0.30466666666666664 0.004 0.014
1 0.4565 0.29933333333333334 0.005 0.019333333333333334
2 0.469 0.2986666666666667 0.0095 0.017333333333333333
1 0.4705 0.296 0.005 0.01
4 0.481 0.2946666666666667 0.0065 0.015333333333333332
1 0.4815 0.292 0.0065 0.014666666666666666
3 0.4885 0.286 0.0155 0.020666666666666667
3 0.4375 0.29133333333333333 0.0165 0.025333333333333333
1 0.4835 0.27 0.0055 0.018666666666666668
1 0.481 0.25933333333333336 0.005 0.014666666666666666
1 0.4995 0.26866666666666666 0.007 0.020666666666666667
2 0.3895 0.3486666666666667 0.014 0.017333333333333333
1 0.3965 0.30666666666666664 0.006 0.019333333333333334
1 0.399 0.30466666666666664 0.0065 0.018666666666666668
1 0.4035 0.30333333333333334 0.008 0.020666666666666667
3 0.462 0.254 0.014 0.021333333333333333
4 0.4455 0.25933333333333336 0.005 0.014
1 0.445 0.25733333333333336 0.0065 0.014
1 0.4905 0.23533333333333334 0.0045 0.015333333333333332
1 0.48 0.21733333333333332 0.0055 0.015333333333333332
3 0.4455 0.166 0.009 0.012
3 0.4115 0.24 0.013 0.024
3 0.4125 0.218 0.0125 0.022
3 0.4205 0.20133333333333334 0.011 0.019333333333333334
3 0.4065 0.19266666666666668 0.0215 0.018666666666666668
3 0.401 0.186 0.0195 0.016
3 0.3865 0.18 0.022 0.012666666666666666
3 0.3675 0.19066666666666668 0.02 0.012
3 0.36 0.18333333333333332 0.021 0.012666666666666666
6 0.471 0.16266666666666665 0.013 0.016
3 0.501 0.17666666666666667 0.023 0.012
3 0.5345 0.18 0.0135 0.012666666666666666
3 0.5065 0.23466666666666666 0.012 0.021333333333333333
3 0.4935 0.212 0.018 0.018
3 0.451 0.148 0.009 0.012
3 0.471 0.144 0.0085 0.009333333333333334
