1 0.6978571428571428 0.8419047619047619 0.035 0.07428571428571429
4 0.6685714285714286 0.8628571428571429 0.07857142857142857 0.07238095238095238
2 0.3221428571428571 0.7923809523809524 0.07214285714285715 0.05619047619047619
1 0.3407142857142857 0.7647619047619048 0.03214285714285714 0.09714285714285714
1 0.15714285714285714 0.5666666666666667 0.025714285714285714 0.06666666666666667
1 0.42857142857142855 0.6428571428571429 0.027142857142857142 0.08
3 0.04357142857142857 0.5285714285714286 0.12357142857142857 0.09619047619047619
3 0.12071428571428572 0.4666666666666667 0.08071428571428571 0.06190476190476191
3 0.23642857142857143 0.41619047619047617 0.06642857142857143 0.047619047619047616
3 0.09428571428571429 0.42857142857142855 0.08571428571428572 0.05619047619047619
3 0.027857142857142858 0.3914285714285714 0.09785714285714285 0.05333333333333334
3 0.11142857142857143 0.3961904761904762 0.07 0.04380952380952381
1 0.065 0.3838095238095238 0.018571428571428572 0.04666666666666667
3 0.36428571428571427 0.35904761904761906 0.04214285714285714 0.035238095238095235
3 0.8735714285714286 0.4847619047619048 0.11 0.05333333333333334
3 0.94 0.41904761904761906 0.05857142857142857 0.045714285714285714
3 0.8985714285714286 0.40190476190476193 0.065 0.05142857142857143
3 0.7685714285714286 0.35714285714285715 0.047142857142857146 0.040952380952380955
3 0.7414285714285714 0.3495238095238095 0.039285714285714285 0.040952380952380955
3 0.7021428571428572 0.3495238095238095 0.047142857142857146 0.030476190476190476
3 0.6721428571428572 0.3438095238095238 0.07 0.037142857142857144
3 0.6757142857142857 0.3314285714285714 0.05928571428571429 0.03428571428571429
3 0.6671428571428571 0.32666666666666666 0.062142857142857146 0.02857142857142857
3 0.6664285714285715 0.32095238095238093 0.055714285714285716 0.03238095238095238
3 0.6557142857142857 0.29714285714285715 0.04357142857142857 0.022857142857142857
3 0.6607142857142857 0.2876190476190476 0.03214285714285714 0.017142857142857144
3 0.6642857142857143 0.28095238095238095 0.03142857142857143 0.021904761904761906
1 0.6535714285714286 0.3419047619047619 0.0064285714285714285 0.01904761904761905
1 0.6492857142857142 0.3342857142857143 0.007142857142857143 0.025714285714285714
1 0.6335714285714286 0.2904761904761905 0.007857142857142858 0.02
1 0.6221428571428571 0.29333333333333333 0.005714285714285714 0.02095238095238095
1 0.6157142857142858 0.2980952380952381 0.005 0.02095238095238095
1 0.6121428571428571 0.2980952380952381 0.005714285714285714 0.02095238095238095
1 0.6414285714285715 0.26666666666666666 0.0064285714285714285 0.02
1 0.6214285714285714 0.28 0.005 0.014285714285714285
1 0.6185714285714285 0.2780952380952381 0.004285714285714286 0.017142857142857144
1 0.5828571428571429 0.2733333333333333 0.007142857142857143 0.018095238095238095
1 0.5157142857142857 0.3980952380952381 0.012142857142857143 0.03619047619047619
1 0.5792857142857143 0.2561904761904762 0.004285714285714286 0.008571428571428572
1 0.5921428571428572 0.2523809523809524 0.002857142857142857 0.009523809523809525
1 0.6121428571428571 0.2638095238095238 0.005714285714285714 0.009523809523809525
1 0.6042857142857143 0.2419047619047619 0.0035714285714285713 0.008571428571428572
4 0.5792857142857143 0.26 0.005 0.009523809523809525
4 0.5921428571428572 0.2571428571428571 0.0035714285714285713 0.007619047619047619
2 0.6128571428571429 0.2704761904761905 0.0064285714285714285 0.008571428571428572
4 0.6035714285714285 0.24571428571428572 0.005714285714285714 0.006666666666666667
1 0.6171428571428571 0.25047619047619046 0.0035714285714285713 0.012380952380952381
1 0.6164285714285714 0.24666666666666667 0.0035714285714285713 0.012380952380952381
1 0.6235714285714286 0.24857142857142858 0.002857142857142857 0.011428571428571429
1 0.6214285714285714 0.24857142857142858 0.004285714285714286 0.011428571428571429
1 0.6128571428571429 0.23333333333333334 0.0035714285714285713 0.009523809523809525
1 0.5907142857142857 0.23142857142857143 0.004285714285714286 0.010476190476190476
1 0.6185714285714285 0.2342857142857143 0.004285714285714286 0.011428571428571429
1 0.6178571428571429 0.22952380952380952 0.004285714285714286 0.010476190476190476
1 0.6242857142857143 0.2276190476190476 0.0035714285714285713 0.010476190476190476
3 0.5992857142857143 0.23238095238095238 0.009285714285714286 0.012380952380952381
3 0.6242857142857143 0.24 0.012142857142857143 0.014285714285714285
3 0.6271428571428571 0.2361904761904762 0.008571428571428572 0.013333333333333334
3 0.5892857142857143 0.21714285714285714 0.007142857142857143 0.007619047619047619
3 0.4064285714285714 0.29523809523809524 0.027857142857142858 0.021904761904761906
3 0.43357142857142855 0.2819047619047619 0.022857142857142857 0.017142857142857144
3 0.455 0.2733333333333333 0.02 0.015238095238095238
3 0.4657142857142857 0.26571428571428574 0.017142857142857144 0.017142857142857144
3 0.47785714285714287 0.2619047619047619 0.016428571428571428 0.013333333333333334
3 0.48928571428571427 0.2561904761904762 0.015 0.013333333333333334
3 0.4957142857142857 0.25142857142857145 0.015 0.011428571428571429
3 0.5021428571428571 0.24666666666666667 0.012142857142857143 0.013333333333333334
3 0.5078571428571429 0.2419047619047619 0.013571428571428571 0.012380952380952381
3 0.52 0.24095238095238095 0.009285714285714286 0.009523809523809525
3 0.5285714285714286 0.2361904761904762 0.010714285714285714 0.009523809523809525
3 0.3985714285714286 0.2866666666666667 0.02142857142857143 0.02
3 0.42 0.2761904761904762 0.02142857142857143 0.02
3 0.435 0.26476190476190475 0.019285714285714285 0.01904761904761905
3 0.4521428571428571 0.26285714285714284 0.017857142857142856 0.017142857142857144
3 0.44142857142857145 0.2580952380952381 0.014285714285714285 0.013333333333333334
3 0.4521428571428571 0.2542857142857143 0.013571428571428571 0.011428571428571429
3 0.4614285714285714 0.2561904761904762 0.017142857142857144 0.013333333333333334
3 0.47285714285714286 0.2523809523809524 0.013571428571428571 0.012380952380952381
3 0.48142857142857143 0.25047619047619046 0.012857142857142857 0.013333333333333334
3 0.48642857142857143 0.24571428571428572 0.013571428571428571 0.012380952380952381
6 0.4564285714285714 0.2342857142857143 0.030714285714285715 0.02666666666666667
6 0.39714285714285713 0.25047619047619046 0.045714285714285714 0.037142857142857144
1 0.45357142857142857 0.23523809523809525 0.005714285714285714 0.007619047619047619
1 0.48428571428571426 0.2361904761904762 0.0035714285714285713 0.010476190476190476
3 0.37 0.2838095238095238 0.027857142857142858 0.022857142857142857
3 0.3364285714285714 0.29333333333333333 0.030714285714285715 0.023809523809523808
3 0.37357142857142855 0.3076190476190476 0.030714285714285715 0.02666666666666667
3 0.33285714285714285 0.32857142857142857 0.04 0.02857142857142857
3 0.3335714285714286 0.31142857142857144 0.03357142857142857 0.024761904761904763
3 0.2742857142857143 0.32285714285714284 0.035 0.024761904761904763
3 0.28714285714285714 0.3295238095238095 0.039285714285714285 0.03238095238095238
3 0.245 0.3676190476190476 0.05714285714285714 0.04
3 0.18642857142857142 0.3495238095238095 0.045 0.03619047619047619
3 0.20357142857142857 0.35619047619047617 0.06142857142857143 0.04476190476190476
1 0.1692857142857143 0.3504761904761905 0.010714285714285714 0.025714285714285714
1 0.18714285714285714 0.3476190476190476 0.011428571428571429 0.02666666666666667
1 0.2007142857142857 0.34 0.008571428571428572 0.021904761904761906
2 0.1657142857142857 0.36 0.019285714285714285 0.02
2 0.185 0.35619047619047617 0.015714285714285715 0.013333333333333334
4 0.19642857142857142 0.3476190476190476 0.023571428571428573 0.014285714285714285
1 0.25642857142857145 0.2980952380952381 0.010714285714285714 0.02761904761904762
1 0.3385714285714286 0.26857142857142857 0.01 0.013333333333333334
8 0.275 0.26095238095238094 0.055714285714285716 0.03428571428571429
8 0.375 0.23809523809523808 0.03214285714285714 0.02857142857142857
3 0.42714285714285716 0.30857142857142855 0.03214285714285714 0.022857142857142857
1 0.3792857142857143 0.38 0.010714285714285714 0.039047619047619046
1 0.43785714285714283 0.3580952380952381 0.007857142857142858 0.02666666666666667
1 0.4328571428571429 0.3523809523809524 0.007142857142857143 0.02666666666666667
1 0.43857142857142856 0.3504761904761905 0.007857142857142858 0.02761904761904762
1 0.4742857142857143 0.34095238095238095 0.007857142857142858 0.02857142857142857
2 0.4642857142857143 0.3523809523809524 0.02142857142857143 0.015238095238095238
8 0.4692857142857143 0.3657142857142857 0.04071428571428572 0.05047619047619047
3 0.48428571428571426 0.34 0.047857142857142855 0.0380952380952381
3 0.5092857142857142 0.32571428571428573 0.045 0.03428571428571429
8 0.5071428571428571 0.3047619047619048 0.03357142857142857 0.0419047619047619
8 0.49142857142857144 0.23238095238095238 0.017857142857142856 0.01904761904761905
1 0.48928571428571427 0.23714285714285716 0.002857142857142857 0.006666666666666667
4 0.4878571428571429 0.23809523809523808 0.005714285714285714 0.004761904761904762
1 0.4907142857142857 0.23523809523809525 0.002142857142857143 0.007619047619047619
3 0.5071428571428571 0.24 0.008571428571428572 0.009523809523809525
3 0.5121428571428571 0.23714285714285716 0.008571428571428572 0.009523809523809525
3 0.5171428571428571 0.23523809523809525 0.0064285714285714285 0.011428571428571429
