3 0.18428571428571427 0.6561904761904762 0.06714285714285714 0.17238095238095238
3 0.21 0.4723809523809524 0.05857142857142857 0.14476190476190476
3 0.33714285714285713 0.4095238095238095 0.055714285714285716 0.15619047619047619
3 0.23857142857142857 0.15904761904761905 0.054285714285714284 0.11714285714285715
1 0.04428571428571428 0.47714285714285715 0.03571428571428571 0.02857142857142857
1 0.2985714285714286 0.31523809523809526 0.019285714285714285 0.03142857142857143
2 0.30214285714285716 0.31333333333333335 0.013571428571428571 0.05238095238095238
2 0.0 0.5276190476190477 0.027142857142857142 0.014285714285714285
3 0.7292857142857143 0.7847619047619048 0.06428571428571428 0.18
3 0.715 0.5838095238095238 0.06 0.15142857142857144
3 0.7 0.4076190476190476 0.05928571428571429 0.14476190476190476
3 0.7757142857142857 0.4847619047619048 0.06142857142857143 0.16285714285714287
3 0.7928571428571428 0.6619047619047619 0.065 0.14095238095238094
3 0.9407142857142857 0.38095238095238093 0.05928571428571429 0.06952380952380953
1 0.7735714285714286 0.32285714285714284 0.022857142857142857 0.035238095238095235
1 0.7914285714285715 0.3161904761904762 0.017857142857142856 0.03619047619047619
1 0.8842857142857142 0.7533333333333333 0.030714285714285715 0.021904761904761906
1 0.6635714285714286 0.6 0.019285714285714285 0.02857142857142857
2 0.6657142857142857 0.5857142857142857 0.013571428571428571 0.05904761904761905
3 0.15571428571428572 0.8752380952380953 0.08285714285714285 0.12380952380952381
