3 0.8021428571428572 0.3426395939086294 0.054285714285714284 0.10279187817258884
3 0.7821428571428571 0.013959390862944163 0.039285714285714285 0.06091370558375635
8 0.8214285714285714 0.19923857868020303 0.08 0.14974619289340102
3 0.9514285714285714 0.4200507614213198 0.04857142857142857 0.1116751269035533
8 0.9178571428571428 0.0012690355329949238 0.08214285714285714 0.09263959390862944
1 0.385 0.9251269035532995 0.015714285714285715 0.03426395939086294
1 0.5842857142857143 0.8794416243654822 0.009285714285714286 0.021573604060913704
1 0.58 0.8629441624365483 0.015714285714285715 0.01649746192893401
1 0.5978571428571429 0.7436548223350253 0.009285714285714286 0.02918781725888325
1 0.6057142857142858 0.7728426395939086 0.01 0.01903553299492386
1 0.5542857142857143 0.616751269035533 0.025714285714285714 0.021573604060913704
1 0.5642857142857143 0.6078680203045685 0.0064285714285714285 0.011421319796954314
1 0.395 0.5888324873096447 0.012142857142857143 0.03680203045685279
1 0.6878571428571428 0.3946700507614213 0.008571428571428572 0.031725888324873094
1 0.6935714285714286 0.3934010152284264 0.008571428571428572 0.031725888324873094
1 0.6721428571428572 0.28553299492385786 0.005714285714285714 0.02918781725888325
1 0.6778571428571428 0.28426395939086296 0.007142857142857143 0.030456852791878174
1 0.41 0.42385786802030456 0.009285714285714286 0.030456852791878174
1 0.40785714285714286 0.40482233502538073 0.007857142857142858 0.025380710659898477
1 0.44857142857142857 0.3147208121827411 0.009285714285714286 0.03807106598984772
1 0.4542857142857143 0.315989847715736 0.007142857142857143 0.03426395939086294
1 0.5542857142857143 0.47715736040609136 0.010714285714285714 0.01903553299492386
1 0.5585714285714286 0.46573604060913704 0.007857142857142858 0.01649746192893401
1 0.5328571428571428 0.2182741116751269 0.012142857142857143 0.017766497461928935
1 0.5235714285714286 0.21446700507614214 0.010714285714285714 0.01649746192893401
1 0.46785714285714286 0.282994923857868 0.008571428571428572 0.021573604060913704
1 0.4692857142857143 0.2639593908629442 0.005714285714285714 0.027918781725888325
1 0.4657142857142857 0.26903553299492383 0.005 0.021573604060913704
1 0.4492857142857143 0.20304568527918782 0.008571428571428572 0.03553299492385787
1 0.44571428571428573 0.2068527918781726 0.0064285714285714285 0.031725888324873094
1 0.4235714285714286 0.23096446700507614 0.013571428571428571 0.01903553299492386
1 0.41714285714285715 0.14213197969543148 0.0064285714285714285 0.02284263959390863
1 0.4157142857142857 0.15101522842639595 0.008571428571428572 0.030456852791878174
1 0.4278571428571429 0.012690355329949238 0.0064285714285714285 0.027918781725888325
1 0.44857142857142857 0.005076142131979695 0.005714285714285714 0.0266497461928934
1 0.45285714285714285 0.0025380710659898475 0.0064285714285714285 0.030456852791878174
1 0.5535714285714286 0.07233502538071065 0.01 0.017766497461928935
1 0.7364285714285714 0.4746192893401015 0.014285714285714285 0.017766497461928935
1 0.6135714285714285 0.07233502538071065 0.008571428571428572 0.025380710659898477
1 0.7164285714285714 0.34390862944162437 0.008571428571428572 0.02284263959390863
1 0.7064285714285714 0.3413705583756345 0.017142857142857144 0.01903553299492386
1 0.7035714285714286 0.33248730964467005 0.015714285714285715 0.02030456852791878
