1 0.27 0.7142857142857143 0.017857142857142856 0.021904761904761906
3 0.35 0.96 0.04071428571428572 0.03619047619047619
4 0.5214285714285715 0.8561904761904762 0.03571428571428571 0.05523809523809524
1 0.3985714285714286 0.6542857142857142 0.007857142857142858 0.013333333333333334
4 0.765 0.1761904761904762 0.014285714285714285 0.018095238095238095
4 0.7942857142857143 0.18476190476190477 0.018571428571428572 0.013333333333333334
1 0.8364285714285714 0.26095238095238094 0.005714285714285714 0.02095238095238095
1 0.8435714285714285 0.25523809523809526 0.005 0.022857142857142857
3 0.7821428571428571 0.7619047619047619 0.08928571428571429 0.12571428571428572
3 0.7807142857142857 0.9057142857142857 0.08571428571428572 0.09428571428571429
3 0.9292857142857143 0.659047619047619 0.07071428571428572 0.10761904761904761
3 0.9242857142857143 0.5704761904761905 0.06928571428571428 0.09619047619047619
3 0.9657142857142857 0.20761904761904762 0.032857142857142856 0.06
4 0.9357142857142857 0.22952380952380952 0.017857142857142856 0.017142857142857144
4 0.9364285714285714 0.22 0.02 0.02
3 0.8507142857142858 0.08761904761904762 0.05142857142857143 0.047619047619047616
3 0.8664285714285714 0.07142857142857142 0.05 0.040952380952380955
3 0.9707142857142858 0.040952380952380955 0.02857142857142857 0.025714285714285714
