6 0.7042857142857143 0.8324873096446701 0.04285714285714286 0.11294416243654823
4 0.7392857142857143 0.9631979695431472 0.009285714285714286 0.021573604060913704
3 0.725 0.8020304568527918 0.024285714285714285 0.031725888324873094
6 0.6535714285714286 0.7258883248730964 0.055714285714285716 0.0799492385786802
6 0.7592857142857142 0.7842639593908629 0.06357142857142857 0.08883248730964467
3 0.8114285714285714 0.8362944162436549 0.015 0.021573604060913704
8 0.795 0.7804568527918782 0.03428571428571429 0.0532994923857868
3 0.8164285714285714 0.7931472081218274 0.017857142857142856 0.024111675126903553
3 0.7814285714285715 0.7588832487309645 0.02 0.0266497461928934
3 0.7464285714285714 0.7246192893401016 0.02214285714285714 0.030456852791878174
8 0.7035714285714286 0.7081218274111675 0.03357142857142857 0.0532994923857868
3 0.7964285714285714 0.7195431472081218 0.019285714285714285 0.017766497461928935
3 0.9592857142857143 0.8109137055837563 0.013571428571428571 0.03299492385786802
3 0.9414285714285714 0.800761421319797 0.015714285714285715 0.03426395939086294
3 0.9535714285714286 0.7626903553299492 0.015 0.03299492385786802
3 0.9678571428571429 0.7741116751269036 0.015714285714285715 0.031725888324873094
6 0.9778571428571429 0.7271573604060914 0.02142857142857143 0.046954314720812185
3 0.8378571428571429 0.9200507614213198 0.029285714285714286 0.03680203045685279
6 0.8342857142857143 0.9467005076142132 0.06142857142857143 0.05203045685279188
3 0.5635714285714286 0.6357868020304569 0.02 0.024111675126903553
3 0.6857142857142857 0.6484771573604061 0.02142857142857143 0.030456852791878174
8 0.6607142857142857 0.6243654822335025 0.025714285714285714 0.03680203045685279
3 0.6392857142857142 0.6078680203045685 0.019285714285714285 0.025380710659898477
3 0.4942857142857143 0.5444162436548223 0.017142857142857144 0.02284263959390863
3 0.5414285714285715 0.5126903553299492 0.017142857142857144 0.027918781725888325
3 0.4907142857142857 0.4467005076142132 0.015714285714285715 0.025380710659898477
3 0.7235714285714285 0.3756345177664975 0.012142857142857143 0.01903553299492386
3 0.7085714285714285 0.366751269035533 0.014285714285714285 0.017766497461928935
3 0.7207142857142858 0.3553299492385787 0.012857142857142857 0.017766497461928935
3 0.7321428571428571 0.3464467005076142 0.011428571428571429 0.01649746192893401
6 0.7414285714285714 0.2715736040609137 0.02857142857142857 0.03934010152284264
6 0.7321428571428571 0.2626903553299492 0.027142857142857142 0.03934010152284264
6 0.6864285714285714 0.22461928934010153 0.03 0.04060913705583756
3 0.6871428571428572 0.16751269035532995 0.012857142857142857 0.01649746192893401
8 0.6985714285714286 0.15228426395939088 0.016428571428571428 0.0266497461928934
3 0.7128571428571429 0.17893401015228427 0.014285714285714285 0.01903553299492386
3 0.7157142857142857 0.17258883248730963 0.011428571428571429 0.01649746192893401
8 0.725 0.17385786802030456 0.019285714285714285 0.027918781725888325
3 0.7414285714285714 0.20304568527918782 0.015 0.02030456852791878
3 0.745 0.19923857868020303 0.013571428571428571 0.01649746192893401
3 0.4614285714285714 0.13071065989847716 0.012857142857142857 0.013959390862944163
8 0.4707142857142857 0.11421319796954314 0.017857142857142856 0.021573604060913704
3 0.24071428571428571 0.06218274111675127 0.014285714285714285 0.012690355329949238
3 0.245 0.1116751269035533 0.01 0.01649746192893401
3 0.24642857142857144 0.1281725888324873 0.009285714285714286 0.012690355329949238
3 0.2757142857142857 0.16878172588832488 0.010714285714285714 0.015228426395939087
3 0.25285714285714284 0.18908629441624367 0.01 0.012690355329949238
3 0.2814285714285714 0.19289340101522842 0.010714285714285714 0.015228426395939087
3 0.29642857142857143 0.20050761421319796 0.011428571428571429 0.015228426395939087
6 0.27714285714285714 0.23477157360406092 0.015 0.0266497461928934
3 0.3 0.26649746192893403 0.009285714285714286 0.013959390862944163
3 0.315 0.2766497461928934 0.012857142857142857 0.015228426395939087
3 0.33 0.3020304568527919 0.012142857142857143 0.01903553299492386
3 0.21071428571428572 0.5088832487309645 0.01 0.021573604060913704
