2 0.19071428571428573 0.3961904761904762 0.008571428571428572 0.0038095238095238095
2 0.18785714285714286 0.41714285714285715 0.0064285714285714285 0.002857142857142857
2 0.18571428571428572 0.4228571428571429 0.008571428571428572 0.002857142857142857
2 0.185 0.4276190476190476 0.007857142857142858 0.002857142857142857
3 0.0 0.560952380952381 0.012142857142857143 0.03238095238095238
3 0.007142857142857143 0.5619047619047619 0.019285714285714285 0.03238095238095238
3 0.022857142857142857 0.5619047619047619 0.017857142857142856 0.030476190476190476
3 0.09 0.560952380952381 0.017142857142857144 0.030476190476190476
3 0.07857142857142857 0.559047619047619 0.015714285714285715 0.03238095238095238
3 0.10571428571428572 0.5619047619047619 0.015714285714285715 0.029523809523809525
3 0.13142857142857142 0.559047619047619 0.016428571428571428 0.03333333333333333
3 0.14357142857142857 0.5619047619047619 0.016428571428571428 0.030476190476190476
3 0.0064285714285714285 0.62 0.03142857142857143 0.01619047619047619
3 0.04428571428571428 0.621904761904762 0.02857142857142857 0.015238095238095238
3 0.07857142857142857 0.6228571428571429 0.022857142857142857 0.013333333333333334
4 0.09642857142857143 0.659047619047619 0.011428571428571429 0.005714285714285714
3 0.23357142857142857 0.6371428571428571 0.024285714285714285 0.02
2 0.17357142857142857 0.5009523809523809 0.008571428571428572 0.002857142857142857
2 0.175 0.5047619047619047 0.007857142857142858 0.0038095238095238095
2 0.18071428571428572 0.46 0.007142857142857143 0.002857142857142857
2 0.17857142857142858 0.4676190476190476 0.007142857142857143 0.002857142857142857
2 0.17785714285714285 0.47619047619047616 0.007142857142857143 0.0009523809523809524
2 0.17642857142857143 0.47904761904761906 0.007142857142857143 0.002857142857142857
2 0.1757142857142857 0.4828571428571429 0.007142857142857143 0.002857142857142857
2 0.185 0.43238095238095237 0.0064285714285714285 0.002857142857142857
4 0.18928571428571428 0.4057142857142857 0.009285714285714286 0.004761904761904762
4 0.19214285714285714 0.3904761904761905 0.008571428571428572 0.0038095238095238095
1 0.345 0.09714285714285714 0.002857142857142857 0.0038095238095238095
4 0.345 0.09714285714285714 0.002857142857142857 0.007619047619047619
1 0.35428571428571426 0.10857142857142857 0.002142857142857143 0.005714285714285714
1 0.35428571428571426 0.10857142857142857 0.002857142857142857 0.009523809523809525
1 0.3392857142857143 0.23238095238095238 0.002142857142857143 0.006666666666666667
4 0.3392857142857143 0.23238095238095238 0.002857142857142857 0.009523809523809525
1 0.32071428571428573 0.5266666666666666 0.0035714285714285713 0.004761904761904762
4 0.3192857142857143 0.520952380952381 0.0064285714285714285 0.01619047619047619
1 0.37642857142857145 0.7266666666666667 0.002857142857142857 0.0038095238095238095
3 0.3157142857142857 0.758095238095238 0.015 0.04476190476190476
4 0.4407142857142857 0.8428571428571429 0.007857142857142858 0.012380952380952381
3 0.4278571428571429 0.8152380952380952 0.027142857142857142 0.017142857142857144
3 0.43142857142857144 0.3295238095238095 0.02214285714285714 0.014285714285714285
3 0.4342857142857143 0.29904761904761906 0.02214285714285714 0.013333333333333334
3 0.435 0.28476190476190477 0.02142857142857143 0.013333333333333334
3 0.4307142857142857 0.2571428571428571 0.02214285714285714 0.013333333333333334
3 0.43357142857142855 0.24285714285714285 0.02142857142857143 0.012380952380952381
3 0.43214285714285716 0.22666666666666666 0.020714285714285713 0.013333333333333334
3 0.43 0.21333333333333335 0.022857142857142857 0.014285714285714285
3 0.43 0.2 0.02 0.013333333333333334
3 0.42714285714285716 0.18761904761904763 0.020714285714285713 0.013333333333333334
3 0.4807142857142857 0.16857142857142857 0.019285714285714285 0.012380952380952381
3 0.48 0.18857142857142858 0.019285714285714285 0.014285714285714285
3 0.5014285714285714 0.17809523809523808 0.02 0.013333333333333334
3 0.4992857142857143 0.20095238095238097 0.02 0.014285714285714285
3 0.5014285714285714 0.24857142857142858 0.02214285714285714 0.013333333333333334
3 0.5014285714285714 0.26571428571428574 0.020714285714285713 0.011428571428571429
3 0.5014285714285714 0.2780952380952381 0.02214285714285714 0.014285714285714285
3 0.5007142857142857 0.29333333333333333 0.022857142857142857 0.014285714285714285
3 0.4757142857142857 0.29619047619047617 0.02214285714285714 0.015238095238095238
3 0.5028571428571429 0.3238095238095238 0.023571428571428573 0.014285714285714285
3 0.6235714285714286 0.3352380952380952 0.02214285714285714 0.015238095238095238
3 0.5757142857142857 0.3342857142857143 0.02214285714285714 0.014285714285714285
3 0.575 0.3219047619047619 0.02214285714285714 0.013333333333333334
3 0.575 0.31047619047619046 0.02 0.012380952380952381
3 0.5728571428571428 0.29523809523809524 0.022857142857142857 0.013333333333333334
3 0.5714285714285714 0.28285714285714286 0.02214285714285714 0.013333333333333334
3 0.6135714285714285 0.24571428571428572 0.02 0.014285714285714285
3 0.6171428571428571 0.2580952380952381 0.02142857142857143 0.013333333333333334
3 0.6164285714285714 0.2714285714285714 0.02214285714285714 0.013333333333333334
3 0.6192857142857143 0.2857142857142857 0.02142857142857143 0.013333333333333334
3 0.6221428571428571 0.3047619047619048 0.02142857142857143 0.012380952380952381
3 0.6214285714285714 0.32 0.02214285714285714 0.012380952380952381
3 0.5492857142857143 0.2704761904761905 0.02214285714285714 0.013333333333333334
3 0.57 0.2561904761904762 0.022857142857142857 0.015238095238095238
3 0.5728571428571428 0.2342857142857143 0.016428571428571428 0.013333333333333334
3 0.5671428571428572 0.2 0.019285714285714285 0.013333333333333334
3 0.5464285714285714 0.18857142857142858 0.018571428571428572 0.013333333333333334
3 0.5464285714285714 0.24761904761904763 0.02142857142857143 0.011428571428571429
3 0.5685714285714286 0.22285714285714286 0.020714285714285713 0.011428571428571429
3 0.5478571428571428 0.23523809523809525 0.020714285714285713 0.012380952380952381
3 0.5457142857142857 0.22380952380952382 0.02214285714285714 0.012380952380952381
3 0.5464285714285714 0.2123809523809524 0.02142857142857143 0.012380952380952381
3 0.5457142857142857 0.2019047619047619 0.018571428571428572 0.011428571428571429
3 0.5671428571428572 0.1895238095238095 0.017857142857142856 0.011428571428571429
3 0.6071428571428571 0.17523809523809525 0.020714285714285713 0.015238095238095238
3 0.61 0.22380952380952382 0.020714285714285713 0.012380952380952381
3 0.61 0.21047619047619048 0.02214285714285714 0.013333333333333334
3 0.61 0.2 0.02 0.010476190476190476
3 0.5214285714285715 0.6161904761904762 0.012857142857142857 0.03333333333333333
3 0.5535714285714286 0.6066666666666667 0.012142857142857143 0.03428571428571429
3 0.6085714285714285 0.6066666666666667 0.014285714285714285 0.037142857142857144
3 0.5264285714285715 0.7171428571428572 0.02642857142857143 0.017142857142857144
3 0.49857142857142855 0.7409523809523809 0.02642857142857143 0.018095238095238095
3 0.5264285714285715 0.7371428571428571 0.02857142857142857 0.018095238095238095
3 0.49857142857142855 0.7647619047619048 0.03 0.015238095238095238
3 0.5307142857142857 0.7619047619047619 0.02857142857142857 0.01904761904761905
3 0.49857142857142855 0.7857142857142857 0.02857142857142857 0.02
3 0.5942857142857143 0.7571428571428571 0.02857142857142857 0.01904761904761905
3 0.59 0.7161904761904762 0.027857142857142858 0.018095238095238095
3 0.6185714285714285 0.7114285714285714 0.02857142857142857 0.01904761904761905
3 0.7107142857142857 0.7123809523809523 0.027142857142857142 0.017142857142857144
3 0.74 0.6980952380952381 0.013571428571428571 0.0380952380952381
3 0.7314285714285714 0.6523809523809524 0.016428571428571428 0.03619047619047619
3 0.7678571428571429 0.6571428571428571 0.02642857142857143 0.01619047619047619
3 0.8278571428571428 0.6561904761904762 0.02857142857142857 0.017142857142857144
3 0.9028571428571428 0.7104761904761905 0.029285714285714286 0.017142857142857144
3 0.9207142857142857 0.6476190476190476 0.030714285714285715 0.017142857142857144
3 0.8292857142857143 0.6047619047619047 0.027857142857142858 0.01619047619047619
3 0.8585714285714285 0.6009523809523809 0.02642857142857143 0.014285714285714285
3 0.8885714285714286 0.599047619047619 0.027857142857142858 0.015238095238095238
3 0.9542857142857143 0.5961904761904762 0.03 0.01619047619047619
3 0.985 0.5752380952380952 0.015 0.02857142857142857
3 0.7185714285714285 0.025714285714285714 0.011428571428571429 0.01904761904761905
4 0.6714285714285714 0.6085714285714285 0.0035714285714285713 0.011428571428571429
2 0.5107142857142857 0.8180952380952381 0.017142857142857144 0.010476190476190476
4 0.5678571428571428 0.7819047619047619 0.004285714285714286 0.015238095238095238
4 0.5592857142857143 0.7847619047619048 0.0035714285714285713 0.012380952380952381
3 0.86 0.9171428571428571 0.020714285714285713 0.039047619047619046
3 0.505 0.3476190476190476 0.024285714285714285 0.013333333333333334
3 0.39714285714285713 0.029523809523809525 0.007142857142857143 0.01619047619047619
3 0.39357142857142857 0.04666666666666667 0.009285714285714286 0.018095238095238095
