3 0.3871428571428571 0.7019047619047619 0.030714285714285715 0.09142857142857143
3 0.32357142857142857 0.7342857142857143 0.027142857142857142 0.07333333333333333
3 0.32785714285714285 0.6266666666666667 0.03214285714285714 0.09333333333333334
3 0.38785714285714284 0.579047619047619 0.032857142857142856 0.1
3 0.33785714285714286 0.5190476190476191 0.032857142857142856 0.08761904761904762
8 0.4064285714285714 0.379047619047619 0.037142857142857144 0.08571428571428572
8 0.4664285714285714 0.5352380952380953 0.03571428571428571 0.11142857142857143
8 0.47928571428571426 0.42952380952380953 0.03642857142857143 0.09238095238095238
3 0.4878571428571429 0.34 0.02642857142857143 0.07523809523809524
3 0.3607142857142857 0.3038095238095238 0.03 0.08190476190476191
3 0.42142857142857143 0.26857142857142857 0.030714285714285715 0.08095238095238096
3 0.43142857142857144 0.16 0.03 0.08476190476190476
3 0.37142857142857144 0.1895238095238095 0.03214285714285714 0.08571428571428572
8 0.49785714285714283 0.16857142857142857 0.04642857142857143 0.13428571428571429
3 0.5178571428571429 0.04380952380952381 0.03428571428571429 0.08476190476190476
3 0.44357142857142856 0.07047619047619047 0.03142857142857143 0.08095238095238096
3 0.38285714285714284 0.08476190476190476 0.03785714285714286 0.0838095238095238
3 0.39785714285714285 0.0 0.02857142857142857 0.054285714285714284
3 0.2864285714285714 0.02761904761904762 0.054285714285714284 0.07809523809523809
3 0.28 0.09333333333333334 0.05714285714285714 0.07428571428571429
3 0.27285714285714285 0.14666666666666667 0.054285714285714284 0.07523809523809524
3 0.26357142857142857 0.20666666666666667 0.054285714285714284 0.07809523809523809
3 0.26071428571428573 0.2723809523809524 0.05285714285714286 0.07714285714285714
3 0.255 0.3466666666666667 0.055714285714285716 0.0761904761904762
3 0.24428571428571427 0.40095238095238095 0.05357142857142857 0.08095238095238096
3 0.24428571428571427 0.4714285714285714 0.047857142857142855 0.06571428571428571
3 0.22357142857142856 0.5190476190476191 0.055 0.07238095238095238
3 0.21571428571428572 0.580952380952381 0.05928571428571429 0.08190476190476191
3 0.21785714285714286 0.6428571428571429 0.04928571428571429 0.0838095238095238
3 0.20142857142857143 0.7247619047619047 0.06142857142857143 0.0761904761904762
3 0.2007142857142857 0.7914285714285715 0.065 0.06476190476190476
3 0.2007142857142857 0.8457142857142858 0.06428571428571428 0.05904761904761905
3 0.18428571428571427 0.8885714285714286 0.065 0.06380952380952382
3 0.17785714285714285 0.9561904761904761 0.06714285714285714 0.04380952380952381
3 0.13142857142857142 0.4085714285714286 0.07 0.05333333333333334
3 0.1357142857142857 0.3638095238095238 0.06857142857142857 0.049523809523809526
3 0.14857142857142858 0.2780952380952381 0.06714285714285714 0.04666666666666667
3 0.16285714285714287 0.18857142857142858 0.06571428571428571 0.04380952380952381
3 0.165 0.09619047619047619 0.07214285714285715 0.05047619047619047
3 0.16857142857142857 0.05238095238095238 0.06428571428571428 0.04476190476190476
