1 0.4085 0.9506666666666667 0.0335 0.04933333333333333
4 0.405 0.958 0.039 0.042
4 0.269 0.934 0.0435 0.066
1 0.283 0.9286666666666666 0.0345 0.06333333333333334
1 0.1935 0.9066666666666666 0.0385 0.046
2 0.131 0.8193333333333334 0.0215 0.058
1 0.1025 0.7653333333333333 0.0305 0.028666666666666667
1 0.1085 0.7193333333333334 0.032 0.042
1 0.2505 0.554 0.0175 0.048
3 0.631 0.6493333333333333 0.161 0.12066666666666667
3 0.668 0.614 0.1335 0.10666666666666667
3 0.4445 0.5746666666666667 0.0905 0.06066666666666667
3 0.2015 0.49 0.056 0.08666666666666667
3 0.307 0.4653333333333333 0.089 0.08533333333333333
3 0.263 0.462 0.0885 0.07533333333333334
4 0.6 0.5473333333333333 0.0365 0.04466666666666667
1 0.87 0.51 0.0175 0.042666666666666665
1 0.8945 0.5633333333333334 0.0125 0.017333333333333333
1 0.8845 0.5613333333333334 0.026 0.048666666666666664
1 0.8785 0.52 0.0215 0.048
2 0.8125 0.5166666666666667 0.039 0.03933333333333333
1 0.7785 0.49933333333333335 0.015 0.025333333333333333
1 0.692 0.44333333333333336 0.009 0.034666666666666665
1 0.661 0.42933333333333334 0.011 0.038
1 0.641 0.416 0.0125 0.037333333333333336
1 0.599 0.43533333333333335 0.0135 0.029333333333333333
1 0.587 0.4186666666666667 0.011 0.03866666666666667
1 0.579 0.43733333333333335 0.011 0.034666666666666665
4 0.585 0.44733333333333336 0.0265 0.02
1 0.5015 0.37733333333333335 0.013 0.04
3 0.5425 0.44866666666666666 0.093 0.10266666666666667
3 0.51 0.43933333333333335 0.0815 0.082
3 0.5085 0.38333333333333336 0.0595 0.05533333333333333
3 0.4865 0.41733333333333333 0.0675 0.06933333333333333
3 0.4235 0.39866666666666667 0.0705 0.06
2 0.4805 0.42533333333333334 0.041 0.03333333333333333
2 0.4215 0.45666666666666667 0.031 0.046
1 0.325 0.37466666666666665 0.011 0.019333333333333334
1 0.3375 0.416 0.0115 0.034666666666666665
1 0.3065 0.44666666666666666 0.0125 0.03133333333333333
1 0.31 0.432 0.01 0.03666666666666667
1 0.2665 0.4106666666666667 0.0145 0.017333333333333333
1 0.2705 0.394 0.013 0.02
1 0.085 0.5966666666666667 0.0255 0.03266666666666666
3 0.2745 0.22066666666666668 0.0335 0.020666666666666667
1 0.2905 0.272 0.007 0.025333333333333333
3 0.2615 0.24466666666666667 0.04 0.022
3 0.2295 0.25066666666666665 0.0365 0.024
8 0.1535 0.18466666666666667 0.081 0.051333333333333335
3 0.1795 0.25466666666666665 0.0485 0.032
3 0.1445 0.258 0.0415 0.023333333333333334
3 0.121 0.27 0.0565 0.02666666666666667
3 0.104 0.2833333333333333 0.031 0.03133333333333333
3 0.107 0.30866666666666664 0.0425 0.04133333333333333
3 0.131 0.3233333333333333 0.0375 0.05266666666666667
3 0.14 0.37 0.064 0.042666666666666665
3 0.153 0.4053333333333333 0.0505 0.062
1 0.127 0.552 0.0195 0.054
1 0.1565 0.538 0.0205 0.048666666666666664
1 0.131 0.5333333333333333 0.0195 0.04466666666666667
1 0.164 0.4666666666666667 0.018 0.044
1 0.067 0.5473333333333333 0.028 0.05
1 0.1085 0.5106666666666667 0.023 0.046
1 0.0365 0.5146666666666667 0.0185 0.04466666666666667
1 0.07 0.482 0.0185 0.043333333333333335
1 0.0425 0.47733333333333333 0.0105 0.03333333333333333
1 0.108 0.44133333333333336 0.02 0.04533333333333334
1 0.0945 0.43866666666666665 0.0195 0.04533333333333334
3 0.0 0.4666666666666667 0.072 0.08666666666666667
1 0.074 0.38866666666666666 0.014 0.034
2 0.074 0.396 0.0195 0.02666666666666667
4 0.1155 0.392 0.0175 0.029333333333333333
1 0.117 0.38266666666666665 0.02 0.037333333333333336
3 0.0 0.376 0.0285 0.04066666666666666
3 0.0 0.368 0.0385 0.03133333333333333
3 0.0 0.2986666666666667 0.0505 0.028
3 0.0 0.30733333333333335 0.03 0.04733333333333333
