3 0.4907142857142857 0.9 0.18357142857142858 0.1
3 0.49214285714285716 0.7733333333333333 0.16714285714285715 0.11238095238095239
3 0.4835714285714286 0.4866666666666667 0.13214285714285715 0.09238095238095238
3 0.47714285714285715 0.40476190476190477 0.125 0.08285714285714285
3 0.47928571428571426 0.29428571428571426 0.12142857142857143 0.07714285714285714
3 0.7535714285714286 0.04380952380952381 0.060714285714285714 0.09428571428571429
3 0.47928571428571426 0.15047619047619049 0.09928571428571428 0.06571428571428571
3 0.4807142857142857 0.2419047619047619 0.12428571428571429 0.06761904761904762
3 0.6342857142857142 0.1361904761904762 0.04928571428571429 0.08666666666666667
3 0.6157142857142858 0.039047619047619046 0.037142857142857144 0.06
3 0.48142857142857143 0.11619047619047619 0.08857142857142856 0.054285714285714284
3 0.4764285714285714 0.08095238095238096 0.08714285714285715 0.05523809523809524
3 0.4714285714285714 0.0 0.07642857142857143 0.045714285714285714
3 0.8992857142857142 0.439047619047619 0.10071428571428571 0.17809523809523808
3 0.8307142857142857 0.24095238095238095 0.07928571428571428 0.12095238095238095
3 0.13857142857142857 0.4085714285714286 0.13785714285714284 0.0838095238095238
1 0.295 0.4847619047619048 0.02142857142857143 0.054285714285714284
3 0.027857142857142858 0.7638095238095238 0.2 0.11904761904761904
1 0.7514285714285714 0.7257142857142858 0.03142857142857143 0.054285714285714284
1 0.6407142857142857 0.7104761904761905 0.02142857142857143 0.05142857142857143
2 0.6392857142857142 0.5114285714285715 0.03142857142857143 0.09238095238095238
1 0.4035714285714286 0.09619047619047619 0.012857142857142857 0.0419047619047619
1 0.4542857142857143 0.1219047619047619 0.013571428571428571 0.05142857142857143
1 0.395 0.16476190476190475 0.017142857142857144 0.04380952380952381
1 0.4007142857142857 0.16666666666666666 0.01 0.02095238095238095
1 0.6842857142857143 0.1 0.015 0.03619047619047619
2 0.6828571428571428 0.10857142857142857 0.014285714285714285 0.045714285714285714
2 0.1757142857142857 0.13428571428571429 0.029285714285714286 0.025714285714285714
3 0.26785714285714285 0.0038095238095238095 0.08428571428571428 0.05047619047619047
