3 0.17357142857142857 0.7104761904761905 0.14285714285714285 0.07904761904761905
3 0.7564285714285715 0.7457142857142857 0.16357142857142856 0.12666666666666668
3 0.7585714285714286 0.3980952380952381 0.09785714285714285 0.05714285714285714
3 0.7 0.3657142857142857 0.04357142857142857 0.06380952380952382
3 0.6235714285714286 0.37523809523809526 0.06785714285714285 0.06476190476190476
3 0.8307142857142857 0.34095238095238095 0.08285714285714285 0.05714285714285714
3 0.23857142857142857 0.2876190476190476 0.05714285714285714 0.05142857142857143
3 0.135 0.31238095238095237 0.06857142857142857 0.06190476190476191
3 0.09 0.24761904761904763 0.05 0.03428571428571429
3 0.04857142857142857 0.23523809523809525 0.03857142857142857 0.02761904761904762
3 0.36857142857142855 0.20666666666666667 0.04285714285714286 0.04285714285714286
3 0.3221428571428571 0.20857142857142857 0.04357142857142857 0.039047619047619046
3 0.42714285714285716 0.14952380952380953 0.037142857142857144 0.03333333333333333
3 0.5514285714285714 0.3523809523809524 0.04928571428571429 0.054285714285714284
3 0.47285714285714286 0.29714285714285715 0.05357142857142857 0.047619047619047616
3 0.6464285714285715 0.18666666666666668 0.04 0.035238095238095235
3 0.5835714285714285 0.1838095238095238 0.032857142857142856 0.035238095238095235
3 0.61 0.16 0.027142857142857142 0.03619047619047619
3 0.63 0.14476190476190476 0.022857142857142857 0.03333333333333333
3 0.6478571428571429 0.12857142857142856 0.020714285714285713 0.025714285714285714
3 0.21571428571428572 0.20476190476190476 0.04214285714285714 0.02761904761904762
3 0.12571428571428572 0.2038095238095238 0.027857142857142858 0.02666666666666667
3 0.15 0.20476190476190476 0.029285714285714286 0.025714285714285714
3 0.17785714285714285 0.19904761904761906 0.03357142857142857 0.023809523809523808
3 0.002857142857142857 0.2580952380952381 0.039285714285714285 0.030476190476190476
3 0.017857142857142856 0.2276190476190476 0.03785714285714286 0.02666666666666667
3 0.0 0.22 0.024285714285714285 0.030476190476190476
3 0.24928571428571428 0.19714285714285715 0.04285714285714286 0.0380952380952381
3 0.40714285714285714 0.13142857142857142 0.018571428571428572 0.024761904761904763
1 0.11642857142857142 0.1438095238095238 0.007857142857142858 0.02
1 0.17285714285714285 0.2276190476190476 0.008571428571428572 0.023809523809523808
1 0.20642857142857143 0.2342857142857143 0.008571428571428572 0.02761904761904762
1 0.22714285714285715 0.23809523809523808 0.01 0.02666666666666667
1 0.24071428571428571 0.2276190476190476 0.007857142857142858 0.021904761904761906
1 0.245 0.23333333333333334 0.012142857142857143 0.018095238095238095
3 0.3057142857142857 0.13523809523809524 0.03571428571428571 0.029523809523809525
3 0.4442857142857143 0.10380952380952381 0.024285714285714285 0.021904761904761906
3 0.47714285714285715 0.09333333333333334 0.018571428571428572 0.02095238095238095
3 0.5221428571428571 0.10952380952380952 0.02642857142857143 0.02857142857142857
3 0.5142857142857142 0.10380952380952381 0.025 0.021904761904761906
3 0.5664285714285714 0.08571428571428572 0.020714285714285713 0.01904761904761905
3 0.5671428571428572 0.058095238095238096 0.017857142857142856 0.02
3 0.5992857142857143 0.06285714285714286 0.020714285714285713 0.02
3 0.5657142857142857 0.16285714285714287 0.029285714285714286 0.02666666666666667
3 0.6021428571428571 0.1361904761904762 0.022857142857142857 0.022857142857142857
3 0.6171428571428571 0.1219047619047619 0.02214285714285714 0.025714285714285714
3 0.6242857142857143 0.10285714285714286 0.022857142857142857 0.024761904761904763
3 0.6521428571428571 0.09333333333333334 0.018571428571428572 0.021904761904761906
3 0.6428571428571429 0.06857142857142857 0.019285714285714285 0.01904761904761905
3 0.6257142857142857 0.05142857142857143 0.017857142857142856 0.02095238095238095
3 0.6471428571428571 0.03333333333333333 0.017857142857142856 0.018095238095238095
3 0.6771428571428572 0.012380952380952381 0.015714285714285715 0.02
3 0.655 0.010476190476190476 0.011428571428571429 0.015238095238095238
3 0.7 0.004761904761904762 0.013571428571428571 0.013333333333333334
3 0.6685714285714286 0.0 0.014285714285714285 0.013333333333333334
3 0.5964285714285714 0.04 0.017142857142857144 0.018095238095238095
8 0.6064285714285714 0.02761904761904762 0.030714285714285715 0.039047619047619046
3 0.4857142857142857 0.08476190476190476 0.02142857142857143 0.01904761904761905
3 0.5028571428571429 0.07238095238095238 0.02142857142857143 0.021904761904761906
3 0.5207142857142857 0.06285714285714286 0.02142857142857143 0.02
3 0.7 0.05238095238095238 0.017142857142857144 0.017142857142857144
3 0.6807142857142857 0.09428571428571429 0.014285714285714285 0.022857142857142857
3 0.6935714285714286 0.08476190476190476 0.015714285714285715 0.02
3 0.7014285714285714 0.07428571428571429 0.022857142857142857 0.01904761904761905
3 0.6592857142857143 0.1742857142857143 0.039285714285714285 0.02666666666666667
3 0.6721428571428572 0.16476190476190475 0.04 0.023809523809523808
3 0.6857142857142857 0.14857142857142858 0.04857142857142857 0.023809523809523808
3 0.7114285714285714 0.13428571428571429 0.04 0.023809523809523808
3 0.7228571428571429 0.12476190476190477 0.04285714285714286 0.018095238095238095
3 0.7364285714285714 0.11714285714285715 0.03571428571428571 0.02
3 0.7428571428571429 0.10761904761904761 0.04 0.02095238095238095
3 0.7307142857142858 0.10095238095238095 0.037142857142857144 0.01904761904761905
3 0.7428571428571429 0.08476190476190476 0.030714285714285715 0.022857142857142857
3 0.7221428571428572 0.054285714285714284 0.016428571428571428 0.017142857142857144
3 0.7278571428571429 0.04476190476190476 0.016428571428571428 0.017142857142857144
3 0.7364285714285714 0.0419047619047619 0.016428571428571428 0.017142857142857144
3 0.745 0.029523809523809525 0.016428571428571428 0.017142857142857144
3 0.7507142857142857 0.023809523809523808 0.016428571428571428 0.017142857142857144
3 0.7571428571428571 0.018095238095238095 0.016428571428571428 0.017142857142857144
1 0.7307142857142858 0.17904761904761904 0.007857142857142858 0.022857142857142857
1 0.6892857142857143 0.20857142857142857 0.007857142857142858 0.02761904761904762
1 0.7078571428571429 0.23904761904761904 0.01 0.02857142857142857
1 0.7314285714285714 0.2276190476190476 0.007857142857142858 0.02761904761904762
1 0.7378571428571429 0.25523809523809526 0.010714285714285714 0.030476190476190476
1 0.7978571428571428 0.2876190476190476 0.01 0.03333333333333333
1 0.6721428571428572 0.2714285714285714 0.009285714285714286 0.03238095238095238
1 0.6278571428571429 0.32761904761904764 0.009285714285714286 0.03238095238095238
1 0.6235714285714286 0.36095238095238097 0.012142857142857143 0.03238095238095238
1 0.6514285714285715 0.3580952380952381 0.01 0.02857142857142857
1 0.665 0.32 0.014285714285714285 0.01904761904761905
1 0.6028571428571429 0.3323809523809524 0.014285714285714285 0.030476190476190476
4 0.6021428571428571 0.3352380952380952 0.013571428571428571 0.03619047619047619
4 0.6257142857142857 0.23047619047619047 0.023571428571428573 0.024761904761904763
2 0.695 0.2695238095238095 0.013571428571428571 0.02666666666666667
1 0.5914285714285714 0.559047619047619 0.012857142857142857 0.0419047619047619
1 0.5814285714285714 0.5638095238095238 0.010714285714285714 0.039047619047619046
1 0.5657142857142857 0.5542857142857143 0.014285714285714285 0.049523809523809526
1 0.4135714285714286 0.5733333333333334 0.017142857142857144 0.05238095238095238
1 0.40214285714285714 0.6638095238095238 0.02142857142857143 0.049523809523809526
4 0.5428571428571428 0.34095238095238095 0.015714285714285715 0.02761904761904762
3 0.9007142857142857 0.40190476190476193 0.09714285714285714 0.05238095238095238
3 0.9464285714285714 0.3657142857142857 0.05357142857142857 0.047619047619047616
3 0.9385714285714286 0.29428571428571426 0.041428571428571426 0.06
