1 0.443 0.978 0.0215 0.022
1 0.5095 0.9526666666666667 0.032 0.04733333333333333
1 0.485 0.898 0.0415 0.037333333333333336
2 0.403 0.93 0.034 0.07
4 0.3675 0.8706666666666667 0.0335 0.11266666666666666
3 0.4485 0.7006666666666667 0.133 0.21266666666666667
4 0.385 0.7053333333333334 0.0385 0.08
1 0.015 0.9033333333333333 0.054 0.043333333333333335
1 0.0375 0.882 0.0525 0.04066666666666666
1 0.203 0.8553333333333333 0.0395 0.052
1 0.237 0.7446666666666667 0.0385 0.056
1 0.121 0.886 0.0555 0.05466666666666667
1 0.123 0.7466666666666667 0.0515 0.05266666666666667
1 0.295 0.6466666666666666 0.03 0.05333333333333334
2 0.092 0.8646666666666667 0.09 0.13466666666666666
2 0.0 0.7873333333333333 0.0335 0.027333333333333334
3 0.8305 0.7566666666666667 0.1445 0.24266666666666667
8 0.7645 0.602 0.1995 0.18866666666666668
1 0.8995 0.46 0.0185 0.037333333333333336
4 0.885 0.47 0.041 0.052
1 0.5955 0.526 0.019 0.026
1 0.578 0.544 0.0205 0.03133333333333333
1 0.614 0.49733333333333335 0.02 0.04133333333333333
1 0.5875 0.49066666666666664 0.0195 0.032
1 0.5095 0.5 0.019 0.042666666666666665
1 0.546 0.4866666666666667 0.0165 0.04133333333333333
1 0.3005 0.5253333333333333 0.026 0.05
1 0.0985 0.6613333333333333 0.0365 0.04733333333333333
1 0.1285 0.654 0.024 0.036
1 0.0725 0.574 0.0365 0.037333333333333336
1 0.0985 0.6113333333333333 0.0315 0.048666666666666664
1 0.195 0.4493333333333333 0.0335 0.05266666666666667
1 0.2115 0.418 0.0215 0.06
3 0.1155 0.40066666666666667 0.11 0.12733333333333333
3 0.269 0.402 0.0815 0.12133333333333333
3 0.385 0.26866666666666666 0.0965 0.05533333333333333
1 0.521 0.25933333333333336 0.018 0.037333333333333336
2 0.506 0.272 0.0365 0.03266666666666666
1 0.2275 0.242 0.018 0.037333333333333336
1 0.2025 0.24933333333333332 0.019 0.04133333333333333
1 0.2025 0.25533333333333336 0.013 0.020666666666666667
3 0.0005 0.146 0.043 0.05333333333333334
3 0.0 0.08933333333333333 0.067 0.062
3 0.0535 0.12533333333333332 0.05 0.06333333333333334
3 0.0995 0.11266666666666666 0.0535 0.07933333333333334
3 0.1605 0.12733333333333333 0.0875 0.064
3 0.131 0.276 0.096 0.06
3 0.109 0.22066666666666668 0.0995 0.059333333333333335
2 0.113 0.06666666666666667 0.042 0.032
3 0.26 0.09533333333333334 0.043 0.06133333333333333
8 0.317 0.07733333333333334 0.037 0.07733333333333334
3 0.3675 0.08333333333333333 0.0435 0.056666666666666664
3 0.4155 0.06266666666666666 0.038 0.06333333333333334
3 0.346 0.004666666666666667 0.031 0.054
1 0.3105 0.03 0.0115 0.027333333333333334
3 0.459 0.214 0.106 0.064
3 0.494 0.18 0.0925 0.064
3 0.5355 0.132 0.074 0.076
1 0.484 0.11 0.014 0.03133333333333333
4 0.481 0.11933333333333333 0.0205 0.038
1 0.58 0.106 0.0125 0.04
1 0.5905 0.12 0.01 0.027333333333333334
1 0.631 0.05333333333333334 0.0055 0.036
1 0.618 0.042666666666666665 0.006 0.018666666666666668
1 0.624 0.04666666666666667 0.006 0.017333333333333333
1 0.674 0.04533333333333334 0.009 0.035333333333333335
3 0.578 0.07266666666666667 0.0545 0.06533333333333333
3 0.637 0.028666666666666667 0.0415 0.06066666666666667
3 0.679 0.002 0.0485 0.054
3 0.5935 0.0 0.0445 0.017333333333333333
3 0.476 0.052 0.0595 0.050666666666666665
3 0.529 0.012666666666666666 0.0525 0.054
2 0.6 0.050666666666666665 0.0355 0.03133333333333333
1 0.4905 0.020666666666666667 0.0045 0.028
1 0.484 0.019333333333333334 0.006 0.037333333333333336
1 0.485 0.008666666666666666 0.005 0.03333333333333333
3 0.436 0.011333333333333334 0.051 0.04666666666666667
3 0.48 0.0 0.0405 0.024
3 0.4405 0.0006666666666666666 0.0395 0.015333333333333332
