3 0.26071428571428573 0.8047619047619048 0.14642857142857144 0.19523809523809524
3 0.16071428571428573 0.7504761904761905 0.08714285714285715 0.14095238095238094
3 0.09928571428571428 0.621904761904762 0.08071428571428571 0.12285714285714286
1 0.36142857142857143 0.5771428571428572 0.016428571428571428 0.03428571428571429
3 0.0 0.38857142857142857 0.05357142857142857 0.0980952380952381
3 0.28214285714285714 0.3038095238095238 0.06357142857142857 0.07809523809523809
3 0.24928571428571428 0.24952380952380954 0.04928571428571429 0.06095238095238095
3 0.305 0.1295238095238095 0.07642857142857143 0.06857142857142857
1 0.20714285714285716 0.2838095238095238 0.015 0.03142857142857143
2 0.2092857142857143 0.2923809523809524 0.017142857142857144 0.03142857142857143
3 0.15714285714285714 0.12857142857142856 0.052142857142857144 0.06285714285714286
3 0.12214285714285714 0.08 0.055 0.06380952380952382
3 0.09 0.04 0.047142857142857146 0.05523809523809524
1 0.16 0.0 0.015 0.03333333333333333
3 0.45785714285714285 0.27714285714285714 0.075 0.08190476190476191
3 0.4007142857142857 0.46190476190476193 0.07928571428571428 0.10095238095238095
1 0.4257142857142857 0.2742857142857143 0.013571428571428571 0.0380952380952381
2 0.4328571428571429 0.2819047619047619 0.017142857142857144 0.039047619047619046
3 0.46285714285714286 0.6352380952380953 0.075 0.10571428571428572
3 0.625 0.41714285714285715 0.07785714285714286 0.10285714285714286
8 0.6757142857142857 0.5161904761904762 0.14 0.1219047619047619
1 0.9035714285714286 0.5038095238095238 0.020714285714285713 0.02857142857142857
1 0.9207142857142857 0.4542857142857143 0.02142857142857143 0.02857142857142857
1 0.7114285714285714 0.5038095238095238 0.012142857142857143 0.04
8 0.6392857142857142 0.7819047619047619 0.15428571428571428 0.19428571428571428
3 0.18642857142857142 0.0 0.06785714285714285 0.05142857142857143
3 0.05142857142857143 0.0 0.04857142857142857 0.04666666666666667
