3 0.28714285714285714 0.7685714285714286 0.11428571428571428 0.12666666666666668
3 0.11714285714285715 0.7209523809523809 0.14214285714285715 0.09047619047619047
3 0.8335714285714285 0.4114285714285714 0.03357142857142857 0.035238095238095235
3 0.9235714285714286 0.4142857142857143 0.03857142857142857 0.03333333333333333
3 0.9 0.3942857142857143 0.02857142857142857 0.02666666666666667
3 0.7385714285714285 0.3980952380952381 0.025 0.029523809523809525
3 0.695 0.2885714285714286 0.014285714285714285 0.014285714285714285
3 0.69 0.26761904761904765 0.010714285714285714 0.012380952380952381
3 0.8821428571428571 0.37333333333333335 0.025 0.025714285714285714
3 0.865 0.3580952380952381 0.027142857142857142 0.023809523809523808
3 0.8535714285714285 0.3457142857142857 0.023571428571428573 0.023809523809523808
3 0.8428571428571429 0.32857142857142857 0.018571428571428572 0.024761904761904763
3 0.8235714285714286 0.31523809523809526 0.019285714285714285 0.01904761904761905
3 0.8142857142857143 0.30666666666666664 0.019285714285714285 0.018095238095238095
3 0.8071428571428572 0.29904761904761906 0.017142857142857144 0.01904761904761905
3 0.7792857142857142 0.2752380952380952 0.011428571428571429 0.017142857142857144
3 0.7285714285714285 0.37333333333333335 0.019285714285714285 0.03333333333333333
3 0.725 0.35904761904761906 0.019285714285714285 0.022857142857142857
3 0.715 0.3466666666666667 0.017142857142857144 0.02
3 0.7128571428571429 0.3304761904761905 0.017142857142857144 0.022857142857142857
1 0.5535714285714286 0.5619047619047619 0.017857142857142856 0.040952380952380955
1 0.6692857142857143 0.38476190476190475 0.008571428571428572 0.024761904761904763
1 0.68 0.3742857142857143 0.008571428571428572 0.02666666666666667
1 0.6957142857142857 0.31047619047619046 0.007857142857142858 0.02
1 0.5585714285714286 0.44761904761904764 0.009285714285714286 0.03333333333333333
8 0.5021428571428571 0.42 0.06428571428571428 0.04666666666666667
1 0.3342857142857143 0.38 0.008571428571428572 0.03142857142857143
8 0.47785714285714287 0.21047619047619048 0.017857142857142856 0.021904761904761906
8 0.5464285714285714 0.21142857142857144 0.024285714285714285 0.02
8 0.5271428571428571 0.23333333333333334 0.018571428571428572 0.02666666666666667
3 0.5435714285714286 0.25047619047619046 0.011428571428571429 0.018095238095238095
1 0.5514285714285714 0.3580952380952381 0.008571428571428572 0.022857142857142857
8 0.8071428571428572 0.2742857142857143 0.03785714285714286 0.02761904761904762
3 0.86 0.32857142857142857 0.023571428571428573 0.01619047619047619
3 0.8835714285714286 0.3457142857142857 0.02642857142857143 0.01619047619047619
3 0.8957142857142857 0.3523809523809524 0.032857142857142856 0.01619047619047619
3 0.9142857142857143 0.36095238095238097 0.03214285714285714 0.023809523809523808
3 0.93 0.3742857142857143 0.03428571428571429 0.022857142857142857
3 0.9435714285714286 0.38666666666666666 0.05 0.029523809523809525
