1 0.5521428571428572 0.7276190476190476 0.03357142857142857 0.07238095238095238
1 0.6021428571428571 0.6666666666666666 0.04071428571428572 0.06095238095238095
1 0.5857142857142857 0.6276190476190476 0.035 0.054285714285714284
1 0.5764285714285714 0.46190476190476193 0.03142857142857143 0.06380952380952382
1 0.8328571428571429 0.4523809523809524 0.05857142857142857 0.06380952380952382
1 0.895 0.6904761904761905 0.07071428571428572 0.06571428571428571
1 0.9192857142857143 0.7361904761904762 0.05928571428571429 0.05714285714285714
1 0.8485714285714285 0.5171428571428571 0.037142857142857144 0.058095238095238096
3 0.6792857142857143 0.47904761904761906 0.19785714285714287 0.17904761904761904
1 0.7835714285714286 0.19333333333333333 0.03785714285714286 0.08571428571428572
1 0.7428571428571429 0.13333333333333333 0.03785714285714286 0.07904761904761905
1 0.8842857142857142 0.13904761904761906 0.03571428571428571 0.0838095238095238
1 0.8407142857142857 0.06761904761904762 0.04071428571428572 0.08761904761904762
3 0.8278571428571428 0.0009523809523809524 0.11571428571428571 0.10285714285714286
2 0.6421428571428571 0.14476190476190476 0.04357142857142857 0.07523809523809524
2 0.7257142857142858 0.0 0.05928571428571429 0.03333333333333333
3 0.0 0.10952380952380952 0.1 0.1980952380952381
