4 0.035 0.1380952380952381 0.032857142857142856 0.021904761904761906
4 0.05785714285714286 0.11428571428571428 0.03142857142857143 0.030476190476190476
3 0.2757142857142857 0.005714285714285714 0.035 0.03333333333333333
3 0.33071428571428574 0.0 0.027857142857142858 0.03428571428571429
3 0.3142857142857143 0.022857142857142857 0.03428571428571429 0.04285714285714286
3 0.2957142857142857 0.045714285714285714 0.03642857142857143 0.05047619047619047
3 0.26857142857142857 0.08666666666666667 0.041428571428571426 0.05523809523809524
3 0.31785714285714284 0.06952380952380953 0.04285714285714286 0.05333333333333334
1 0.4328571428571429 0.012380952380952381 0.007857142857142858 0.029523809523809525
3 0.45571428571428574 0.0 0.04857142857142857 0.02857142857142857
3 0.23214285714285715 0.13428571428571429 0.05357142857142857 0.06571428571428571
3 0.18285714285714286 0.19142857142857142 0.07142857142857142 0.08666666666666667
3 0.26357142857142857 0.16476190476190475 0.054285714285714284 0.07809523809523809
3 0.135 0.28476190476190477 0.075 0.08190476190476191
3 0.027142857142857142 0.2838095238095238 0.10142857142857142 0.1019047619047619
4 0.0 0.3914285714285714 0.065 0.05714285714285714
3 0.04285714285714286 0.3676190476190476 0.10428571428571429 0.14952380952380953
3 0.18857142857142858 0.4542857142857143 0.09357142857142857 0.15714285714285714
3 0.3171428571428571 0.8466666666666667 0.09642857142857143 0.1523809523809524
3 0.35714285714285715 0.6085714285714285 0.08071428571428571 0.21714285714285714
3 0.39714285714285713 0.43142857142857144 0.05928571428571429 0.12761904761904763
3 0.33214285714285713 0.37523809523809526 0.06714285714285714 0.10761904761904761
3 0.4235714285714286 0.30095238095238097 0.04928571428571429 0.09047619047619047
3 0.30142857142857143 0.22285714285714286 0.05785714285714286 0.08761904761904762
3 0.44 0.21619047619047618 0.04357142857142857 0.07904761904761905
3 0.4514285714285714 0.1523809523809524 0.04 0.06571428571428571
3 0.4585714285714286 0.09619047619047619 0.03857142857142857 0.05238095238095238
3 0.47285714285714286 0.02666666666666667 0.035 0.039047619047619046
3 0.4707142857142857 0.05904761904761905 0.032857142857142856 0.0380952380952381
3 0.5578571428571428 0.0 0.023571428571428573 0.03238095238095238
3 0.6021428571428571 0.0 0.02642857142857143 0.03619047619047619
1 0.64 0.0 0.01 0.02666666666666667
1 0.5342857142857143 0.11142857142857143 0.009285714285714286 0.03333333333333333
3 0.5714285714285714 0.11619047619047619 0.035 0.05142857142857143
1 0.5985714285714285 0.1657142857142857 0.01 0.02857142857142857
3 0.5707142857142857 0.17714285714285713 0.04357142857142857 0.07809523809523809
3 0.5378571428571428 0.2523809523809524 0.04 0.03238095238095238
3 0.6021428571428571 0.26571428571428574 0.02 0.0419047619047619
3 0.6571428571428571 0.054285714285714284 0.01 0.029523809523809525
1 0.6714285714285714 0.28 0.017857142857142856 0.05142857142857143
1 0.735 0.31142857142857144 0.024285714285714285 0.02761904761904762
1 0.5685714285714286 0.36666666666666664 0.015714285714285715 0.05142857142857143
4 0.5585714285714286 0.48095238095238096 0.025 0.06952380952380953
1 0.6657142857142857 0.44952380952380955 0.02 0.05619047619047619
4 0.7507142857142857 0.4876190476190476 0.024285714285714285 0.058095238095238096
4 0.6007142857142858 0.5123809523809524 0.05785714285714286 0.05333333333333334
3 0.5935714285714285 0.8019047619047619 0.15571428571428572 0.1980952380952381
