6 0.13642857142857143 0.13523809523809524 0.13714285714285715 0.16380952380952382
1 0.0 0.035238095238095235 0.012142857142857143 0.02
3 0.11928571428571429 0.16380952380952382 0.05928571428571429 0.07333333333333333
1 0.3171428571428571 0.12571428571428572 0.01 0.01904761904761905
1 0.21214285714285713 0.23333333333333334 0.009285714285714286 0.013333333333333334
1 0.22142857142857142 0.24571428571428572 0.012142857142857143 0.015238095238095238
1 0.23214285714285715 0.2523809523809524 0.012142857142857143 0.014285714285714285
1 0.22 0.26571428571428574 0.012857142857142857 0.01619047619047619
1 0.205 0.29428571428571426 0.014285714285714285 0.010476190476190476
1 0.22071428571428572 0.30952380952380953 0.010714285714285714 0.014285714285714285
1 0.21214285714285713 0.3180952380952381 0.012142857142857143 0.014285714285714285
4 0.19 0.4828571428571429 0.012857142857142857 0.030476190476190476
1 0.18928571428571428 0.49238095238095236 0.014285714285714285 0.013333333333333334
1 0.4828571428571429 0.4723809523809524 0.008571428571428572 0.011428571428571429
1 0.4442857142857143 0.5314285714285715 0.007142857142857143 0.005714285714285714
1 0.44571428571428573 0.5685714285714286 0.007857142857142858 0.007619047619047619
1 0.4492857142857143 0.5657142857142857 0.004285714285714286 0.005714285714285714
1 0.255 0.7904761904761904 0.010714285714285714 0.014285714285714285
1 0.21071428571428572 0.6876190476190476 0.010714285714285714 0.013333333333333334
1 0.22 0.6847619047619048 0.007857142857142858 0.013333333333333334
4 0.4835714285714286 0.8771428571428571 0.020714285714285713 0.013333333333333334
3 0.5542857142857143 0.8419047619047619 0.03571428571428571 0.08285714285714285
3 0.5928571428571429 0.8342857142857143 0.03785714285714286 0.1
3 0.6357142857142857 0.8666666666666667 0.06928571428571428 0.058095238095238096
3 0.7842857142857143 0.9295238095238095 0.06785714285714285 0.05904761904761905
3 0.8728571428571429 0.9657142857142857 0.06357142857142857 0.03428571428571429
