3 0.19642857142857142 0.9247619047619048 0.06714285714285714 0.07523809523809524
8 0.21714285714285714 0.7047619047619048 0.08142857142857143 0.19523809523809524
3 0.515 0.6980952380952381 0.05142857142857143 0.17142857142857143
3 0.5721428571428572 0.719047619047619 0.05285714285714286 0.16952380952380952
2 0.5135714285714286 0.5533333333333333 0.032857142857142856 0.05904761904761905
1 0.51 0.44476190476190475 0.017857142857142856 0.02857142857142857
1 0.5271428571428571 0.44095238095238093 0.012857142857142857 0.03238095238095238
1 0.5414285714285715 0.4847619047619048 0.016428571428571428 0.030476190476190476
3 0.5671428571428572 0.32857142857142857 0.04428571428571428 0.12476190476190477
3 0.5807142857142857 0.03619047619047619 0.04071428571428572 0.1019047619047619
1 0.5528571428571428 0.0 0.012142857142857143 0.021904761904761906
1 0.565 0.0 0.012142857142857143 0.02
1 0.5428571428571428 0.0 0.009285714285714286 0.022857142857142857
1 0.21714285714285714 0.4990476190476191 0.02214285714285714 0.022857142857142857
3 0.26357142857142857 0.539047619047619 0.062142857142857146 0.14761904761904762
3 0.28785714285714287 0.38285714285714284 0.054285714285714284 0.12476190476190477
8 0.37857142857142856 0.45714285714285713 0.06928571428571428 0.20285714285714285
4 0.15428571428571428 0.2561904761904762 0.04071428571428572 0.03142857142857143
4 0.15571428571428572 0.23904761904761904 0.04214285714285714 0.035238095238095235
3 0.17785714285714285 0.14095238095238094 0.05785714285714286 0.11904761904761904
4 0.18928571428571428 0.03333333333333333 0.03214285714285714 0.029523809523809525
2 0.11071428571428571 0.14285714285714285 0.025714285714285714 0.04285714285714286
