1 0.47785714285714287 0.559047619047619 0.008571428571428572 0.025714285714285714
1 0.5607142857142857 0.49142857142857144 0.012857142857142857 0.03333333333333333
1 0.5835714285714285 0.4657142857142857 0.017857142857142856 0.037142857142857144
1 0.41 0.5676190476190476 0.010714285714285714 0.023809523809523808
1 0.38357142857142856 0.5571428571428572 0.011428571428571429 0.024761904761904763
1 0.30428571428571427 0.5380952380952381 0.019285714285714285 0.03238095238095238
1 0.33 0.5228571428571429 0.020714285714285713 0.02857142857142857
1 0.35642857142857143 0.5514285714285714 0.017142857142857144 0.024761904761904763
2 0.3557142857142857 0.5571428571428572 0.020714285714285713 0.03333333333333333
1 0.3807142857142857 0.539047619047619 0.011428571428571429 0.025714285714285714
1 0.38357142857142856 0.5238095238095238 0.015714285714285715 0.02857142857142857
1 0.40214285714285714 0.5314285714285715 0.018571428571428572 0.03142857142857143
1 0.4035714285714286 0.5190476190476191 0.012142857142857143 0.02666666666666667
1 0.22357142857142856 0.4942857142857143 0.02214285714285714 0.03142857142857143
1 0.22642857142857142 0.47619047619047616 0.02214285714285714 0.02761904761904762
1 0.23 0.4676190476190476 0.02214285714285714 0.02666666666666667
1 0.275 0.45904761904761904 0.015 0.02666666666666667
4 0.2757142857142857 0.4638095238095238 0.015714285714285715 0.03428571428571429
3 0.1492857142857143 0.3780952380952381 0.08285714285714285 0.06761904761904762
1 0.2007142857142857 0.3219047619047619 0.015 0.029523809523809525
1 0.17785714285714285 0.3295238095238095 0.015714285714285715 0.02666666666666667
1 0.047142857142857146 0.5628571428571428 0.02857142857142857 0.03142857142857143
1 0.10285714285714286 0.5104761904761905 0.018571428571428572 0.029523809523809525
1 0.09785714285714285 0.5047619047619047 0.02214285714285714 0.03238095238095238
1 0.0 0.44666666666666666 0.017142857142857144 0.023809523809523808
4 0.0 0.4504761904761905 0.03428571428571429 0.030476190476190476
1 0.14 0.16476190476190475 0.015714285714285715 0.029523809523809525
1 0.14714285714285713 0.1619047619047619 0.015 0.03142857142857143
1 0.12714285714285714 0.12761904761904763 0.015 0.03333333333333333
1 0.12785714285714286 0.10095238095238095 0.014285714285714285 0.02761904761904762
1 0.13642857142857143 0.0980952380952381 0.014285714285714285 0.030476190476190476
1 0.10142857142857142 0.06666666666666667 0.014285714285714285 0.02761904761904762
1 0.10642857142857143 0.06190476190476191 0.016428571428571428 0.03238095238095238
1 0.11071428571428571 0.05904761904761905 0.015714285714285715 0.03238095238095238
1 0.27071428571428574 0.02857142857142857 0.014285714285714285 0.029523809523809525
1 0.2764285714285714 0.02095238095238095 0.011428571428571429 0.02857142857142857
1 0.3607142857142857 0.06285714285714286 0.012142857142857143 0.029523809523809525
1 0.36 0.05904761904761905 0.010714285714285714 0.02857142857142857
3 0.44142857142857145 0.05619047619047619 0.03785714285714286 0.04476190476190476
4 0.48428571428571426 0.05904761904761905 0.010714285714285714 0.02857142857142857
1 0.485 0.05333333333333334 0.009285714285714286 0.022857142857142857
1 0.6085714285714285 0.46285714285714286 0.01 0.030476190476190476
1 0.6685714285714286 0.40190476190476193 0.012857142857142857 0.03238095238095238
1 0.6607142857142857 0.3933333333333333 0.013571428571428571 0.030476190476190476
1 0.675 0.38857142857142857 0.015 0.029523809523809525
1 0.6671428571428571 0.37523809523809526 0.012857142857142857 0.03238095238095238
1 0.71 0.33904761904761904 0.015714285714285715 0.01904761904761905
1 0.8285714285714286 0.20761904761904762 0.01 0.021904761904761906
1 0.835 0.20666666666666667 0.009285714285714286 0.024761904761904763
1 0.9078571428571428 0.16 0.015 0.02666666666666667
1 0.6864285714285714 0.0 0.008571428571428572 0.024761904761904763
1 0.7 0.0009523809523809524 0.010714285714285714 0.02666666666666667
1 0.7085714285714285 0.0009523809523809524 0.010714285714285714 0.02761904761904762
1 0.7221428571428572 0.009523809523809525 0.009285714285714286 0.023809523809523808
1 0.7235714285714285 0.0 0.008571428571428572 0.02
1 0.7307142857142858 0.013333333333333334 0.011428571428571429 0.029523809523809525
1 0.7378571428571429 0.04380952380952381 0.010714285714285714 0.02761904761904762
1 0.7385714285714285 0.015238095238095238 0.012142857142857143 0.02761904761904762
1 0.7392857142857143 0.007619047619047619 0.012142857142857143 0.03142857142857143
1 0.7535714285714286 0.03619047619047619 0.010714285714285714 0.030476190476190476
1 0.7535714285714286 0.03142857142857143 0.012857142857142857 0.030476190476190476
1 0.7657142857142857 0.06095238095238095 0.012857142857142857 0.030476190476190476
1 0.7614285714285715 0.029523809523809525 0.011428571428571429 0.02761904761904762
1 0.7885714285714286 0.06190476190476191 0.011428571428571429 0.03142857142857143
1 0.7907142857142857 0.05523809523809524 0.012857142857142857 0.03142857142857143
1 0.7707142857142857 0.018095238095238095 0.009285714285714286 0.02857142857142857
1 0.7735714285714286 0.017142857142857144 0.009285714285714286 0.025714285714285714
1 0.7757142857142857 0.014285714285714285 0.010714285714285714 0.02761904761904762
1 0.8392857142857143 0.08857142857142856 0.015 0.030476190476190476
1 0.8471428571428572 0.1019047619047619 0.017142857142857144 0.030476190476190476
1 0.8507142857142858 0.09714285714285714 0.017857142857142856 0.029523809523809525
1 0.8528571428571429 0.08476190476190476 0.012142857142857143 0.029523809523809525
1 0.8571428571428571 0.09047619047619047 0.013571428571428571 0.024761904761904763
1 0.9578571428571429 0.15904761904761905 0.019285714285714285 0.03142857142857143
1 0.9307142857142857 0.10761904761904761 0.015714285714285715 0.02857142857142857
1 0.8757142857142857 0.11142857142857143 0.018571428571428572 0.029523809523809525
1 0.8835714285714286 0.10952380952380952 0.017857142857142856 0.030476190476190476
1 0.88 0.09047619047619047 0.016428571428571428 0.02857142857142857
1 0.8835714285714286 0.08190476190476191 0.017142857142857144 0.03333333333333333
1 0.8742857142857143 0.06952380952380953 0.016428571428571428 0.025714285714285714
1 0.8778571428571429 0.058095238095238096 0.017857142857142856 0.03238095238095238
1 0.9164285714285715 0.11047619047619048 0.016428571428571428 0.029523809523809525
1 0.9171428571428571 0.10285714285714286 0.015714285714285715 0.03428571428571429
1 0.9057142857142857 0.1 0.017857142857142856 0.029523809523809525
1 0.9035714285714286 0.0761904761904762 0.020714285714285713 0.02857142857142857
1 0.9114285714285715 0.06952380952380953 0.015 0.029523809523809525
1 0.92 0.05904761904761905 0.017857142857142856 0.02857142857142857
1 0.9235714285714286 0.05142857142857143 0.017142857142857144 0.03238095238095238
1 0.9078571428571428 0.037142857142857144 0.019285714285714285 0.029523809523809525
1 0.9135714285714286 0.03238095238095238 0.018571428571428572 0.03142857142857143
4 0.8921428571428571 0.022857142857142857 0.02142857142857143 0.02761904761904762
1 0.8964285714285715 0.021904761904761906 0.009285714285714286 0.022857142857142857
1 0.9 0.021904761904761906 0.010714285714285714 0.025714285714285714
1 0.9714285714285714 0.15428571428571428 0.018571428571428572 0.029523809523809525
1 0.8785714285714286 0.15714285714285714 0.014285714285714285 0.03238095238095238
