6 0.0 0.06598984771573604 0.08857142857142856 0.2614213197969543
8 0.05071428571428571 0.02918781725888325 0.08857142857142856 0.16751269035532995
1 0.05857142857142857 0.5875634517766497 0.015714285714285715 0.01903553299492386
1 0.18642857142857142 0.27284263959390864 0.013571428571428571 0.0266497461928934
1 0.19714285714285715 0.27411167512690354 0.010714285714285714 0.02284263959390863
8 0.15642857142857142 0.30456852791878175 0.08714285714285715 0.18401015228426396
8 0.21571428571428572 0.48096446700507617 0.09 0.19289340101522842
1 0.325 0.01649746192893401 0.014285714285714285 0.03426395939086294
1 0.3457142857142857 0.0025380710659898475 0.01 0.02918781725888325
1 0.34785714285714286 0.0 0.009285714285714286 0.02284263959390863
1 0.34714285714285714 0.03807106598984772 0.007857142857142858 0.031725888324873094
1 0.3607142857142857 0.06852791878172589 0.011428571428571429 0.03680203045685279
1 0.3692857142857143 0.06345177664974619 0.010714285714285714 0.03299492385786802
1 0.38285714285714284 0.04949238578680203 0.007857142857142858 0.03553299492385787
1 0.38357142857142856 0.06979695431472081 0.010714285714285714 0.030456852791878174
1 0.38142857142857145 0.12309644670050761 0.007857142857142858 0.031725888324873094
1 0.39 0.12690355329949238 0.005714285714285714 0.025380710659898477
1 0.39571428571428574 0.11548223350253807 0.01 0.02918781725888325
1 0.40714285714285714 0.07360406091370558 0.008571428571428572 0.030456852791878174
1 0.4114285714285714 0.09263959390862944 0.009285714285714286 0.02918781725888325
1 0.42714285714285716 0.10406091370558376 0.011428571428571429 0.031725888324873094
1 0.42714285714285716 0.21573604060913706 0.013571428571428571 0.03299492385786802
1 0.4357142857142857 0.20304568527918782 0.007857142857142858 0.031725888324873094
1 0.47214285714285714 0.22715736040609136 0.007857142857142858 0.024111675126903553
1 0.4807142857142857 0.21446700507614214 0.008571428571428572 0.03299492385786802
1 0.4707142857142857 0.20939086294416243 0.007142857142857143 0.015228426395939087
1 0.4635714285714286 0.3083756345177665 0.008571428571428572 0.024111675126903553
1 0.47928571428571426 0.35406091370558374 0.009285714285714286 0.025380710659898477
1 0.5014285714285714 0.31725888324873097 0.007857142857142858 0.027918781725888325
1 0.5042857142857143 0.2969543147208122 0.010714285714285714 0.031725888324873094
1 0.6864285714285714 0.4302030456852792 0.013571428571428571 0.01903553299492386
1 0.6842857142857143 0.4733502538071066 0.016428571428571428 0.027918781725888325
1 0.6778571428571428 0.49111675126903553 0.009285714285714286 0.017766497461928935
1 0.5207142857142857 0.3401015228426396 0.007857142857142858 0.030456852791878174
1 0.515 0.35786802030456855 0.01 0.02918781725888325
1 0.5564285714285714 0.3629441624365482 0.01 0.0266497461928934
1 0.5528571428571428 0.3730964467005076 0.005714285714285714 0.02284263959390863
1 0.5314285714285715 0.3870558375634518 0.011428571428571429 0.025380710659898477
1 0.5285714285714286 0.39720812182741116 0.007142857142857143 0.02284263959390863
1 0.5642857142857143 0.40609137055837563 0.0064285714285714285 0.02284263959390863
1 0.5721428571428572 0.3934010152284264 0.007142857142857143 0.02284263959390863
1 0.55 0.44543147208121825 0.009285714285714286 0.02030456852791878
1 0.5985714285714285 0.4416243654822335 0.008571428571428572 0.021573604060913704
1 0.7692857142857142 0.8540609137055838 0.015714285714285715 0.02030456852791878
1 0.7221428571428572 0.9098984771573604 0.013571428571428571 0.02284263959390863
1 0.7028571428571428 0.8743654822335025 0.015714285714285715 0.01903553299492386
1 0.7078571428571429 0.8946700507614214 0.013571428571428571 0.01649746192893401
1 0.6885714285714286 0.6269035532994924 0.011428571428571429 0.02284263959390863
1 0.8021428571428572 0.5685279187817259 0.012142857142857143 0.017766497461928935
1 0.6271428571428571 0.7043147208121827 0.01 0.021573604060913704
1 0.6157142857142858 0.6789340101522843 0.008571428571428572 0.017766497461928935
1 0.605 0.6573604060913706 0.010714285714285714 0.021573604060913704
1 0.5971428571428572 0.6269035532994924 0.011428571428571429 0.02284263959390863
1 0.6664285714285715 0.6053299492385786 0.012142857142857143 0.0266497461928934
1 0.6585714285714286 0.6053299492385786 0.009285714285714286 0.01649746192893401
1 0.6314285714285715 0.5850253807106599 0.011428571428571429 0.01903553299492386
1 0.6364285714285715 0.5736040609137056 0.009285714285714286 0.017766497461928935
1 0.5928571428571429 0.5050761421319797 0.007857142857142858 0.01903553299492386
1 0.5978571428571429 0.49619289340101524 0.012142857142857143 0.01903553299492386
1 0.6078571428571429 0.5190355329949239 0.009285714285714286 0.021573604060913704
1 0.6185714285714285 0.5139593908629442 0.010714285714285714 0.024111675126903553
1 0.6107142857142858 0.5520304568527918 0.007857142857142858 0.02284263959390863
1 0.6214285714285714 0.5482233502538071 0.008571428571428572 0.02030456852791878
1 0.675 0.12055837563451777 0.011428571428571429 0.024111675126903553
1 0.5928571428571429 0.14593908629441624 0.01 0.0266497461928934
1 0.5835714285714285 0.09898477157360407 0.01 0.017766497461928935
