1 0.0875 0.452 0.022 0.042
1 0.0915 0.4166666666666667 0.035 0.058
1 0.2475 0.05733333333333333 0.0105 0.04133333333333333
1 0.258 0.106 0.0125 0.042
1 0.3055 0.12666666666666668 0.011 0.03866666666666667
1 0.294 0.13266666666666665 0.012 0.036
1 0.506 0.07133333333333333 0.009 0.027333333333333334
1 0.3805 0.27066666666666667 0.017 0.044
1 0.3375 0.5126666666666667 0.0235 0.044
1 0.402 0.56 0.018 0.048
1 0.429 0.5513333333333333 0.019 0.04733333333333333
1 0.4335 0.592 0.016 0.04933333333333333
3 0.257 0.69 0.121 0.21266666666666667
3 0.3555 0.7266666666666667 0.1045 0.25866666666666666
3 0.6155 0.6473333333333333 0.105 0.21266666666666667
3 0.3115 0.208 0.078 0.06733333333333333
3 0.461 0.3393333333333333 0.0545 0.102
3 0.3955 0.03666666666666667 0.068 0.038
2 0.217 0.05733333333333333 0.0195 0.024
1 0.5105 0.124 0.008 0.03666666666666667
1 0.5165 0.14066666666666666 0.008 0.024666666666666667
3 0.6305 0.91 0.0925 0.09
3 0.6355 0.48 0.0615 0.13533333333333333
3 0.6425 0.38333333333333336 0.048 0.08333333333333333
3 0.5265 0.17666666666666667 0.035 0.06733333333333333
3 0.647 0.15 0.0325 0.050666666666666665
3 0.642 0.20666666666666667 0.0385 0.06333333333333334
3 0.638 0.262 0.055 0.10933333333333334
3 0.5365 0.12 0.033 0.06
3 0.5495 0.07733333333333334 0.031 0.04933333333333333
3 0.6465 0.1 0.0305 0.04533333333333334
3 0.6445 0.058666666666666666 0.029 0.04666666666666667
3 0.646 0.024666666666666667 0.0255 0.04133333333333333
3 0.6505 0.002 0.0215 0.030666666666666665
1 0.6785 0.021333333333333333 0.0075 0.03
1 0.683 0.03666666666666667 0.004 0.017333333333333333
3 0.5575 0.030666666666666665 0.0255 0.04733333333333333
3 0.5645 0.012 0.0205 0.032
3 0.5715 0.0 0.024 0.02666666666666667
1 0.4025 0.282 0.018 0.051333333333333335
