3 0.85 0.5186666666666667 0.0485 0.074
3 0.9175 0.8266666666666667 0.0825 0.09066666666666667
3 0.818 0.908 0.115 0.092
3 0.651 0.626 0.0865 0.08
1 0.73 0.728 0.01 0.036
1 0.737 0.734 0.007 0.020666666666666667
1 0.802 0.6653333333333333 0.0115 0.03933333333333333
4 0.7895 0.6686666666666666 0.0335 0.034
3 0.7165 0.462 0.0695 0.07133333333333333
3 0.602 0.478 0.067 0.06333333333333334
3 0.468 0.608 0.089 0.076
2 0.6745 0.6133333333333333 0.021 0.024
3 0.604 0.364 0.0485 0.05266666666666667
1 0.64 0.352 0.0085 0.024666666666666667
3 0.707 0.29133333333333333 0.0485 0.034666666666666665
3 0.7735 0.29333333333333333 0.046 0.034666666666666665
1 0.8025 0.31733333333333336 0.011 0.024
3 0.8735 0.31866666666666665 0.0415 0.043333333333333335
3 0.1945 0.5726666666666667 0.091 0.06466666666666666
3 0.1665 0.5133333333333333 0.09 0.056
3 0.127 0.428 0.06 0.046
3 0.04 0.4653333333333333 0.069 0.05
3 0.057 0.5213333333333333 0.086 0.068
3 0.0565 0.8766666666666667 0.086 0.12333333333333334
3 0.002 0.9073333333333333 0.0475 0.09133333333333334
3 0.323 0.42133333333333334 0.0725 0.05333333333333334
3 0.275 0.376 0.065 0.038
3 0.2625 0.3546666666666667 0.065 0.03133333333333333
3 0.116 0.274 0.0325 0.037333333333333336
3 0.086 0.282 0.03 0.03666666666666667
3 0.0165 0.2946666666666667 0.0335 0.043333333333333335
3 0.301 0.20066666666666666 0.0265 0.03
3 0.272 0.204 0.028 0.02666666666666667
3 0.2355 0.252 0.0485 0.024666666666666667
3 0.2305 0.236 0.044 0.024
3 0.515 0.48333333333333334 0.0585 0.062
3 0.4355 0.41733333333333333 0.0405 0.05533333333333333
3 0.4025 0.3933333333333333 0.039 0.042666666666666665
3 0.38 0.36733333333333335 0.032 0.042666666666666665
3 0.3455 0.3353333333333333 0.036 0.048666666666666664
3 0.3275 0.31933333333333336 0.0315 0.04
1 0.3465 0.2693333333333333 0.0075 0.023333333333333334
3 0.4375 0.338 0.0375 0.04533333333333334
3 0.409 0.31533333333333335 0.0375 0.042
1 0.4105 0.338 0.009 0.023333333333333334
4 0.408 0.3473333333333333 0.0165 0.018
2 0.1555 0.264 0.021 0.016666666666666666
4 0.4045 0.26266666666666666 0.0115 0.018
1 0.4065 0.254 0.007 0.021333333333333333
3 0.409 0.14666666666666667 0.0275 0.02
3 0.473 0.14133333333333334 0.0295 0.024666666666666667
3 0.4995 0.152 0.028 0.02666666666666667
3 0.451 0.122 0.0305 0.02
3 0.423 0.116 0.026 0.023333333333333334
3 0.393 0.102 0.024 0.018
8 0.5765 0.17866666666666667 0.0505 0.04666666666666667
3 0.62 0.21866666666666668 0.0385 0.027333333333333334
3 0.584 0.242 0.035 0.032
8 0.816 0.26866666666666666 0.0575 0.051333333333333335
3 0.8485 0.2813333333333333 0.0455 0.037333333333333336
8 0.863 0.25733333333333336 0.061 0.056
3 0.8985 0.2633333333333333 0.033 0.04066666666666666
3 0.9735 0.236 0.025 0.026
3 0.9635 0.208 0.0365 0.028666666666666667
1 0.9565 0.23733333333333334 0.005 0.02
4 0.9525 0.24466666666666667 0.0105 0.013333333333333334
3 0.988 0.292 0.012 0.022
1 0.9945 0.39466666666666667 0.0055 0.024
4 0.917 0.24266666666666667 0.0125 0.012666666666666666
4 0.9215 0.238 0.014 0.019333333333333334
4 0.93 0.236 0.017 0.017333333333333333
3 0.679 0.24533333333333332 0.0105 0.016666666666666666
3 0.6705 0.24333333333333335 0.0105 0.017333333333333333
3 0.6635 0.238 0.01 0.016666666666666666
2 0.6555 0.20266666666666666 0.008 0.014
3 0.5375 0.152 0.0095 0.013333333333333334
3 0.222 0.15866666666666668 0.024 0.023333333333333334
3 0.2035 0.14533333333333334 0.0245 0.02
3 0.1895 0.132 0.0225 0.021333333333333333
3 0.175 0.12 0.0205 0.018
3 0.1845 0.09666666666666666 0.0165 0.021333333333333333
3 0.164 0.054 0.014 0.017333333333333333
3 0.2215 0.224 0.0265 0.017333333333333333
3 0.144 0.12466666666666666 0.0175 0.022
3 0.2465 0.10066666666666667 0.0205 0.020666666666666667
1 0.3435 0.156 0.0035 0.014666666666666666
2 0.3425 0.16133333333333333 0.008 0.012
1 0.2255 0.11533333333333333 0.004 0.013333333333333334
4 0.224 0.12 0.0085 0.01
3 0.2115 0.07133333333333333 0.02 0.024
1 0.1755 0.07466666666666667 0.0045 0.01
4 0.1745 0.07733333333333334 0.0065 0.009333333333333334
3 0.1475 0.07 0.0135 0.015333333333333332
3 0.1645 0.108 0.0165 0.018666666666666668
3 0.152 0.096 0.0165 0.02
3 0.307 0.08533333333333333 0.019 0.015333333333333332
3 0.2335 0.036 0.018 0.018666666666666668
1 0.1405 0.050666666666666665 0.005 0.013333333333333334
3 0.133 0.076 0.0115 0.015333333333333332
3 0.1225 0.064 0.0115 0.015333333333333332
3 0.1155 0.05333333333333334 0.0135 0.015333333333333332
3 0.1005 0.02266666666666667 0.011 0.014
3 0.124 0.013333333333333334 0.012 0.015333333333333332
3 0.1515 0.025333333333333333 0.013 0.014666666666666666
3 0.3105 0.058 0.0185 0.014
1 0.3495 0.09266666666666666 0.0035 0.011333333333333334
4 0.3475 0.096 0.0065 0.010666666666666666
1 0.334 0.064 0.0055 0.016
1 0.304 0.054 0.004 0.012666666666666666
1 0.2995 0.05266666666666667 0.0035 0.014
1 0.3535 0.059333333333333335 0.003 0.012666666666666666
1 0.35 0.076 0.0045 0.014
2 0.346 0.08066666666666666 0.0095 0.009333333333333334
8 0.4005 0.08266666666666667 0.026 0.017333333333333333
3 0.3355 0.044 0.011 0.014666666666666666
3 0.312 0.038 0.0205 0.016666666666666666
3 0.2595 0.030666666666666665 0.013 0.017333333333333333
3 0.271 0.03266666666666666 0.0155 0.015333333333333332
3 0.253 0.03 0.0175 0.012666666666666666
3 0.2495 0.027333333333333334 0.0155 0.01
1 0.2405 0.02666666666666667 0.0035 0.011333333333333334
1 0.246 0.03 0.003 0.01
8 0.5635 0.136 0.071 0.046
