3 0.07357142857142857 0.8285714285714286 0.065 0.14857142857142858
3 0.21857142857142858 0.4857142857142857 0.05142857142857143 0.12
3 0.24928571428571428 0.44952380952380955 0.07 0.12761904761904763
4 0.29428571428571426 0.44571428571428573 0.027142857142857142 0.047619047619047616
1 0.38785714285714284 0.3380952380952381 0.011428571428571429 0.02095238095238095
1 0.42928571428571427 0.34476190476190477 0.015714285714285715 0.03142857142857143
1 0.4592857142857143 0.3438095238095238 0.016428571428571428 0.02857142857142857
4 0.38785714285714284 0.31238095238095237 0.022857142857142857 0.04380952380952381
4 0.405 0.35428571428571426 0.04071428571428572 0.022857142857142857
4 0.485 0.35333333333333333 0.03642857142857143 0.029523809523809525
1 0.49214285714285716 0.35904761904761906 0.016428571428571428 0.02095238095238095
1 0.4642857142857143 0.3161904761904762 0.01 0.021904761904761906
1 0.7278571428571429 0.24952380952380954 0.014285714285714285 0.01904761904761905
1 0.7671428571428571 0.20857142857142857 0.016428571428571428 0.025714285714285714
3 0.16642857142857143 0.8257142857142857 0.11857142857142858 0.1523809523809524
3 0.2714285714285714 0.7209523809523809 0.09071428571428572 0.1219047619047619
3 0.38357142857142856 0.5933333333333334 0.1 0.12
3 0.4757142857142857 0.5114285714285715 0.08071428571428571 0.09619047619047619
3 0.5485714285714286 0.4095238095238095 0.08571428571428572 0.11238095238095239
3 0.7064285714285714 0.30666666666666664 0.09642857142857143 0.1
