3 0.69258872651357 0.6493506493506493 0.05323590814196242 0.05287569573283859
3 0.5448851774530271 0.725417439703154 0.05271398747390397 0.04081632653061224
3 0.47390396659707723 0.7263450834879406 0.05323590814196242 0.045454545454545456
3 0.6377870563674322 0.3608534322820037 0.044363256784968684 0.036178107606679034
4 0.6351774530271399 0.2847866419294991 0.014613778705636743 0.01855287569573284
4 0.6403966597077244 0.3339517625231911 0.01722338204592902 0.014842300556586271
3 0.6064718162839249 0.2532467532467532 0.037578288100208766 0.029684601113172542
4 0.5975991649269311 0.19573283858998144 0.012526096033402923 0.02040816326530612
3 0.5887265135699373 0.06586270871985157 0.03444676409185804 0.02504638218923933
3 0.5558455114822547 0.07235621521335807 0.029227557411273485 0.02411873840445269
3 0.541231732776618 0.015769944341372914 0.02139874739039666 0.02504638218923933
3 0.5532359081419624 0.00463821892393321 0.019311064718162838 0.023191094619666047
3 0.6007306889352818 0.0 0.026096033402922755 0.022263450834879406
3 0.49373695198329853 0.012987012987012988 0.027139874739039668 0.026901669758812616
1 0.5109603340292276 0.00463821892393321 0.003131524008350731 0.012059369202226345
1 0.5177453027139874 0.0027829313543599257 0.004697286012526096 0.013914656771799629
3 0.3235908141962422 0.1038961038961039 0.032359081419624215 0.038033395176252316
3 0.3235908141962422 0.04638218923933209 0.028183716075156576 0.02504638218923933
3 0.331419624217119 0.03896103896103896 0.02139874739039666 0.013914656771799629
3 0.3011482254697286 0.027829313543599257 0.029227557411273485 0.023191094619666047
1 0.2661795407098121 0.012059369202226345 0.007828810020876827 0.016697588126159554
3 0.22390396659707723 0.04081632653061224 0.02661795407098121 0.029684601113172542
3 0.0 0.9387755102040817 0.04697286012526096 0.055658627087198514
