8 0.15 0.5495238095238095 0.045714285714285714 0.022857142857142857
8 0.15214285714285714 0.5752380952380952 0.095 0.022857142857142857
8 0.15142857142857144 0.6009523809523809 0.09571428571428571 0.023809523809523808
3 0.27785714285714286 0.47714285714285715 0.014285714285714285 0.04
3 0.3028571428571429 0.48 0.013571428571428571 0.030476190476190476
3 0.2892857142857143 0.6638095238095238 0.013571428571428571 0.0380952380952381
3 0.30714285714285716 0.6761904761904762 0.015 0.039047619047619046
8 0.575 0.9476190476190476 0.020714285714285713 0.05238095238095238
4 0.5528571428571428 0.8752380952380953 0.007142857142857143 0.018095238095238095
4 0.5685714285714286 0.8133333333333334 0.007857142857142858 0.01619047619047619
4 0.555 0.7790476190476191 0.005714285714285714 0.017142857142857144
3 0.8171428571428572 0.9142857142857143 0.015714285714285715 0.0380952380952381
3 0.5742857142857143 0.5676190476190476 0.012142857142857143 0.039047619047619046
3 0.69 0.5314285714285715 0.013571428571428571 0.040952380952380955
3 0.6942857142857143 0.6057142857142858 0.013571428571428571 0.037142857142857144
6 0.6978571428571428 0.7352380952380952 0.024285714285714285 0.09238095238095238
4 0.7271428571428571 0.8019047619047619 0.005714285714285714 0.01904761904761905
4 0.7378571428571429 0.9266666666666666 0.007142857142857143 0.018095238095238095
8 0.7878571428571428 0.7666666666666667 0.02 0.05047619047619047
2 0.5564285714285714 0.5895238095238096 0.012142857142857143 0.029523809523809525
2 0.5442857142857143 0.5514285714285714 0.010714285714285714 0.02761904761904762
4 0.5585714285714286 0.5542857142857143 0.0064285714285714285 0.015238095238095238
8 0.5564285714285714 0.4980952380952381 0.013571428571428571 0.040952380952380955
3 0.57 0.4361904761904762 0.014285714285714285 0.03619047619047619
3 0.69 0.46 0.012857142857142857 0.03619047619047619
3 0.5628571428571428 0.3076190476190476 0.012857142857142857 0.040952380952380955
3 0.5607142857142857 0.2361904761904762 0.013571428571428571 0.0380952380952381
3 0.5521428571428572 0.11619047619047619 0.016428571428571428 0.039047619047619046
4 0.5835714285714285 0.2923809523809524 0.007857142857142858 0.018095238095238095
4 0.5485714285714286 0.2123809523809524 0.007142857142857143 0.01904761904761905
8 0.6885714285714286 0.39904761904761904 0.013571428571428571 0.04285714285714286
3 0.69 0.3466666666666667 0.012142857142857143 0.03619047619047619
3 0.69 0.29714285714285715 0.015 0.03619047619047619
8 0.6885714285714286 0.2057142857142857 0.023571428571428573 0.07333333333333333
8 0.7064285714285714 0.12095238095238095 0.027857142857142858 0.08476190476190476
8 0.6857142857142857 0.11619047619047619 0.020714285714285713 0.04857142857142857
4 0.7171428571428572 0.08285714285714285 0.007142857142857143 0.017142857142857144
3 0.6921428571428572 0.0 0.014285714285714285 0.02095238095238095
3 0.675 0.0 0.012142857142857143 0.02095238095238095
3 0.8492857142857143 0.04380952380952381 0.02142857142857143 0.02095238095238095
4 0.5714285714285714 0.005714285714285714 0.011428571428571429 0.01619047619047619
3 0.335 0.12095238095238095 0.025714285714285714 0.02095238095238095
