1 0.4514285714285714 0.7652284263959391 0.010714285714285714 0.02284263959390863
1 0.43857142857142856 0.9670050761421319 0.008571428571428572 0.031725888324873094
1 0.42857142857142855 0.9695431472081218 0.010714285714285714 0.027918781725888325
1 0.3942857142857143 0.7055837563451777 0.01 0.04314720812182741
1 0.41928571428571426 0.48223350253807107 0.01 0.025380710659898477
1 0.4092857142857143 0.4733502538071066 0.007857142857142858 0.02918781725888325
1 0.5264285714285715 0.7271573604060914 0.01 0.031725888324873094
1 0.5278571428571428 0.7246192893401016 0.007142857142857143 0.021573604060913704
1 0.42 0.48096446700507617 0.008571428571428572 0.013959390862944163
1 0.45285714285714285 0.6472081218274112 0.01 0.02030456852791878
1 0.465 0.6687817258883249 0.007857142857142858 0.017766497461928935
1 0.47214285714285714 0.6751269035532995 0.007857142857142858 0.02284263959390863
1 0.46714285714285714 0.6560913705583756 0.007857142857142858 0.015228426395939087
1 0.475 0.6611675126903553 0.005714285714285714 0.01903553299492386
1 0.6057142857142858 0.5583756345177665 0.007142857142857143 0.021573604060913704
1 0.6007142857142858 0.5647208121827412 0.0064285714285714285 0.01649746192893401
1 0.58 0.5697969543147208 0.01 0.013959390862944163
1 0.5571428571428572 0.5291878172588832 0.0064285714285714285 0.015228426395939087
1 0.5735714285714286 0.5177664974619289 0.007142857142857143 0.02918781725888325
1 0.5657142857142857 0.5088832487309645 0.008571428571428572 0.03680203045685279
1 0.47 0.5532994923857868 0.008571428571428572 0.027918781725888325
1 0.45357142857142857 0.43781725888324874 0.008571428571428572 0.027918781725888325
1 0.44785714285714284 0.4302030456852792 0.007142857142857143 0.030456852791878174
1 0.4607142857142857 0.41243654822335024 0.0064285714285714285 0.031725888324873094
1 0.4642857142857143 0.4022842639593909 0.007142857142857143 0.03426395939086294
1 0.5528571428571428 0.3223350253807107 0.007857142857142858 0.013959390862944163
1 0.5728571428571428 0.33883248730964466 0.007857142857142858 0.011421319796954314
1 0.5828571428571429 0.3350253807106599 0.007857142857142858 0.01649746192893401
1 0.58 0.3210659898477157 0.008571428571428572 0.01903553299492386
1 0.6607142857142857 0.21065989847715735 0.007857142857142858 0.01649746192893401
1 0.6778571428571428 0.20050761421319796 0.007142857142857143 0.02918781725888325
1 0.5028571428571429 0.1548223350253807 0.007142857142857143 0.027918781725888325
1 0.49785714285714283 0.1649746192893401 0.004285714285714286 0.021573604060913704
1 0.4657142857142857 0.08121827411167512 0.0064285714285714285 0.017766497461928935
1 0.5814285714285714 0.06852791878172589 0.005 0.013959390862944163
1 0.5778571428571428 0.07741116751269035 0.004285714285714286 0.01015228426395939
1 0.6007142857142858 0.03934010152284264 0.0064285714285714285 0.025380710659898477
1 0.6078571428571429 0.03807106598984772 0.007857142857142858 0.0266497461928934
1 0.46285714285714286 0.017766497461928935 0.008571428571428572 0.01903553299492386
3 0.8442857142857143 0.42385786802030456 0.06714285714285714 0.12944162436548223
1 0.7142857142857143 0.37182741116751267 0.01 0.021573604060913704
1 0.7114285714285714 0.3680203045685279 0.010714285714285714 0.01649746192893401
1 0.6914285714285714 0.25380710659898476 0.007857142857142858 0.024111675126903553
1 0.5714285714285714 0.315989847715736 0.01 0.01649746192893401
1 0.43214285714285716 0.1700507614213198 0.007857142857142858 0.017766497461928935
