3 0.022857142857142857 0.06725888324873096 0.03142857142857143 0.024111675126903553
6 0.0 0.09263959390862944 0.027857142857142858 0.05583756345177665
6 0.23857142857142857 0.10406091370558376 0.041428571428571426 0.03553299492385787
3 0.2842857142857143 0.0850253807106599 0.03 0.02284263959390863
3 0.2978571428571429 0.1446700507614213 0.03142857142857143 0.02284263959390863
3 0.3557142857142857 0.06472081218274112 0.014285714285714285 0.03553299492385787
3 0.3757142857142857 0.09390862944162437 0.03 0.025380710659898477
3 0.48714285714285716 0.021573604060913704 0.012142857142857143 0.03426395939086294
3 0.5042857142857143 0.1065989847715736 0.03 0.0266497461928934
3 0.5571428571428572 0.05964467005076142 0.010714285714285714 0.03934010152284264
3 0.6071428571428571 0.02918781725888325 0.011428571428571429 0.03807106598984772
3 0.6078571428571429 0.10152284263959391 0.009285714285714286 0.02918781725888325
8 0.6321428571428571 0.03426395939086294 0.015714285714285715 0.07614213197969544
8 0.9128571428571428 0.05456852791878172 0.025 0.06345177664974619
6 0.6871428571428572 0.15228426395939088 0.04357142857142857 0.03553299492385787
3 0.9235714285714286 0.5126903553299492 0.017857142857142856 0.05456852791878172
8 0.7828571428571428 0.8540609137055838 0.018571428571428572 0.07868020304568528
3 0.7507142857142857 0.8464467005076142 0.015 0.06091370558375635
3 0.7114285714285714 0.9454314720812182 0.03642857142857143 0.02918781725888325
6 0.6607142857142857 0.7944162436548223 0.02642857142857143 0.1751269035532995
3 0.5192857142857142 0.8058375634517766 0.017857142857142856 0.06345177664974619
3 0.445 0.7626903553299492 0.017142857142857144 0.06725888324873096
3 0.4342857142857143 0.5545685279187818 0.013571428571428571 0.05456852791878172
3 0.32071428571428573 0.501269035532995 0.013571428571428571 0.04568527918781726
4 0.4092857142857143 0.5342639593908629 0.0064285714285714285 0.025380710659898477
1 0.4092857142857143 0.5380710659898477 0.005714285714285714 0.015228426395939087
3 0.45285714285714285 0.13324873096446702 0.027142857142857142 0.0266497461928934
3 0.36 0.24619289340101522 0.012142857142857143 0.04060913705583756
6 0.2764285714285714 0.15228426395939088 0.022857142857142857 0.0901015228426396
4 0.395 0.2639593908629442 0.005 0.02030456852791878
1 0.39357142857142857 0.2639593908629442 0.005 0.015228426395939087
3 0.39071428571428574 0.21192893401015228 0.012142857142857143 0.03680203045685279
3 0.41714285714285715 0.2233502538071066 0.011428571428571429 0.03426395939086294
3 0.4442857142857143 0.2182741116751269 0.010714285714285714 0.04314720812182741
3 0.495 0.2398477157360406 0.012857142857142857 0.050761421319796954
3 0.43785714285714283 0.31218274111675126 0.012857142857142857 0.04568527918781726
6 0.6378571428571429 0.10406091370558376 0.07 0.04949238578680203
3 0.7364285714285714 0.19796954314720813 0.027142857142857142 0.02284263959390863
6 0.6892857142857143 0.19289340101522842 0.019285714285714285 0.06725888324873096
6 0.6314285714285715 0.28426395939086296 0.017857142857142856 0.11802030456852793
3 0.605 0.41243654822335024 0.012142857142857143 0.05203045685279188
4 0.5807142857142857 0.45558375634517767 0.004285714285714286 0.02918781725888325
1 0.5807142857142857 0.4631979695431472 0.005714285714285714 0.011421319796954314
8 0.8564285714285714 0.217005076142132 0.015 0.0583756345177665
6 0.06 0.9022842639593909 0.039285714285714285 0.09644670050761421
3 0.04857142857142857 0.8540609137055838 0.025 0.0532994923857868
3 0.013571428571428571 0.7868020304568528 0.027142857142857142 0.05456852791878172
