3 0.0 0.86 0.06571428571428571 0.04380952380952381
2 0.017857142857142856 0.920952380952381 0.017857142857142856 0.035238095238095235
2 0.035 0.638095238095238 0.065 0.04285714285714286
1 0.095 0.7019047619047619 0.017142857142857144 0.01619047619047619
1 0.30142857142857143 0.7876190476190477 0.016428571428571428 0.01619047619047619
4 0.08714285714285715 0.7019047619047619 0.03428571428571429 0.01619047619047619
4 0.04428571428571428 0.7942857142857143 0.039285714285714285 0.01619047619047619
4 0.29428571428571426 0.7866666666666666 0.03642857142857143 0.017142857142857144
3 0.12142857142857143 0.9180952380952381 0.08642857142857142 0.06190476190476191
3 0.435 0.7523809523809524 0.075 0.05142857142857143
1 0.1 0.49714285714285716 0.015714285714285715 0.018095238095238095
1 0.2742857142857143 0.49333333333333335 0.016428571428571428 0.01619047619047619
1 0.275 0.47619047619047616 0.009285714285714286 0.01904761904761905
3 0.15857142857142856 0.5752380952380952 0.075 0.045714285714285714
3 0.24571428571428572 0.5828571428571429 0.06642857142857143 0.04
3 0.3942857142857143 0.5780952380952381 0.07 0.04476190476190476
3 0.4757142857142857 0.5847619047619048 0.06428571428571428 0.039047619047619046
1 0.5785714285714286 0.6876190476190476 0.008571428571428572 0.012380952380952381
1 0.5692857142857143 0.6857142857142857 0.011428571428571429 0.015238095238095238
1 0.6278571428571429 0.660952380952381 0.009285714285714286 0.012380952380952381
1 0.6421428571428571 0.6619047619047619 0.014285714285714285 0.013333333333333334
1 0.6971428571428572 0.7047619047619048 0.011428571428571429 0.018095238095238095
4 0.5585714285714286 0.6828571428571428 0.035 0.02095238095238095
4 0.6857142857142857 0.7047619047619048 0.035 0.017142857142857144
2 0.6264285714285714 0.6295238095238095 0.055 0.029523809523809525
1 0.6242857142857143 0.64 0.008571428571428572 0.01904761904761905
2 0.5957142857142858 0.8295238095238096 0.056428571428571425 0.03238095238095238
1 0.6921428571428572 0.9514285714285714 0.014285714285714285 0.01619047619047619
3 0.685 0.5914285714285714 0.07428571428571429 0.0419047619047619
1 0.8057142857142857 0.7066666666666667 0.011428571428571429 0.017142857142857144
1 0.8157142857142857 0.7076190476190476 0.008571428571428572 0.01619047619047619
1 0.8885714285714286 0.7133333333333334 0.015 0.017142857142857144
1 0.9342857142857143 0.6580952380952381 0.011428571428571429 0.017142857142857144
4 0.795 0.7104761904761905 0.03428571428571429 0.009523809523809525
4 0.8771428571428571 0.7152380952380952 0.032857142857142856 0.01619047619047619
4 0.9185714285714286 0.660952380952381 0.03642857142857143 0.013333333333333334
1 0.8478571428571429 0.9771428571428571 0.013571428571428571 0.01904761904761905
4 0.8335714285714285 0.9761904761904762 0.039285714285714285 0.022857142857142857
