3 0.6014285714285714 0.8066666666666666 0.037142857142857144 0.08285714285714285
3 0.7585714285714286 0.8476190476190476 0.045714285714285714 0.08285714285714285
3 0.7371428571428571 0.5380952380952381 0.025 0.023809523809523808
3 0.585 0.5047619047619047 0.03785714285714286 0.01904761904761905
3 0.37642857142857145 0.4780952380952381 0.03 0.023809523809523808
3 0.19785714285714287 0.4847619047619048 0.04071428571428572 0.021904761904761906
3 0.32857142857142857 0.3180952380952381 0.015 0.013333333333333334
3 0.2892857142857143 0.36095238095238097 0.017142857142857144 0.014285714285714285
3 0.1792857142857143 0.41904761904761906 0.032857142857142856 0.02
3 0.0007142857142857143 0.48857142857142855 0.03142857142857143 0.018095238095238095
3 0.3 0.32761904761904764 0.020714285714285713 0.012380952380952381
3 0.2957142857142857 0.34285714285714286 0.020714285714285713 0.014285714285714285
1 0.18357142857142858 0.39904761904761904 0.005714285714285714 0.012380952380952381
1 0.19285714285714287 0.6276190476190476 0.005714285714285714 0.017142857142857144
4 0.4692857142857143 0.799047619047619 0.007857142857142858 0.024761904761904763
1 0.47 0.799047619047619 0.0064285714285714285 0.012380952380952381
3 0.4585714285714286 0.2866666666666667 0.016428571428571428 0.011428571428571429
3 0.42642857142857143 0.21047619047619048 0.02 0.011428571428571429
3 0.5192857142857142 0.2580952380952381 0.008571428571428572 0.011428571428571429
3 0.535 0.24666666666666667 0.009285714285714286 0.009523809523809525
3 0.5671428571428572 0.2580952380952381 0.0064285714285714285 0.007619047619047619
3 0.5607142857142857 0.24571428571428572 0.007857142857142858 0.007619047619047619
3 0.5535714285714286 0.21619047619047618 0.005714285714285714 0.007619047619047619
3 0.5442857142857143 0.21333333333333335 0.007142857142857143 0.007619047619047619
3 0.5164285714285715 0.21619047619047618 0.009285714285714286 0.012380952380952381
3 0.5335714285714286 0.22857142857142856 0.007142857142857143 0.008571428571428572
3 0.5271428571428571 0.2276190476190476 0.005714285714285714 0.008571428571428572
3 0.5392857142857143 0.2057142857142857 0.004285714285714286 0.006666666666666667
3 0.5442857142857143 0.2038095238095238 0.005714285714285714 0.005714285714285714
3 0.5471428571428572 0.19523809523809524 0.005 0.006666666666666667
3 0.5378571428571428 0.19523809523809524 0.005714285714285714 0.007619047619047619
3 0.5392857142857143 0.2123809523809524 0.004285714285714286 0.004761904761904762
3 0.5114285714285715 0.1980952380952381 0.007142857142857143 0.008571428571428572
3 0.5185714285714286 0.18761904761904763 0.007142857142857143 0.008571428571428572
3 0.5107142857142857 0.17047619047619048 0.0064285714285714285 0.007619047619047619
3 0.5164285714285715 0.13047619047619047 0.005 0.004761904761904762
3 0.5178571428571429 0.22952380952380952 0.007142857142857143 0.008571428571428572
3 0.5278571428571428 0.15904761904761905 0.005 0.005714285714285714
3 0.525 0.15428571428571428 0.0035714285714285713 0.002857142857142857
3 0.5235714285714286 0.14952380952380953 0.0035714285714285713 0.002857142857142857
3 0.5214285714285715 0.13904761904761906 0.004285714285714286 0.004761904761904762
3 0.5221428571428571 0.1438095238095238 0.004285714285714286 0.004761904761904762
3 0.5157142857142857 0.12095238095238095 0.004285714285714286 0.0038095238095238095
3 0.5214285714285715 0.12 0.004285714285714286 0.005714285714285714
3 0.5235714285714286 0.12571428571428572 0.004285714285714286 0.005714285714285714
3 0.5092857142857142 0.14095238095238094 0.005 0.005714285714285714
3 0.5078571428571429 0.1361904761904762 0.004285714285714286 0.0038095238095238095
3 0.5078571428571429 0.1180952380952381 0.0064285714285714285 0.004761904761904762
3 0.5028571428571429 0.11904761904761904 0.005 0.007619047619047619
3 0.51 0.12571428571428572 0.004285714285714286 0.006666666666666667
3 0.5064285714285715 0.12761904761904763 0.0035714285714285713 0.004761904761904762
3 0.5092857142857142 0.11238095238095239 0.004285714285714286 0.0038095238095238095
3 0.5057142857142857 0.10476190476190476 0.005714285714285714 0.006666666666666667
3 0.66 0.29523809523809524 0.017857142857142856 0.009523809523809525
3 0.7392857142857143 0.32 0.017142857142857144 0.010476190476190476
1 0.7235714285714285 0.2619047619047619 0.002857142857142857 0.008571428571428572
1 0.7192857142857143 0.2571428571428571 0.002857142857142857 0.008571428571428572
1 0.7578571428571429 0.26857142857142857 0.002142857142857143 0.007619047619047619
3 0.6842857142857143 0.2714285714285714 0.01 0.011428571428571429
3 0.6585714285714286 0.2523809523809524 0.008571428571428572 0.012380952380952381
3 0.6721428571428572 0.23809523809523808 0.007857142857142858 0.007619047619047619
3 0.6257142857142857 0.29619047619047617 0.017142857142857144 0.011428571428571429
3 0.6078571428571429 0.2619047619047619 0.007857142857142858 0.012380952380952381
3 0.8157142857142857 0.4942857142857143 0.023571428571428573 0.022857142857142857
3 0.8578571428571429 0.4504761904761905 0.020714285714285713 0.018095238095238095
3 0.8428571428571429 0.36857142857142855 0.016428571428571428 0.015238095238095238
3 0.8621428571428571 0.3438095238095238 0.02857142857142857 0.018095238095238095
3 0.8185714285714286 0.3523809523809524 0.023571428571428573 0.017142857142857144
3 0.7857142857142857 0.31523809523809526 0.017857142857142856 0.012380952380952381
3 0.765 0.31523809523809526 0.017142857142857144 0.010476190476190476
3 0.8178571428571428 0.32285714285714284 0.02142857142857143 0.014285714285714285
3 0.7935714285714286 0.3333333333333333 0.022857142857142857 0.013333333333333334
3 0.8135714285714286 0.3314285714285714 0.019285714285714285 0.013333333333333334
1 0.9114285714285715 0.32285714285714284 0.002857142857142857 0.008571428571428572
3 0.88 0.46 0.02 0.021904761904761906
4 0.7892857142857143 0.5238095238095238 0.015 0.009523809523809525
1 0.7914285714285715 0.5171428571428571 0.01 0.011428571428571429
3 0.9378571428571428 0.41904761904761906 0.017857142857142856 0.015238095238095238
3 0.9364285714285714 0.3619047619047619 0.025714285714285714 0.015238095238095238
1 0.9821428571428571 0.37333333333333335 0.0064285714285714285 0.008571428571428572
4 0.9792857142857143 0.3780952380952381 0.009285714285714286 0.007619047619047619
4 0.9728571428571429 0.3638095238095238 0.007142857142857143 0.005714285714285714
4 0.9842857142857143 0.36666666666666664 0.007857142857142858 0.004761904761904762
1 0.9642857142857143 0.33714285714285713 0.002857142857142857 0.008571428571428572
1 0.9657142857142857 0.3485714285714286 0.0035714285714285713 0.007619047619047619
1 0.9757142857142858 0.3580952380952381 0.004285714285714286 0.008571428571428572
1 0.9871428571428571 0.3619047619047619 0.004285714285714286 0.009523809523809525
