3 0.5757142857142857 0.7525380710659898 0.06571428571428571 0.0532994923857868
3 0.56 0.7119289340101523 0.056428571428571425 0.04568527918781726
3 0.6707142857142857 0.4746192893401015 0.03571428571428571 0.046954314720812185
3 0.6821428571428572 0.27284263959390864 0.017857142857142856 0.05710659898477157
3 0.64 0.2703045685279188 0.018571428571428572 0.046954314720812185
1 0.6642857142857143 0.26015228426395937 0.0064285714285714285 0.02918781725888325
1 0.6692857142857143 0.2652284263959391 0.004285714285714286 0.01903553299492386
3 0.615 0.3197969543147208 0.018571428571428572 0.06091370558375635
3 0.5921428571428572 0.32614213197969544 0.019285714285714285 0.0532994923857868
3 0.5714285714285714 0.3236040609137056 0.017857142857142856 0.05583756345177665
3 0.5478571428571428 0.3236040609137056 0.02 0.05583756345177665
6 0.525 0.3197969543147208 0.020714285714285713 0.07487309644670051
1 0.47285714285714286 0.7703045685279187 0.009285714285714286 0.03299492385786802
1 0.45714285714285713 0.7411167512690355 0.007857142857142858 0.031725888324873094
3 0.385 0.5329949238578681 0.03571428571428571 0.07614213197969544
3 0.3578571428571429 0.48096446700507617 0.03785714285714286 0.06979695431472081
3 0.4207142857142857 0.46954314720812185 0.035 0.06091370558375635
3 0.3892857142857143 0.39593908629441626 0.032857142857142856 0.06598984771573604
3 0.43142857142857144 0.3946700507614213 0.037142857142857144 0.07868020304568528
3 0.4228571428571429 0.3489847715736041 0.047142857142857146 0.03553299492385787
3 0.41928571428571426 0.2906091370558376 0.045 0.04568527918781726
3 0.37142857142857144 0.2906091370558376 0.02857142857142857 0.03807106598984772
3 0.2914285714285714 0.3401015228426396 0.032857142857142856 0.0532994923857868
3 0.32 0.2918781725888325 0.03642857142857143 0.046954314720812185
3 0.28785714285714287 0.25761421319796957 0.03642857142857143 0.06091370558375635
3 0.2907142857142857 0.20304568527918782 0.04285714285714286 0.04949238578680203
3 0.285 0.18527918781725888 0.04 0.0532994923857868
3 0.27785714285714286 0.1751269035532995 0.04285714285714286 0.04060913705583756
3 0.24642857142857144 0.16370558375634517 0.02642857142857143 0.05456852791878172
3 0.23 0.17639593908629442 0.023571428571428573 0.04314720812182741
8 0.2 0.14720812182741116 0.039285714285714285 0.08629441624365482
3 0.175 0.21573604060913706 0.03857142857142857 0.04060913705583756
3 0.14642857142857144 0.2753807106598985 0.037142857142857144 0.02918781725888325
3 0.15571428571428572 0.2512690355329949 0.037142857142857144 0.03807106598984772
3 0.16285714285714287 0.233502538071066 0.04285714285714286 0.04060913705583756
