3 0.27285714285714285 0.17904761904761904 0.03571428571428571 0.030476190476190476
3 0.37142857142857144 0.21904761904761905 0.027857142857142858 0.029523809523809525
3 0.3585714285714286 0.23904761904761904 0.030714285714285715 0.03142857142857143
8 0.3464285714285714 0.259047619047619 0.03785714285714286 0.03428571428571429
3 0.3242857142857143 0.33714285714285713 0.03357142857142857 0.030476190476190476
3 0.315 0.3580952380952381 0.032857142857142856 0.02761904761904762
3 0.31785714285714284 0.7466666666666667 0.020714285714285713 0.045714285714285714
3 0.335 0.7619047619047619 0.02214285714285714 0.040952380952380955
3 0.38 0.780952380952381 0.023571428571428573 0.04285714285714286
3 0.405 0.7942857142857143 0.02 0.0419047619047619
3 0.4442857142857143 0.8085714285714286 0.02 0.0419047619047619
3 0.44571428571428573 0.6371428571428571 0.022857142857142857 0.03619047619047619
3 0.49142857142857144 0.6561904761904762 0.02142857142857143 0.04285714285714286
3 0.5121428571428571 0.6714285714285714 0.018571428571428572 0.03333333333333333
