1 0.095 0.41619047619047617 0.05 0.12
1 0.19642857142857142 0.32285714285714284 0.03428571428571429 0.07428571428571429
1 0.32785714285714285 0.2914285714285714 0.017142857142857144 0.05523809523809524
1 0.3607142857142857 0.2904761904761905 0.03142857142857143 0.08095238095238096
1 0.40214285714285714 0.3 0.02642857142857143 0.07333333333333333
1 0.4471428571428571 0.26857142857142857 0.020714285714285713 0.06952380952380953
1 0.47928571428571426 0.43714285714285717 0.03642857142857143 0.14095238095238094
1 0.5128571428571429 0.3361904761904762 0.035 0.06
1 0.47214285714285714 0.3523809523809524 0.03 0.1
1 0.4592857142857143 0.3466666666666667 0.03 0.09047619047619047
1 0.11785714285714285 0.3980952380952381 0.05285714285714286 0.12476190476190477
1 0.25285714285714284 0.5133333333333333 0.06714285714285714 0.15047619047619049
1 0.2985714285714286 0.5333333333333333 0.039285714285714285 0.12380952380952381
1 0.0 0.44857142857142857 0.04642857142857143 0.1361904761904762
1 0.032857142857142856 0.5828571428571429 0.06714285714285714 0.15619047619047619
1 0.21285714285714286 0.5666666666666667 0.062142857142857146 0.17809523809523808
1 0.30714285714285716 0.6047619047619047 0.05071428571428571 0.15142857142857144
1 0.39 0.5876190476190476 0.05928571428571429 0.1580952380952381
1 0.5121428571428571 0.5876190476190476 0.04857142857142857 0.15904761904761905
1 0.6307142857142857 0.5628571428571428 0.055 0.16
1 0.68 0.6 0.04857142857142857 0.15904761904761905
1 0.7728571428571429 0.5771428571428572 0.05142857142857143 0.17333333333333334
1 0.83 0.5723809523809524 0.06928571428571428 0.17238095238095238
1 0.8964285714285715 0.5942857142857143 0.04857142857142857 0.14
1 0.9478571428571428 0.5533333333333333 0.052142857142857144 0.18761904761904763
1 0.9335714285714286 0.8542857142857143 0.045714285714285714 0.12380952380952381
1 0.9135714285714286 0.34 0.04928571428571429 0.08476190476190476
1 0.6728571428571428 0.3323809523809524 0.03642857142857143 0.07428571428571429
1 0.6457142857142857 0.3380952380952381 0.04 0.06190476190476191
1 0.7114285714285714 0.32095238095238093 0.02857142857142857 0.054285714285714284
1 0.45571428571428574 0.24571428571428572 0.011428571428571429 0.05238095238095238
1 0.017857142857142856 0.4514285714285714 0.03571428571428571 0.08857142857142856
1 0.22428571428571428 0.5523809523809524 0.03857142857142857 0.08476190476190476
