1 0.175 0.008666666666666666 0.0125 0.022
1 0.186 0.004 0.0175 0.02266666666666667
1 0.199 0.027333333333333334 0.0185 0.018666666666666668
3 0.342 0.14933333333333335 0.032 0.08133333333333333
3 0.3805 0.0 0.0565 0.024666666666666667
3 0.3895 0.018 0.052 0.046
3 0.3965 0.062 0.049 0.042
8 0.3865 0.08866666666666667 0.063 0.056666666666666664
1 0.4725 0.11 0.0075 0.021333333333333333
3 0.4475 0.04066666666666666 0.0265 0.08466666666666667
3 0.3955 0.16333333333333333 0.053 0.042
3 0.536 0.08133333333333333 0.0275 0.08066666666666666
3 0.529 0.17266666666666666 0.0435 0.07733333333333334
3 0.395 0.22133333333333333 0.0575 0.04533333333333334
3 0.403 0.2826666666666667 0.056 0.038
3 0.5265 0.25 0.044 0.07533333333333334
1 0.5195 0.33666666666666667 0.007 0.017333333333333333
1 0.5255 0.3413333333333333 0.0055 0.01
3 0.5375 0.3606666666666667 0.027 0.07533333333333334
3 0.5605 0.368 0.0325 0.07266666666666667
1 0.474 0.45466666666666666 0.007 0.008666666666666666
3 0.4145 0.42733333333333334 0.0655 0.037333333333333336
1 0.4505 0.49 0.01 0.010666666666666666
3 0.3945 0.568 0.052 0.030666666666666665
1 0.387 0.608 0.0095 0.01
1 0.495 0.5426666666666666 0.005 0.01
1 0.5205 0.4613333333333333 0.0095 0.010666666666666666
3 0.524 0.0 0.0285 0.04133333333333333
8 0.592 0.138 0.07 0.058666666666666666
1 0.685 0.4186666666666667 0.0115 0.009333333333333334
1 0.6845 0.428 0.011 0.008
1 0.7075 0.4066666666666667 0.006 0.013333333333333334
1 0.7215 0.37333333333333335 0.019 0.013333333333333334
1 0.7465 0.406 0.012 0.012
2 0.748 0.44133333333333336 0.02 0.021333333333333333
1 0.7115 0.432 0.0115 0.008
1 0.699 0.438 0.0115 0.008
2 0.673 0.44266666666666665 0.015 0.013333333333333334
3 0.5825 0.5153333333333333 0.052 0.028666666666666667
3 0.5555 0.5553333333333333 0.055 0.035333333333333335
1 0.614 0.5953333333333334 0.0105 0.011333333333333334
1 0.6455 0.5906666666666667 0.0105 0.011333333333333334
1 0.7215 0.594 0.0135 0.011333333333333334
1 0.768 0.614 0.0105 0.012666666666666666
3 0.631 0.554 0.0545 0.03333333333333333
3 0.661 0.5993333333333334 0.058 0.034
3 0.721 0.5613333333333334 0.0555 0.030666666666666665
3 0.7805 0.5233333333333333 0.0315 0.07133333333333333
4 0.838 0.536 0.0105 0.024666666666666667
1 0.8245 0.5853333333333334 0.0135 0.012666666666666666
1 0.8295 0.61 0.0075 0.005333333333333333
1 0.845 0.616 0.011 0.012666666666666666
1 0.8225 0.628 0.013 0.011333333333333334
3 0.722 0.6373333333333333 0.0545 0.036
2 0.8055 0.6786666666666666 0.012 0.028
1 0.805 0.686 0.0135 0.016666666666666666
3 0.72 0.678 0.0795 0.03266666666666666
3 0.692 0.654 0.0315 0.08266666666666667
4 0.7325 0.746 0.011 0.03
1 0.8275 0.844 0.0185 0.017333333333333333
2 0.8555 0.8226666666666667 0.014 0.03333333333333333
4 0.8335 0.7613333333333333 0.013 0.03866666666666667
1 0.8315 0.7733333333333333 0.016 0.018
4 0.8485 0.7053333333333334 0.0095 0.03266666666666666
4 0.651 0.6593333333333333 0.0145 0.010666666666666666
2 0.654 0.6713333333333333 0.018 0.042666666666666665
3 0.626 0.7286666666666667 0.053 0.038
3 0.634 0.8286666666666667 0.0405 0.076
3 0.684 0.828 0.0305 0.07866666666666666
1 0.6735 0.856 0.006 0.008
8 0.7195 0.8153333333333334 0.0275 0.096
1 0.4735 0.5586666666666666 0.005 0.008666666666666666
1 0.4765 0.53 0.005 0.010666666666666666
2 0.512 0.688 0.008 0.030666666666666665
1 0.511 0.7006666666666667 0.0095 0.014
8 0.4995 0.808 0.012 0.046
1 0.5585 0.8733333333333333 0.0075 0.02266666666666667
1 0.593 0.924 0.0075 0.016666666666666666
1 0.53 0.9246666666666666 0.008 0.023333333333333334
1 0.8375 0.9226666666666666 0.012 0.022
1 0.828 0.9233333333333333 0.014 0.015333333333333332
4 0.8665 0.948 0.023 0.023333333333333334
1 0.872 0.9513333333333334 0.0155 0.020666666666666667
1 0.9075 0.978 0.015 0.022
1 0.8305 0.9506666666666667 0.013 0.016666666666666666
1 0.837 0.984 0.0095 0.007333333333333333
1 0.8305 0.9873333333333333 0.006 0.01
1 0.8335 0.9733333333333334 0.012 0.013333333333333334
1 0.51 0.9313333333333333 0.009 0.012666666666666666
3 0.447 0.912 0.0655 0.042666666666666665
3 0.39 0.9133333333333333 0.0555 0.046
2 0.371 0.884 0.038 0.02666666666666667
8 0.361 0.9133333333333333 0.0335 0.08666666666666667
3 0.337 0.932 0.029 0.068
4 0.3925 0.798 0.009 0.03333333333333333
4 0.3795 0.8086666666666666 0.0115 0.034666666666666665
4 0.36 0.7986666666666666 0.008 0.028666666666666667
4 0.347 0.8066666666666666 0.0085 0.028
4 0.3365 0.8046666666666666 0.0095 0.030666666666666665
4 0.3245 0.7973333333333333 0.009 0.03866666666666667
4 0.3165 0.7993333333333333 0.0105 0.035333333333333335
4 0.3065 0.8126666666666666 0.006 0.028
4 0.2995 0.7513333333333333 0.012 0.03133333333333333
4 0.2885 0.7733333333333333 0.0065 0.026
4 0.272 0.7726666666666666 0.014 0.024666666666666667
2 0.3095 0.7373333333333333 0.02 0.052
2 0.291 0.8293333333333334 0.013 0.028
4 0.2725 0.844 0.018 0.019333333333333334
2 0.267 0.75 0.0305 0.022
4 0.236 0.7986666666666666 0.019 0.013333333333333334
4 0.25 0.7786666666666666 0.011 0.017333333333333333
2 0.241 0.752 0.0325 0.027333333333333334
1 0.2125 0.842 0.0065 0.009333333333333334
2 0.228 0.8266666666666667 0.033 0.044
1 0.31 0.932 0.011 0.024666666666666667
1 0.303 0.9433333333333334 0.013 0.027333333333333334
1 0.299 0.9733333333333334 0.0175 0.024
