3 0.19071428571428573 0.2019047619047619 0.008571428571428572 0.013333333333333334
3 0.19214285714285714 0.19238095238095237 0.008571428571428572 0.013333333333333334
3 0.19357142857142856 0.17904761904761904 0.01 0.014285714285714285
3 0.19428571428571428 0.11142857142857143 0.008571428571428572 0.011428571428571429
3 0.3007142857142857 0.13714285714285715 0.01 0.012380952380952381
3 0.31642857142857145 0.1361904761904762 0.008571428571428572 0.014285714285714285
3 0.32785714285714285 0.13523809523809524 0.007857142857142858 0.015238095238095238
3 0.2714285714285714 0.11714285714285715 0.007857142857142858 0.011428571428571429
3 0.2807142857142857 0.11714285714285715 0.007857142857142858 0.011428571428571429
3 0.29714285714285715 0.07428571428571429 0.007142857142857143 0.011428571428571429
3 0.2571428571428571 0.01904761904761905 0.005714285714285714 0.008571428571428572
8 0.19428571428571428 0.08095238095238096 0.01 0.01904761904761905
3 0.3992857142857143 0.18285714285714286 0.019285714285714285 0.013333333333333334
3 0.39785714285714285 0.17714285714285713 0.02 0.012380952380952381
3 0.3657142857142857 0.13047619047619047 0.017142857142857144 0.009523809523809525
3 0.36857142857142855 0.12476190476190477 0.014285714285714285 0.008571428571428572
1 0.4471428571428571 0.37333333333333335 0.005 0.013333333333333334
1 0.22714285714285715 0.5761904761904761 0.007857142857142858 0.012380952380952381
1 0.23 0.4876190476190476 0.0064285714285714285 0.018095238095238095
1 0.22785714285714287 0.4695238095238095 0.0064285714285714285 0.017142857142857144
1 0.21571428571428572 0.43333333333333335 0.005714285714285714 0.014285714285714285
1 0.22285714285714286 0.4342857142857143 0.005 0.007619047619047619
1 0.21642857142857144 0.4038095238095238 0.007857142857142858 0.015238095238095238
2 0.2 0.32476190476190475 0.005714285714285714 0.012380952380952381
1 0.30357142857142855 0.36857142857142855 0.005 0.011428571428571429
1 0.3092857142857143 0.3638095238095238 0.004285714285714286 0.012380952380952381
1 0.31285714285714283 0.3657142857142857 0.0035714285714285713 0.015238095238095238
1 0.3157142857142857 0.3647619047619048 0.005714285714285714 0.015238095238095238
4 0.41285714285714287 0.35428571428571426 0.004285714285714286 0.014285714285714285
1 0.47928571428571426 0.3038095238095238 0.002857142857142857 0.012380952380952381
1 0.48857142857142855 0.29904761904761906 0.0035714285714285713 0.013333333333333334
3 0.63 0.29714285714285715 0.022857142857142857 0.01619047619047619
3 0.6557142857142857 0.2876190476190476 0.02214285714285714 0.018095238095238095
