3 0.4742857142857143 0.6723809523809524 0.17714285714285713 0.2057142857142857
3 0.7121428571428572 0.621904761904762 0.16 0.13047619047619047
3 0.365 0.4676190476190476 0.14714285714285713 0.13142857142857142
3 0.21142857142857144 0.3761904761904762 0.10928571428571429 0.10380952380952381
1 0.029285714285714286 0.7209523809523809 0.047857142857142855 0.049523809523809526
1 0.8114285714285714 0.7238095238095238 0.03214285714285714 0.058095238095238096
4 0.7857142857142857 0.7247619047619047 0.07785714285714286 0.06571428571428571
1 0.5657142857142857 0.36095238095238097 0.019285714285714285 0.05333333333333334
1 0.48642857142857143 0.3352380952380952 0.020714285714285713 0.05238095238095238
1 0.46214285714285713 0.24476190476190476 0.010714285714285714 0.04285714285714286
1 0.6214285714285714 0.09619047619047619 0.009285714285714286 0.029523809523809525
1 0.645 0.03238095238095238 0.005714285714285714 0.025714285714285714
3 0.7771428571428571 0.09714285714285714 0.023571428571428573 0.037142857142857144
3 0.7892857142857143 0.02666666666666667 0.017857142857142856 0.02
3 0.7342857142857143 0.02666666666666667 0.015 0.022857142857142857
3 0.7407142857142858 0.06952380952380953 0.019285714285714285 0.03333333333333333
3 0.7607142857142857 0.1742857142857143 0.032857142857142856 0.05142857142857143
3 0.7685714285714286 0.23047619047619047 0.04071428571428572 0.05904761904761905
3 0.7757142857142857 0.28476190476190477 0.04285714285714286 0.06380952380952382
3 0.7271428571428571 0.2714285714285714 0.03785714285714286 0.06285714285714286
1 0.635 0.2714285714285714 0.012142857142857143 0.040952380952380955
2 0.6392857142857142 0.24857142857142858 0.04285714285714286 0.08190476190476191
3 0.6478571428571429 0.21904761904761905 0.03428571428571429 0.040952380952380955
3 0.5735714285714286 0.27714285714285714 0.04071428571428572 0.06952380952380953
1 0.6307142857142857 0.42095238095238097 0.015 0.047619047619047616
2 0.6128571428571429 0.4380952380952381 0.04642857142857143 0.035238095238095235
3 0.10142857142857142 0.259047619047619 0.06714285714285714 0.058095238095238096
3 0.3157142857142857 0.3019047619047619 0.08214285714285714 0.07428571428571429
3 0.245 0.2714285714285714 0.07571428571428572 0.06095238095238095
3 0.17357142857142857 0.24476190476190476 0.08357142857142857 0.05238095238095238
3 0.10071428571428571 0.20666666666666667 0.08428571428571428 0.05523809523809524
3 0.04357142857142857 0.17523809523809525 0.07214285714285715 0.05619047619047619
3 0.0 0.15333333333333332 0.05142857142857143 0.04857142857142857
3 0.4164285714285714 0.30857142857142855 0.09785714285714285 0.049523809523809526
3 0.3871428571428571 0.28 0.08857142857142856 0.05714285714285714
3 0.3457142857142857 0.259047619047619 0.08428571428571428 0.05714285714285714
3 0.3 0.24095238095238095 0.08071428571428571 0.05333333333333334
3 0.26142857142857145 0.22476190476190477 0.07785714285714286 0.05047619047619047
3 0.21428571428571427 0.1961904761904762 0.08714285714285715 0.05619047619047619
3 0.16642857142857143 0.19047619047619047 0.08428571428571428 0.05142857142857143
3 0.1357142857142857 0.1761904761904762 0.08928571428571429 0.04857142857142857
3 0.10214285714285715 0.16 0.085 0.047619047619047616
3 0.07357142857142857 0.14857142857142858 0.09214285714285714 0.04380952380952381
3 0.027142857142857142 0.14 0.08285714285714285 0.05047619047619047
3 0.012142857142857143 0.12857142857142856 0.08285714285714285 0.0419047619047619
3 0.0 0.11619047619047619 0.07214285714285715 0.04476190476190476
3 0.0007142857142857143 0.10380952380952381 0.06 0.04666666666666667
3 0.28785714285714287 0.15333333333333332 0.05714285714285714 0.04666666666666667
3 0.37785714285714284 0.17904761904761904 0.06357142857142857 0.06285714285714286
3 0.6557142857142857 0.14761904761904762 0.035 0.05904761904761905
3 0.4928571428571429 0.21714285714285714 0.07714285714285714 0.04857142857142857
3 0.51 0.1961904761904762 0.07214285714285715 0.05238095238095238
1 0.5314285714285715 0.13047619047619047 0.009285714285714286 0.03238095238095238
3 0.5157142857142857 0.1838095238095238 0.06785714285714285 0.04285714285714286
3 0.5192857142857142 0.16952380952380952 0.06857142857142857 0.039047619047619046
3 0.5392857142857143 0.16 0.06357142857142857 0.03619047619047619
3 0.5364285714285715 0.14476190476190476 0.055714285714285716 0.03428571428571429
3 0.5471428571428572 0.1361904761904762 0.056428571428571425 0.03428571428571429
3 0.5628571428571428 0.12476190476190477 0.05142857142857143 0.03619047619047619
2 0.6335714285714286 0.20095238095238097 0.01 0.02761904761904762
1 0.6328571428571429 0.19428571428571428 0.009285714285714286 0.029523809523809525
3 0.565 0.10476190476190476 0.04928571428571429 0.029523809523809525
3 0.5707142857142857 0.09619047619047619 0.045714285714285714 0.03142857142857143
3 0.5742857142857143 0.09047619047619047 0.04357142857142857 0.029523809523809525
3 0.5757142857142857 0.08476190476190476 0.04428571428571428 0.02666666666666667
3 0.58 0.07047619047619047 0.04428571428571428 0.02761904761904762
3 0.5864285714285714 0.06761904761904762 0.04214285714285714 0.024761904761904763
3 0.5871428571428572 0.06285714285714286 0.04 0.03142857142857143
3 0.595 0.047619047619047616 0.03785714285714286 0.02666666666666667
3 0.5992857142857143 0.04380952380952381 0.037142857142857144 0.025714285714285714
1 0.5735714285714286 0.06095238095238095 0.007142857142857143 0.023809523809523808
4 0.5657142857142857 0.0838095238095238 0.007142857142857143 0.01904761904761905
4 0.5857142857142857 0.02761904761904762 0.008571428571428572 0.021904761904761906
1 0.5585714285714286 0.04666666666666667 0.005714285714285714 0.023809523809523808
4 0.5964285714285714 0.03619047619047619 0.005 0.012380952380952381
1 0.6564285714285715 0.06095238095238095 0.0064285714285714285 0.023809523809523808
1 0.6407142857142857 0.0009523809523809524 0.007142857142857143 0.021904761904761906
3 0.6085714285714285 0.035238095238095235 0.03428571428571429 0.02095238095238095
3 0.61 0.02666666666666667 0.035 0.021904761904761906
3 0.6135714285714285 0.023809523809523808 0.03428571428571429 0.01904761904761905
3 0.6164285714285714 0.02095238095238095 0.03 0.018095238095238095
3 0.62 0.018095238095238095 0.027142857142857142 0.01619047619047619
3 0.6207142857142857 0.012380952380952381 0.030714285714285715 0.01904761904761905
3 0.6228571428571429 0.010476190476190476 0.030714285714285715 0.01904761904761905
