3 0.5064285714285715 0.5542857142857143 0.002857142857142857 0.002857142857142857
3 0.505 0.58 0.002857142857142857 0.0038095238095238095
8 0.5028571428571429 0.5942857142857143 0.004285714285714286 0.007619047619047619
8 0.5228571428571429 0.5923809523809523 0.005714285714285714 0.011428571428571429
3 0.5371428571428571 0.5828571428571429 0.0035714285714285713 0.004761904761904762
3 0.49714285714285716 0.6066666666666667 0.0035714285714285713 0.0038095238095238095
3 0.4764285714285714 0.638095238095238 0.005714285714285714 0.007619047619047619
3 0.46785714285714286 0.68 0.007857142857142858 0.011428571428571429
3 0.45714285714285713 0.7352380952380952 0.01 0.015238095238095238
3 0.44642857142857145 0.7628571428571429 0.012857142857142857 0.02
3 0.4407142857142857 0.7838095238095238 0.015 0.021904761904761906
3 0.45571428571428574 0.7895238095238095 0.012857142857142857 0.02
3 0.46214285714285713 0.7695238095238095 0.011428571428571429 0.01904761904761905
1 0.4835714285714286 0.8123809523809524 0.004285714285714286 0.008571428571428572
2 0.48142857142857143 0.8085714285714286 0.007142857142857143 0.01904761904761905
3 0.5721428571428572 0.8457142857142858 0.023571428571428573 0.024761904761904763
3 0.5235714285714286 0.92 0.03857142857142857 0.02761904761904762
3 0.48714285714285716 0.9295238095238095 0.04071428571428572 0.030476190476190476
3 0.445 0.8971428571428571 0.03642857142857143 0.025714285714285714
3 0.31285714285714283 0.9571428571428572 0.04 0.035238095238095235
3 0.375 0.9085714285714286 0.04 0.02857142857142857
3 0.345 0.8571428571428571 0.03357142857142857 0.024761904761904763
3 0.29 0.8285714285714286 0.030714285714285715 0.02095238095238095
3 0.27785714285714286 0.8523809523809524 0.03214285714285714 0.025714285714285714
3 0.135 0.9142857142857143 0.03857142857142857 0.029523809523809525
3 0.16857142857142857 0.8923809523809524 0.03571428571428571 0.03238095238095238
3 0.21357142857142858 0.8676190476190476 0.03357142857142857 0.02666666666666667
8 0.20285714285714285 0.7952380952380952 0.03857142857142857 0.03619047619047619
3 0.2042857142857143 0.8419047619047619 0.03 0.024761904761904763
3 0.17857142857142858 0.8523809523809524 0.03142857142857143 0.02666666666666667
3 0.17357142857142857 0.7790476190476191 0.025 0.017142857142857144
3 0.15928571428571428 0.8066666666666666 0.029285714285714286 0.021904761904761906
3 0.13785714285714284 0.7828571428571428 0.025714285714285714 0.018095238095238095
3 0.12071428571428572 0.8095238095238095 0.02857142857142857 0.02095238095238095
3 0.145 0.8380952380952381 0.03142857142857143 0.023809523809523808
3 0.11357142857142857 0.8238095238095238 0.030714285714285715 0.025714285714285714
3 0.08642857142857142 0.8142857142857143 0.027857142857142858 0.022857142857142857
3 0.0064285714285714285 0.7638095238095238 0.023571428571428573 0.01619047619047619
3 0.024285714285714285 0.7447619047619047 0.022857142857142857 0.015238095238095238
