3 0.128 0.8153333333333334 0.056 0.058666666666666666
4 0.2235 0.8146666666666667 0.016 0.028666666666666667
4 0.327 0.702 0.0085 0.015333333333333332
4 0.3815 0.6533333333333333 0.0065 0.012666666666666666
4 0.3735 0.6546666666666666 0.0065 0.01
4 0.366 0.652 0.006 0.011333333333333334
4 0.293 0.6906666666666667 0.0055 0.016666666666666666
4 0.3665 0.6253333333333333 0.0105 0.010666666666666666
3 0.308 0.6673333333333333 0.0345 0.024
3 0.336 0.642 0.025 0.021333333333333333
3 0.377 0.6066666666666667 0.015 0.016
3 0.385 0.598 0.013 0.013333333333333334
3 0.4005 0.5906666666666667 0.0195 0.013333333333333334
1 0.226 0.81 0.0115 0.02266666666666667
1 0.328 0.6946666666666667 0.006 0.017333333333333333
1 0.3665 0.6473333333333333 0.005 0.012666666666666666
1 0.3745 0.648 0.004 0.012666666666666666
1 0.3815 0.648 0.0055 0.013333333333333334
3 0.4265 0.5613333333333334 0.014 0.010666666666666666
3 0.437 0.5473333333333333 0.0105 0.01
3 0.4465 0.5393333333333333 0.0095 0.007333333333333333
3 0.532 0.5113333333333333 0.004 0.008
3 0.51 0.538 0.0075 0.009333333333333334
6 0.493 0.5086666666666667 0.007 0.014666666666666666
8 0.5355 0.5313333333333333 0.012 0.015333333333333332
8 0.543 0.534 0.009 0.016
3 0.5425 0.5493333333333333 0.008 0.007333333333333333
8 0.5315 0.6153333333333333 0.024 0.06666666666666667
8 0.5375 0.5826666666666667 0.0175 0.04
8 0.539 0.5626666666666666 0.0165 0.03
3 0.545 0.5553333333333333 0.0085 0.006666666666666667
3 0.547 0.6733333333333333 0.015 0.028666666666666667
8 0.525 0.7086666666666667 0.0435 0.15
1 0.614 0.664 0.006 0.018
1 0.443 0.5693333333333334 0.004 0.010666666666666666
3 0.4575 0.53 0.0085 0.008
3 0.463 0.5273333333333333 0.006 0.007333333333333333
3 0.4665 0.5233333333333333 0.0105 0.007333333333333333
3 0.4725 0.522 0.0095 0.006
