8 0.5192857142857142 0.6466666666666666 0.03214285714285714 0.10571428571428572
8 0.5157142857142857 0.5 0.023571428571428573 0.10476190476190476
8 0.5278571428571428 0.3961904761904762 0.017857142857142856 0.054285714285714284
8 0.45071428571428573 0.3295238095238095 0.017857142857142856 0.037142857142857144
8 0.51 0.9133333333333333 0.035 0.0838095238095238
3 0.35214285714285715 0.3076190476190476 0.015 0.008571428571428572
3 0.355 0.3038095238095238 0.015714285714285715 0.009523809523809525
3 0.4742857142857143 0.3504761904761905 0.008571428571428572 0.013333333333333334
3 0.5314285714285715 0.46285714285714286 0.012142857142857143 0.02
3 0.5357142857142857 0.3161904761904762 0.007142857142857143 0.009523809523809525
3 0.4907142857142857 0.26095238095238094 0.009285714285714286 0.008571428571428572
3 0.5142857142857142 0.2619047619047619 0.01 0.008571428571428572
8 0.5307142857142857 0.34095238095238095 0.011428571428571429 0.04857142857142857
8 0.5321428571428571 0.2723809523809524 0.01 0.02761904761904762
8 0.5228571428571429 0.2342857142857143 0.0064285714285714285 0.010476190476190476
8 0.49785714285714283 0.2 0.005714285714285714 0.010476190476190476
3 0.4857142857142857 0.2038095238095238 0.0035714285714285713 0.004761904761904762
3 0.4342857142857143 0.23142857142857143 0.0035714285714285713 0.005714285714285714
3 0.43 0.2561904761904762 0.010714285714285714 0.009523809523809525
1 0.27071428571428574 0.6733333333333333 0.007142857142857143 0.014285714285714285
4 0.27071428571428574 0.6704761904761904 0.007857142857142858 0.021904761904761906
3 0.7221428571428572 0.4638095238095238 0.02857142857142857 0.015238095238095238
3 0.7185714285714285 0.4580952380952381 0.024285714285714285 0.011428571428571429
3 0.7207142857142858 0.44666666666666666 0.02214285714285714 0.011428571428571429
3 0.7107142857142857 0.4342857142857143 0.030714285714285715 0.017142857142857144
3 0.6271428571428571 0.22857142857142856 0.005714285714285714 0.005714285714285714
3 0.6678571428571428 0.31142857142857144 0.012142857142857143 0.007619047619047619
3 0.6414285714285715 0.2619047619047619 0.011428571428571429 0.006666666666666667
3 0.6635714285714286 0.3047619047619048 0.015 0.007619047619047619
3 0.6614285714285715 0.3 0.011428571428571429 0.007619047619047619
3 0.66 0.29714285714285715 0.012142857142857143 0.009523809523809525
3 0.6592857142857143 0.29333333333333333 0.012857142857142857 0.008571428571428572
3 0.6478571428571429 0.2733333333333333 0.009285714285714286 0.008571428571428572
3 0.6428571428571429 0.26666666666666666 0.01 0.006666666666666667
3 0.29928571428571427 0.32761904761904764 0.013571428571428571 0.010476190476190476
3 0.30357142857142855 0.3238095238095238 0.012142857142857143 0.009523809523809525
3 0.3057142857142857 0.3171428571428571 0.014285714285714285 0.010476190476190476
3 0.31285714285714283 0.31142857142857144 0.01 0.007619047619047619
3 0.3171428571428571 0.3057142857142857 0.009285714285714286 0.009523809523809525
3 0.32071428571428573 0.2980952380952381 0.011428571428571429 0.008571428571428572
3 0.3107142857142857 0.2780952380952381 0.015 0.006666666666666667
1 0.56 0.36952380952380953 0.002857142857142857 0.010476190476190476
