3 0.09642857142857143 0.8857868020304569 0.03 0.03426395939086294
3 0.22785714285714287 0.7741116751269036 0.023571428571428573 0.05203045685279188
3 0.25142857142857145 0.7753807106598984 0.027142857142857142 0.03807106598984772
3 0.2842857142857143 0.7563451776649747 0.027857142857142858 0.02918781725888325
3 0.305 0.8616751269035533 0.022857142857142857 0.027918781725888325
3 0.3842857142857143 0.8045685279187818 0.027142857142857142 0.025380710659898477
3 0.3514285714285714 0.7233502538071066 0.027142857142857142 0.027918781725888325
3 0.3842857142857143 0.7093908629441624 0.027857142857142858 0.027918781725888325
3 0.41928571428571426 0.7982233502538071 0.030714285714285715 0.025380710659898477
3 0.46285714285714286 0.7931472081218274 0.03 0.024111675126903553
3 0.5021428571428571 0.7893401015228426 0.027857142857142858 0.02284263959390863
3 0.5728571428571428 0.8045685279187818 0.029285714285714286 0.03426395939086294
3 0.6792857142857143 0.75 0.029285714285714286 0.050761421319796954
3 0.6492857142857142 0.6560913705583756 0.019285714285714285 0.0532994923857868
6 0.6314285714285715 0.6979695431472082 0.012142857142857143 0.05203045685279188
3 0.6192857142857143 0.5977157360406091 0.017857142857142856 0.04949238578680203
3 0.6185714285714285 0.4885786802030457 0.016428571428571428 0.0532994923857868
3 0.575 0.4847715736040609 0.016428571428571428 0.05710659898477157
3 0.5885714285714285 0.4365482233502538 0.017857142857142856 0.04949238578680203
6 0.5514285714285714 0.34517766497461927 0.023571428571428573 0.07233502538071065
3 0.5642857142857143 0.31218274111675126 0.018571428571428572 0.05456852791878172
3 0.5821428571428572 0.2969543147208122 0.019285714285714285 0.050761421319796954
3 0.7407142857142858 0.8032994923857868 0.030714285714285715 0.030456852791878174
3 0.8042857142857143 0.7652284263959391 0.029285714285714286 0.02918781725888325
3 0.785 0.7170050761421319 0.029285714285714286 0.025380710659898477
8 0.7214285714285714 0.7271573604060914 0.06357142857142857 0.04314720812182741
3 0.8221428571428572 0.7969543147208121 0.035 0.03299492385786802
3 0.8585714285714285 0.7855329949238579 0.029285714285714286 0.030456852791878174
3 0.8928571428571429 0.766497461928934 0.032857142857142856 0.03553299492385787
3 0.9271428571428572 0.7525380710659898 0.027857142857142858 0.031725888324873094
3 0.8721428571428571 0.7322335025380711 0.032857142857142856 0.02918781725888325
3 0.9557142857142857 0.733502538071066 0.03214285714285714 0.03553299492385787
3 0.9742857142857143 0.6408629441624365 0.023571428571428573 0.03680203045685279
