3 0.41285714285714287 0.9149746192893401 0.023571428571428573 0.07487309644670051
3 0.425 0.7753807106598984 0.022857142857142857 0.06472081218274112
3 0.40785714285714286 0.631979695431472 0.02142857142857143 0.05583756345177665
8 0.37785714285714284 0.6434010152284264 0.02142857142857143 0.0583756345177665
3 0.38571428571428573 0.5393401015228426 0.017857142857142856 0.04568527918781726
3 0.5421428571428571 0.5355329949238579 0.025 0.046954314720812185
8 0.4692857142857143 0.3362944162436548 0.020714285714285713 0.048223350253807105
8 0.3 0.0532994923857868 0.013571428571428571 0.03934010152284264
3 0.3142857142857143 0.021573604060913704 0.010714285714285714 0.017766497461928935
3 0.32142857142857145 0.09517766497461928 0.010714285714285714 0.024111675126903553
3 0.295 0.030456852791878174 0.008571428571428572 0.017766497461928935
1 0.27785714285714286 0.06852791878172589 0.0035714285714285713 0.01649746192893401
1 0.9142857142857143 0.6751269035532995 0.01 0.024111675126903553
1 0.9064285714285715 0.6954314720812182 0.007142857142857143 0.024111675126903553
1 0.985 0.6281725888324873 0.010714285714285714 0.025380710659898477
