1 0.0055 0.18066666666666667 0.0165 0.02266666666666667
4 0.143 0.3426666666666667 0.0205 0.014
4 0.158 0.408 0.018 0.026
3 0.1 0.4166666666666667 0.0625 0.04533333333333334
3 0.025 0.5893333333333334 0.0365 0.06666666666666667
3 0.0005 0.808 0.0655 0.08266666666666667
3 0.051 0.7966666666666666 0.0625 0.08466666666666667
3 0.0 0.9426666666666667 0.05 0.05733333333333333
3 0.172 0.9526666666666667 0.066 0.04666666666666667
3 0.2465 0.9446666666666667 0.0675 0.05533333333333333
3 0.122 0.77 0.0665 0.07066666666666667
1 0.1725 0.7606666666666667 0.0155 0.008666666666666666
3 0.2255 0.7333333333333333 0.056 0.05533333333333333
3 0.278 0.7186666666666667 0.0495 0.059333333333333335
3 0.3665 0.8853333333333333 0.0615 0.06133333333333333
3 0.4245 0.8693333333333333 0.064 0.048666666666666664
3 0.481 0.8373333333333334 0.059 0.06066666666666667
3 0.553 0.8086666666666666 0.065 0.05333333333333334
3 0.625 0.7706666666666667 0.0595 0.06666666666666667
3 0.6795 0.742 0.0585 0.07266666666666667
3 0.7255 0.7306666666666667 0.049 0.058
3 0.757 0.7013333333333334 0.061 0.06466666666666666
1 0.889 0.8886666666666667 0.018 0.014
3 0.819 0.692 0.06 0.054
3 0.866 0.6673333333333333 0.0625 0.054
3 0.926 0.6466666666666666 0.0625 0.048
3 0.9605 0.6106666666666667 0.039 0.05
3 0.2425 0.5926666666666667 0.05 0.04466666666666667
1 0.5265 0.5613333333333334 0.0065 0.01
3 0.318 0.6286666666666667 0.01 0.007333333333333333
3 0.366 0.316 0.0565 0.044
3 0.5325 0.25533333333333336 0.0535 0.042
4 0.6195 0.18866666666666668 0.016 0.024666666666666667
2 0.654 0.162 0.0165 0.042666666666666665
2 0.626 0.162 0.032 0.034
2 0.6725 0.12733333333333333 0.0185 0.017333333333333333
4 0.7395 0.12533333333333332 0.021 0.016666666666666666
2 0.875 0.005333333333333333 0.013 0.025333333333333333
4 0.8815 0.006666666666666667 0.0155 0.028
4 0.92 0.016666666666666666 0.0135 0.024666666666666667
3 0.468 0.624 0.0565 0.04666666666666667
3 0.6795 0.5466666666666666 0.0665 0.04466666666666667
8 0.76 0.496 0.0645 0.05
3 0.829 0.482 0.06 0.056666666666666664
3 0.9665 0.46 0.033 0.038
4 0.877 0.55 0.0275 0.013333333333333334
1 0.885 0.5493333333333333 0.016 0.013333333333333334
1 0.888 0.5486666666666666 0.018 0.012
1 0.8845 0.44 0.0175 0.014666666666666666
1 0.9355 0.37733333333333335 0.017 0.012666666666666666
2 0.922 0.3373333333333333 0.022 0.021333333333333333
1 0.872 0.3426666666666667 0.015 0.015333333333333332
2 0.9635 0.344 0.027 0.019333333333333334
