1 0.16285714285714287 0.19523809523809524 0.013571428571428571 0.035238095238095235
1 0.11571428571428571 0.3057142857142857 0.02142857142857143 0.05238095238095238
1 0.15928571428571428 0.3295238095238095 0.018571428571428572 0.039047619047619046
1 0.5542857142857143 0.8695238095238095 0.02642857142857143 0.06952380952380953
1 0.5764285714285714 0.839047619047619 0.039285714285714285 0.10857142857142857
4 0.67 0.8457142857142858 0.08642857142857142 0.07047619047619047
4 0.7785714285714286 0.7923809523809524 0.07 0.08190476190476191
2 0.7878571428571428 0.5542857142857143 0.05071428571428571 0.04476190476190476
1 0.5442857142857143 0.38 0.017857142857142856 0.05523809523809524
1 0.5364285714285715 0.35428571428571426 0.015 0.05523809523809524
1 0.5364285714285715 0.3361904761904762 0.016428571428571428 0.04476190476190476
1 0.5121428571428571 0.29714285714285715 0.017142857142857144 0.045714285714285714
1 0.42428571428571427 0.3180952380952381 0.018571428571428572 0.054285714285714284
1 0.4207142857142857 0.2723809523809524 0.014285714285714285 0.045714285714285714
1 0.41714285714285715 0.2419047619047619 0.013571428571428571 0.0380952380952381
1 0.43857142857142856 0.22380952380952382 0.012142857142857143 0.0419047619047619
1 0.47285714285714286 0.26476190476190475 0.016428571428571428 0.040952380952380955
1 0.525 0.25047619047619046 0.012142857142857143 0.04380952380952381
1 0.5442857142857143 0.26666666666666666 0.014285714285714285 0.040952380952380955
1 0.5714285714285714 0.24571428571428572 0.015714285714285715 0.04285714285714286
1 0.5992857142857143 0.25523809523809526 0.012142857142857143 0.04476190476190476
1 0.5735714285714286 0.28095238095238095 0.016428571428571428 0.04380952380952381
1 0.6635714285714286 0.3076190476190476 0.014285714285714285 0.04666666666666667
1 0.5064285714285715 0.2276190476190476 0.011428571428571429 0.03619047619047619
1 0.5485714285714286 0.2180952380952381 0.01 0.04476190476190476
1 0.5957142857142858 0.21523809523809523 0.01 0.035238095238095235
1 0.6714285714285714 0.2695238095238095 0.01 0.0380952380952381
2 0.605 0.21333333333333335 0.020714285714285713 0.025714285714285714
2 0.46785714285714286 0.2219047619047619 0.02642857142857143 0.03142857142857143
2 0.43 0.3742857142857143 0.02142857142857143 0.04666666666666667
2 0.4635714285714286 0.4085714285714286 0.024285714285714285 0.05238095238095238
2 0.33714285714285713 0.29523809523809524 0.017857142857142856 0.04285714285714286
2 0.36 0.3038095238095238 0.015714285714285715 0.04
2 0.3707142857142857 0.2980952380952381 0.018571428571428572 0.039047619047619046
2 0.3442857142857143 0.3523809523809524 0.04928571428571429 0.037142857142857144
1 0.3514285714285714 0.3676190476190476 0.023571428571428573 0.06095238095238095
1 0.3407142857142857 0.23523809523809525 0.015 0.04476190476190476
1 0.375 0.24476190476190476 0.015 0.047619047619047616
1 0.68 0.35333333333333333 0.012142857142857143 0.045714285714285714
