3 0.08857142857142856 0.699047619047619 0.20142857142857143 0.26761904761904765
3 0.5171428571428571 0.6409523809523809 0.09 0.19142857142857142
3 0.36357142857142855 0.3419047619047619 0.08071428571428571 0.10285714285714286
3 0.42857142857142855 0.36666666666666664 0.08142857142857143 0.11619047619047619
3 0.5792857142857143 0.2876190476190476 0.06357142857142857 0.08857142857142856
3 0.6321428571428571 0.1295238095238095 0.03785714285714286 0.04666666666666667
3 0.6485714285714286 0.040952380952380955 0.03571428571428571 0.03238095238095238
3 0.7414285714285714 0.037142857142857144 0.025 0.030476190476190476
3 0.7835714285714286 0.010476190476190476 0.017857142857142856 0.021904761904761906
6 0.16214285714285714 0.4961904761904762 0.3578571428571429 0.5038095238095238
6 0.8835714285714286 0.3019047619047619 0.115 0.3047619047619048
6 0.22428571428571428 0.0 0.11928571428571429 0.07333333333333333
6 0.20857142857142857 0.0 0.09928571428571428 0.08952380952380952
6 0.1407142857142857 0.0019047619047619048 0.12214285714285714 0.09904761904761905
6 0.12 0.014285714285714285 0.125 0.10666666666666667
1 0.17785714285714285 0.10095238095238095 0.014285714285714285 0.037142857142857144
1 0.15928571428571428 0.08571428571428572 0.012857142857142857 0.03333333333333333
1 0.16785714285714284 0.09238095238095238 0.011428571428571429 0.037142857142857144
1 0.17214285714285715 0.10476190476190476 0.012142857142857143 0.03428571428571429
1 0.2907142857142857 0.14857142857142858 0.017857142857142856 0.04285714285714286
1 0.2957142857142857 0.21428571428571427 0.017142857142857144 0.04857142857142857
1 0.3435714285714286 0.15047619047619049 0.014285714285714285 0.04380952380952381
1 0.20214285714285715 0.3019047619047619 0.02 0.0380952380952381
2 0.19785714285714287 0.3219047619047619 0.032857142857142856 0.03428571428571429
2 0.36142857142857143 0.1380952380952381 0.02214285714285714 0.018095238095238095
2 0.3964285714285714 0.11238095238095239 0.02142857142857143 0.021904761904761906
2 0.4278571428571429 0.1019047619047619 0.01 0.02
1 0.41928571428571426 0.09047619047619047 0.007857142857142858 0.02666666666666667
1 0.42642857142857143 0.09047619047619047 0.008571428571428572 0.02761904761904762
8 0.44785714285714284 0.02 0.04357142857142857 0.04
3 0.4392857142857143 0.09238095238095238 0.045714285714285714 0.0419047619047619
3 0.5435714285714286 0.15523809523809523 0.045 0.04857142857142857
1 0.5264285714285715 0.12380952380952381 0.04214285714285714 0.045714285714285714
1 0.5257142857142857 0.15523809523809523 0.009285714285714286 0.0380952380952381
1 0.5357142857142857 0.15047619047619049 0.009285714285714286 0.039047619047619046
3 0.5585714285714286 0.06666666666666667 0.037142857142857144 0.03619047619047619
3 0.5057142857142857 0.054285714285714284 0.03142857142857143 0.03333333333333333
3 0.4742857142857143 0.06761904761904762 0.03857142857142857 0.040952380952380955
8 0.5857142857142857 0.008571428571428572 0.04428571428571428 0.06380952380952382
3 0.5471428571428572 0.018095238095238095 0.03142857142857143 0.029523809523809525
3 0.5692857142857143 0.007619047619047619 0.020714285714285713 0.02761904761904762
3 0.5414285714285715 0.0 0.032857142857142856 0.021904761904761906
1 0.5442857142857143 0.045714285714285714 0.007857142857142858 0.02761904761904762
1 0.4957142857142857 0.10095238095238095 0.0064285714285714285 0.015238095238095238
4 0.4942857142857143 0.10952380952380952 0.012142857142857143 0.02
1 0.5614285714285714 0.04857142857142857 0.007142857142857143 0.01619047619047619
1 0.5635714285714286 0.04666666666666667 0.0064285714285714285 0.02
4 0.5607142857142857 0.05619047619047619 0.011428571428571429 0.01619047619047619
1 0.7171428571428572 0.02 0.009285714285714286 0.029523809523809525
1 0.7207142857142858 0.030476190476190476 0.0064285714285714285 0.02095238095238095
3 0.7714285714285715 0.03333333333333333 0.022857142857142857 0.03619047619047619
3 0.7692857142857142 0.05619047619047619 0.019285714285714285 0.030476190476190476
3 0.7592857142857142 0.06952380952380953 0.023571428571428573 0.025714285714285714
3 0.7492857142857143 0.08666666666666667 0.027857142857142858 0.05714285714285714
3 0.7364285714285714 0.12571428571428572 0.02857142857142857 0.05047619047619047
3 0.72 0.16380952380952382 0.03785714285714286 0.047619047619047616
3 0.7 0.20095238095238097 0.04214285714285714 0.058095238095238096
3 0.6792857142857143 0.24666666666666667 0.04642857142857143 0.07142857142857142
3 0.7392857142857143 0.24666666666666667 0.052142857142857144 0.08666666666666667
3 0.7592857142857142 0.19238095238095237 0.037142857142857144 0.06476190476190476
3 0.7692857142857142 0.16 0.029285714285714286 0.04380952380952381
3 0.7807142857142857 0.13047619047619047 0.03 0.04285714285714286
3 0.7835714285714286 0.10952380952380952 0.027857142857142858 0.030476190476190476
3 0.7907142857142857 0.07333333333333333 0.027857142857142858 0.04
3 0.7992857142857143 0.06380952380952382 0.020714285714285713 0.02666666666666667
3 0.8 0.04476190476190476 0.02214285714285714 0.025714285714285714
3 0.8028571428571428 0.03142857142857143 0.019285714285714285 0.023809523809523808
3 0.8078571428571428 0.010476190476190476 0.019285714285714285 0.030476190476190476
3 0.8242857142857143 0.17333333333333334 0.03785714285714286 0.05047619047619047
3 0.8707142857142857 0.08857142857142856 0.025714285714285714 0.03333333333333333
3 0.8428571428571429 0.035238095238095235 0.02214285714285714 0.02761904761904762
3 0.8728571428571429 0.0 0.017857142857142856 0.02095238095238095
3 0.9271428571428572 0.10285714285714286 0.02857142857142857 0.03619047619047619
3 0.9264285714285714 0.16666666666666666 0.03785714285714286 0.040952380952380955
1 0.9057142857142857 0.03238095238095238 0.007857142857142858 0.013333333333333334
1 0.9085714285714286 0.11238095238095239 0.012142857142857143 0.025714285714285714
2 0.9071428571428571 0.12095238095238095 0.012142857142857143 0.02095238095238095
4 0.9035714285714286 0.0380952380952381 0.008571428571428572 0.014285714285714285
3 0.82 0.34 0.04857142857142857 0.08285714285714285
3 0.9578571428571429 0.2752380952380952 0.04214285714285714 0.05904761904761905
2 0.9521428571428572 0.08285714285714285 0.012142857142857143 0.02095238095238095
