1 0.016 0.6693333333333333 0.031 0.016
1 0.032 0.6566666666666666 0.023 0.010666666666666666
1 0.0345 0.6853333333333333 0.024 0.012666666666666666
1 0.0305 0.7013333333333334 0.04 0.023333333333333334
1 0.0265 0.7286666666666667 0.017 0.01
3 0.3045 0.8173333333333334 0.0595 0.18266666666666667
1 0.2245 0.6406666666666667 0.027 0.02266666666666667
4 0.2135 0.5633333333333334 0.0495 0.023333333333333334
1 0.217 0.5606666666666666 0.028 0.024
4 0.3245 0.626 0.0425 0.024
1 0.334 0.624 0.0215 0.028
1 0.306 0.68 0.023 0.015333333333333332
1 0.272 0.5893333333333334 0.0295 0.027333333333333334
2 0.264 0.5766666666666667 0.0575 0.032
4 0.3195 0.558 0.0315 0.03333333333333333
1 0.319 0.558 0.02 0.029333333333333333
3 0.2965 0.468 0.0875 0.10466666666666667
3 0.378 0.6753333333333333 0.053 0.17266666666666666
3 0.4395 0.638 0.0885 0.158
3 0.479 0.8266666666666667 0.0535 0.17266666666666666
1 0.6135 0.708 0.018 0.032
3 0.6105 0.7826666666666666 0.055 0.18933333333333333
1 0.688 0.5926666666666667 0.018 0.021333333333333333
1 0.6995 0.5966666666666667 0.024 0.028666666666666667
8 0.879 0.7073333333333334 0.121 0.14866666666666667
8 0.895 0.32133333333333336 0.1015 0.12266666666666666
4 0.8535 0.37066666666666664 0.0305 0.042666666666666665
1 0.8775 0.44866666666666666 0.0235 0.024
1 0.834 0.456 0.0295 0.038
2 0.8725 0.4686666666666667 0.05 0.03133333333333333
1 0.7775 0.44733333333333336 0.021 0.03666666666666667
1 0.764 0.424 0.0155 0.03
3 0.6405 0.45466666666666666 0.1 0.059333333333333335
8 0.6415 0.38666666666666666 0.109 0.051333333333333335
3 0.649 0.514 0.1345 0.08466666666666667
3 0.532 0.5486666666666666 0.1085 0.084
3 0.4165 0.45 0.0755 0.12733333333333333
1 0.5485 0.43466666666666665 0.0095 0.028
2 0.527 0.4166666666666667 0.034 0.021333333333333333
1 0.541 0.4146666666666667 0.0125 0.023333333333333334
2 0.489 0.3506666666666667 0.019 0.04666666666666667
1 0.4895 0.3566666666666667 0.0165 0.027333333333333334
1 0.5685 0.3506666666666667 0.009 0.020666666666666667
8 0.546 0.214 0.041 0.124
8 0.4855 0.18333333333333332 0.0455 0.15333333333333332
1 0.5055 0.32066666666666666 0.012 0.02666666666666667
1 0.775 0.6133333333333333 0.0215 0.024666666666666667
1 0.7715 0.6573333333333333 0.0215 0.02266666666666667
3 0.4405 0.2693333333333333 0.0465 0.09666666666666666
3 0.4335 0.146 0.0415 0.104
3 0.4725 0.042 0.035 0.106
3 0.4315 0.051333333333333335 0.0375 0.08533333333333333
4 0.3485 0.09933333333333333 0.022 0.042666666666666665
3 0.3455 0.15133333333333332 0.039 0.09666666666666666
3 0.3925 0.18866666666666668 0.0385 0.098
3 0.393 0.2906666666666667 0.0465 0.144
3 0.3485 0.2653333333333333 0.0415 0.116
3 0.303 0.394 0.084 0.084
4 0.372 0.6033333333333334 0.043 0.034666666666666665
1 0.3765 0.606 0.0255 0.030666666666666665
1 0.749 0.608 0.02 0.027333333333333334
3 0.7845 0.26866666666666666 0.086 0.06066666666666667
