4 0.2057142857142857 0.3057142857142857 0.013571428571428571 0.010476190476190476
4 0.2742857142857143 0.29904761904761906 0.012142857142857143 0.008571428571428572
6 0.2257142857142857 0.34285714285714286 0.08214285714285714 0.04285714285714286
8 0.012857142857142857 0.3619047619047619 0.09714285714285714 0.04857142857142857
8 0.11285714285714285 0.3504761904761905 0.10642857142857143 0.047619047619047616
8 0.012857142857142857 0.3076190476190476 0.05 0.03142857142857143
8 0.5892857142857143 0.259047619047619 0.055714285714285716 0.039047619047619046
8 0.9864285714285714 0.2019047619047619 0.013571428571428571 0.03142857142857143
8 0.5021428571428571 0.7742857142857142 0.08142857142857143 0.2257142857142857
8 0.5207142857142857 0.5895238095238096 0.04928571428571429 0.1180952380952381
8 0.4764285714285714 0.5495238095238095 0.03428571428571429 0.07333333333333333
8 0.46285714285714286 0.3980952380952381 0.025 0.05047619047619047
8 0.4957142857142857 0.4066666666666667 0.025 0.05047619047619047
3 0.565 0.8485714285714285 0.04 0.09142857142857143
3 0.5457142857142857 0.741904761904762 0.03214285714285714 0.07142857142857142
3 0.4957142857142857 0.6419047619047619 0.02642857142857143 0.058095238095238096
3 0.68 0.7819047619047619 0.06714285714285714 0.049523809523809526
3 0.4742857142857143 0.5133333333333333 0.020714285714285713 0.03428571428571429
3 0.5414285714285715 0.37047619047619046 0.025714285714285714 0.03238095238095238
3 0.46214285714285713 0.32666666666666666 0.018571428571428572 0.024761904761904763
3 0.25214285714285717 0.4066666666666667 0.03571428571428571 0.023809523809523808
3 0.2885714285714286 0.3904761904761905 0.03642857142857143 0.021904761904761906
3 0.18714285714285714 0.38857142857142857 0.037142857142857144 0.01619047619047619
3 0.23214285714285715 0.3952380952380952 0.03857142857142857 0.02
3 0.2735714285714286 0.37523809523809526 0.041428571428571426 0.021904761904761906
3 0.6085714285714285 0.22857142857142856 0.01 0.02
3 0.59 0.2123809523809524 0.02214285714285714 0.011428571428571429
3 0.5807142857142857 0.22952380952380952 0.011428571428571429 0.02
3 0.575 0.26857142857142857 0.022857142857142857 0.02095238095238095
8 0.5635714285714286 0.2342857142857143 0.015 0.021904761904761906
3 0.9192857142857143 0.21047619047619048 0.017857142857142856 0.018095238095238095
3 0.935 0.21523809523809523 0.025 0.024761904761904763
3 0.6564285714285715 0.2780952380952381 0.03214285714285714 0.017142857142857144
3 0.5364285714285715 0.23142857142857143 0.013571428571428571 0.021904761904761906
3 0.5521428571428572 0.23333333333333334 0.012857142857142857 0.01904761904761905
3 0.5942857142857143 0.23142857142857143 0.015714285714285715 0.01904761904761905
3 0.4757142857142857 0.15619047619047619 0.010714285714285714 0.01619047619047619
3 0.46 0.09428571428571429 0.009285714285714286 0.011428571428571429
3 0.47 0.08190476190476191 0.007142857142857143 0.010476190476190476
3 0.4564285714285714 0.7047619047619048 0.025714285714285714 0.07714285714285714
4 0.44857142857142857 0.5 0.017857142857142856 0.015238095238095238
4 0.30714285714285716 0.4657142857142857 0.0064285714285714285 0.015238095238095238
4 0.7614285714285715 0.35428571428571426 0.011428571428571429 0.009523809523809525
4 0.6928571428571428 0.26476190476190475 0.010714285714285714 0.009523809523809525
4 0.44357142857142856 0.2876190476190476 0.012857142857142857 0.010476190476190476
4 0.49642857142857144 0.24095238095238095 0.0064285714285714285 0.011428571428571429
1 0.45571428571428574 0.2733333333333333 0.0035714285714285713 0.013333333333333334
1 0.45285714285714285 0.2780952380952381 0.0035714285714285713 0.009523809523809525
1 0.5071428571428571 0.2695238095238095 0.004285714285714286 0.013333333333333334
1 0.52 0.26857142857142857 0.0035714285714285713 0.012380952380952381
1 0.465 0.26285714285714284 0.0064285714285714285 0.015238095238095238
1 0.525 0.2361904761904762 0.004285714285714286 0.013333333333333334
1 0.5792857142857143 0.2219047619047619 0.0035714285714285713 0.006666666666666667
1 0.42214285714285715 0.25142857142857145 0.005 0.017142857142857144
1 0.4714285714285714 0.13714285714285715 0.002857142857142857 0.010476190476190476
1 0.4692857142857143 0.15523809523809523 0.004285714285714286 0.010476190476190476
1 0.47714285714285715 0.13714285714285715 0.0035714285714285713 0.011428571428571429
1 0.4735714285714286 0.14 0.0035714285714285713 0.007619047619047619
1 0.45 0.2838095238095238 0.0035714285714285713 0.010476190476190476
1 0.2092857142857143 0.3019047619047619 0.0035714285714285713 0.008571428571428572
1 0.21142857142857144 0.30095238095238097 0.004285714285714286 0.013333333333333334
1 0.28 0.29428571428571426 0.0035714285714285713 0.010476190476190476
1 0.3078571428571429 0.46 0.005714285714285714 0.017142857142857144
1 0.4521428571428571 0.49714285714285716 0.01 0.01619047619047619
1 0.765 0.3476190476190476 0.005 0.012380952380952381
1 0.49714285714285716 0.24 0.005 0.007619047619047619
