3 0.3492857142857143 0.7714285714285715 0.03214285714285714 0.07142857142857142
3 0.43642857142857144 0.6285714285714286 0.022857142857142857 0.039047619047619046
3 0.405 0.5571428571428572 0.017142857142857144 0.03619047619047619
3 0.49714285714285716 0.44476190476190475 0.030714285714285715 0.01904761904761905
4 0.4835714285714286 0.46 0.011428571428571429 0.01619047619047619
8 0.8585714285714285 0.49142857142857144 0.14142857142857143 0.07047619047619047
3 0.49142857142857144 0.19904761904761906 0.005714285714285714 0.007619047619047619
3 0.5092857142857142 0.1761904761904762 0.005714285714285714 0.010476190476190476
1 0.3492857142857143 0.25523809523809526 0.005 0.008571428571428572
1 0.3242857142857143 0.3047619047619048 0.0035714285714285713 0.007619047619047619
1 0.325 0.3 0.004285714285714286 0.006666666666666667
1 0.325 0.29619047619047617 0.004285714285714286 0.008571428571428572
1 0.32571428571428573 0.2923809523809524 0.0035714285714285713 0.006666666666666667
1 0.33 0.2866666666666667 0.0035714285714285713 0.008571428571428572
1 0.33214285714285713 0.2857142857142857 0.002857142857142857 0.009523809523809525
1 0.33714285714285713 0.2876190476190476 0.002857142857142857 0.008571428571428572
1 0.3385714285714286 0.2866666666666667 0.0035714285714285713 0.009523809523809525
3 0.3871428571428571 0.2419047619047619 0.011428571428571429 0.008571428571428572
1 0.31357142857142856 0.2780952380952381 0.002857142857142857 0.006666666666666667
1 0.31642857142857145 0.2742857142857143 0.0035714285714285713 0.007619047619047619
1 0.32285714285714284 0.2714285714285714 0.004285714285714286 0.007619047619047619
1 0.32 0.2723809523809524 0.002142857142857143 0.009523809523809525
8 0.8828571428571429 0.5333333333333333 0.09785714285714285 0.045714285714285714
8 0.4257142857142857 0.6561904761904762 0.027857142857142858 0.10571428571428572
