3 0.9206680584551148 0.5009276437847866 0.037056367432150315 0.07606679035250463
3 0.975991649269311 0.42115027829313545 0.02348643006263048 0.03339517625231911
3 0.4551148225469729 0.5064935064935064 0.021920668058455117 0.06679035250463822
3 0.5052192066805845 0.525974025974026 0.0255741127348643 0.06307977736549165
3 0.5715031315240083 0.49814471243042674 0.02139874739039666 0.06215213358070501
3 0.5788100208768268 0.43042671614100186 0.02139874739039666 0.06029684601113173
3 0.5422755741127349 0.3534322820037106 0.019832985386221295 0.04823747680890538
3 0.49739039665970775 0.3979591836734694 0.021920668058455117 0.06029684601113173
3 0.4759916492693111 0.3645640074211503 0.030271398747390398 0.04823747680890538
3 0.39979123173277664 0.3719851576994434 0.0255741127348643 0.05102040816326531
3 0.2291231732776618 0.18274582560296845 0.021920668058455117 0.041743970315398886
3 0.23277661795407098 0.23840445269016697 0.0255741127348643 0.04359925788497217
1 0.10281837160751565 0.1549165120593692 0.007306889352818371 0.02040816326530612
3 0.03914405010438413 0.19944341372912802 0.03549060542797495 0.03896103896103896
1 0.02035490605427975 0.04267161410018553 0.004697286012526096 0.014842300556586271
2 0.01826722338204593 0.05287569573283859 0.012004175365344467 0.00927643784786642
2 0.049582463465553235 0.01948051948051948 0.016701461377870562 0.012059369202226345
1 0.050626304801670144 0.012059369202226345 0.005219206680584551 0.015769944341372914
4 0.14718162839248433 0.02040816326530612 0.010960334029227558 0.00927643784786642
1 0.14979123173277661 0.015769944341372914 0.004697286012526096 0.011131725417439703
3 0.7134655532359081 0.8311688311688312 0.02661795407098121 0.10111317254174397
3 0.7447807933194155 0.8589981447124304 0.0255741127348643 0.09090909090909091
3 0.7985386221294363 0.8766233766233766 0.032359081419624215 0.10575139146567718
3 0.6931106471816284 0.6252319109461967 0.04123173277661795 0.05473098330241188
