1 0.9021428571428571 0.4847619047619048 0.017857142857142856 0.023809523809523808
1 0.9792857142857143 0.3419047619047619 0.016428571428571428 0.022857142857142857
1 0.9807142857142858 0.3352380952380952 0.017142857142857144 0.021904761904761906
1 0.8657142857142858 0.2742857142857143 0.012142857142857143 0.021904761904761906
1 0.4092857142857143 0.7276190476190476 0.015 0.02666666666666667
1 0.365 0.7142857142857143 0.011428571428571429 0.02666666666666667
1 0.3585714285714286 0.6847619047619048 0.010714285714285714 0.023809523809523808
1 0.41714285714285715 0.7095238095238096 0.012857142857142857 0.01904761904761905
1 0.4207142857142857 0.6866666666666666 0.013571428571428571 0.022857142857142857
1 0.5142857142857142 0.7942857142857143 0.014285714285714285 0.022857142857142857
1 0.32857142857142857 0.6971428571428572 0.013571428571428571 0.022857142857142857
1 0.305 0.680952380952381 0.013571428571428571 0.024761904761904763
1 0.31 0.6638095238095238 0.012142857142857143 0.02095238095238095
1 0.315 0.6552380952380953 0.017142857142857144 0.02666666666666667
1 0.29428571428571426 0.6666666666666666 0.013571428571428571 0.024761904761904763
1 0.2592857142857143 0.6742857142857143 0.013571428571428571 0.02095238095238095
1 0.2557142857142857 0.6647619047619048 0.012857142857142857 0.013333333333333334
1 0.24785714285714286 0.7057142857142857 0.01 0.02
1 0.31642857142857145 0.6314285714285715 0.012857142857142857 0.021904761904761906
1 0.40285714285714286 0.6028571428571429 0.009285714285714286 0.02095238095238095
1 0.38785714285714284 0.5980952380952381 0.008571428571428572 0.025714285714285714
1 0.3792857142857143 0.6 0.012142857142857143 0.030476190476190476
1 0.4142857142857143 0.5228571428571429 0.009285714285714286 0.023809523809523808
1 0.4014285714285714 0.5285714285714286 0.009285714285714286 0.02666666666666667
1 0.3914285714285714 0.5266666666666666 0.010714285714285714 0.02761904761904762
1 0.3892857142857143 0.5476190476190477 0.009285714285714286 0.025714285714285714
1 0.3807142857142857 0.5314285714285715 0.01 0.02761904761904762
1 0.3707142857142857 0.5333333333333333 0.012142857142857143 0.02857142857142857
1 0.33785714285714286 0.56 0.011428571428571429 0.025714285714285714
1 0.32357142857142857 0.5733333333333334 0.01 0.021904761904761906
1 0.315 0.5780952380952381 0.010714285714285714 0.02
1 0.2342857142857143 0.6885714285714286 0.010714285714285714 0.023809523809523808
1 0.18 0.7657142857142857 0.017142857142857144 0.021904761904761906
1 0.14142857142857143 0.780952380952381 0.019285714285714285 0.02095238095238095
1 0.1407142857142857 0.7961904761904762 0.02 0.02666666666666667
1 0.0 0.94 0.030714285714285715 0.022857142857142857
1 0.0 0.9304761904761905 0.024285714285714285 0.018095238095238095
1 0.04428571428571428 0.9171428571428571 0.027142857142857142 0.01904761904761905
1 0.3557142857142857 0.4266666666666667 0.010714285714285714 0.02857142857142857
1 0.3442857142857143 0.3676190476190476 0.011428571428571429 0.030476190476190476
1 0.32 0.17238095238095238 0.007857142857142858 0.023809523809523808
1 0.27071428571428574 0.18571428571428572 0.007857142857142858 0.02
1 0.2757142857142857 0.17904761904761904 0.01 0.021904761904761906
1 0.30214285714285716 0.13714285714285715 0.009285714285714286 0.024761904761904763
1 0.2764285714285714 0.1219047619047619 0.009285714285714286 0.024761904761904763
1 0.26785714285714285 0.12380952380952381 0.012142857142857143 0.025714285714285714
3 0.5721428571428572 0.26 0.03571428571428571 0.04476190476190476
3 0.62 0.19523809523809524 0.025714285714285714 0.039047619047619046
1 0.6928571428571428 0.11619047619047619 0.0064285714285714285 0.01904761904761905
1 0.6878571428571428 0.11619047619047619 0.007142857142857143 0.02
1 0.6635714285714286 0.09428571428571429 0.0064285714285714285 0.02
1 0.6578571428571428 0.09428571428571429 0.007857142857142858 0.022857142857142857
1 0.6185714285714285 0.05619047619047619 0.007857142857142858 0.02
3 0.685 0.06476190476190476 0.02 0.029523809523809525
