3 0.4714285714285714 0.5038071065989848 0.016428571428571428 0.04949238578680203
3 0.44357142857142856 0.4860406091370558 0.015 0.04568527918781726
3 0.44785714285714284 0.3883248730964467 0.014285714285714285 0.03807106598984772
3 0.4742857142857143 0.350253807106599 0.012857142857142857 0.03680203045685279
3 0.5657142857142857 0.48984771573604063 0.017857142857142856 0.048223350253807105
3 0.5692857142857143 0.5431472081218274 0.017857142857142856 0.0532994923857868
3 0.5892857142857143 0.682741116751269 0.02642857142857143 0.07487309644670051
3 0.42428571428571427 0.8515228426395939 0.029285714285714286 0.08629441624365482
3 0.5521428571428572 0.6776649746192893 0.022857142857142857 0.0850253807106599
3 0.5771428571428572 0.5939086294416244 0.023571428571428573 0.07614213197969544
3 0.5435714285714286 0.6040609137055838 0.02214285714285714 0.07106598984771574
3 0.46285714285714286 0.0901015228426396 0.008571428571428572 0.01903553299492386
3 0.4657142857142857 0.06979695431472081 0.007142857142857143 0.017766497461928935
3 0.4657142857142857 0.06091370558375635 0.007857142857142858 0.01015228426395939
6 0.47785714285714287 0.06472081218274112 0.009285714285714286 0.03553299492385787
3 0.47928571428571426 0.05710659898477157 0.0064285714285714285 0.017766497461928935
1 0.6535714285714286 0.7296954314720813 0.0064285714285714285 0.0266497461928934
1 0.5892857142857143 0.8515228426395939 0.007142857142857143 0.027918781725888325
1 0.37214285714285716 0.9441624365482234 0.007142857142857143 0.027918781725888325
1 0.375 0.9352791878172588 0.0064285714285714285 0.02918781725888325
1 0.5892857142857143 0.8375634517766497 0.010714285714285714 0.02918781725888325
1 0.4085714285714286 0.4847715736040609 0.007142857142857143 0.02284263959390863
1 0.3964285714285714 0.5368020304568528 0.005714285714285714 0.025380710659898477
1 0.4107142857142857 0.5329949238578681 0.005714285714285714 0.024111675126903553
1 0.4014285714285714 0.5482233502538071 0.008571428571428572 0.025380710659898477
1 0.35928571428571426 0.9860406091370558 0.007142857142857143 0.012690355329949238
1 0.3507142857142857 0.983502538071066 0.0064285714285714285 0.015228426395939087
1 0.3464285714285714 0.9784263959390863 0.007142857142857143 0.01903553299492386
