3 0.46214285714285713 0.9171428571428571 0.020714285714285713 0.07809523809523809
1 0.5064285714285715 0.9152380952380952 0.007857142857142858 0.013333333333333334
1 0.5007142857142857 0.8714285714285714 0.005714285714285714 0.013333333333333334
4 0.4607142857142857 0.8257142857142857 0.009285714285714286 0.03333333333333333
2 0.4642857142857143 0.7704761904761904 0.009285714285714286 0.02857142857142857
1 0.465 0.7733333333333333 0.007142857142857143 0.02
1 0.465 0.741904761904762 0.007857142857142858 0.017142857142857144
1 0.485 0.7390476190476191 0.007857142857142858 0.017142857142857144
1 0.4928571428571429 0.7304761904761905 0.007857142857142858 0.017142857142857144
4 0.4471428571428571 0.6352380952380953 0.008571428571428572 0.024761904761904763
1 0.4857142857142857 0.56 0.007857142857142858 0.012380952380952381
4 0.4642857142857143 0.5285714285714286 0.009285714285714286 0.03238095238095238
2 0.4392857142857143 0.4685714285714286 0.007857142857142858 0.025714285714285714
3 0.48714285714285716 0.43523809523809526 0.02857142857142857 0.07428571428571429
1 0.44785714285714284 0.41523809523809524 0.009285714285714286 0.012380952380952381
4 0.435 0.3780952380952381 0.007142857142857143 0.02666666666666667
1 0.44642857142857145 0.36857142857142855 0.007857142857142858 0.010476190476190476
1 0.45357142857142857 0.36857142857142855 0.007142857142857143 0.010476190476190476
1 0.44357142857142856 0.3161904761904762 0.007857142857142858 0.012380952380952381
1 0.4342857142857143 0.319047619047619 0.007857142857142858 0.013333333333333334
3 0.48214285714285715 0.24666666666666667 0.03142857142857143 0.08
2 0.4614285714285714 0.2580952380952381 0.007857142857142858 0.03238095238095238
1 0.4614285714285714 0.2619047619047619 0.007857142857142858 0.018095238095238095
1 0.475 0.24 0.009285714285714286 0.013333333333333334
1 0.4757142857142857 0.24 0.005714285714285714 0.008571428571428572
4 0.43357142857142855 0.16476190476190475 0.009285714285714286 0.03142857142857143
1 0.4328571428571429 0.16952380952380952 0.01 0.017142857142857144
3 0.37642857142857145 0.17333333333333334 0.04928571428571429 0.030476190476190476
4 0.38 0.15428571428571428 0.015714285714285715 0.017142857142857144
1 0.3707142857142857 0.13333333333333333 0.0064285714285714285 0.014285714285714285
1 0.3842857142857143 0.14666666666666667 0.008571428571428572 0.015238095238095238
1 0.4764285714285714 0.07238095238095238 0.0064285714285714285 0.015238095238095238
