3 0.18285714285714286 0.13238095238095238 0.13071428571428573 0.09714285714285714
3 0.07 0.3219047619047619 0.18357142857142858 0.11428571428571428
3 0.40285714285714286 0.12761904761904763 0.08428571428571428 0.1895238095238095
3 0.5 0.18285714285714286 0.07714285714285714 0.15714285714285714
3 0.365 0.36952380952380953 0.09214285714285714 0.23238095238095238
3 0.4714285714285714 0.3819047619047619 0.075 0.17809523809523808
3 0.2807142857142857 0.6914285714285714 0.125 0.30857142857142855
3 0.45071428571428573 0.6152380952380953 0.10214285714285715 0.2923809523809524
3 0.7721428571428571 0.30857142857142855 0.19071428571428573 0.11142857142857143
3 0.6907142857142857 0.38857142857142857 0.11 0.22380952380952382
3 0.7421428571428571 0.14857142857142858 0.15571428571428572 0.10095238095238095
3 0.7171428571428572 0.06476190476190476 0.16 0.10095238095238095
3 0.7207142857142858 0.0 0.12857142857142856 0.054285714285714284
3 0.5214285714285715 0.0 0.06642857142857143 0.12285714285714286
3 0.46285714285714286 0.0 0.06142857142857143 0.1019047619047619
3 0.3221428571428571 0.0 0.07071428571428572 0.09619047619047619
