3 0.7698329853862212 0.4332096474953618 0.01826722338204593 0.027829313543599257
8 0.7171189979123174 0.7189239332096475 0.06941544885177453 0.09183673469387756
8 0.6325678496868476 0.6307977736549165 0.05167014613778706 0.08998144712430427
8 0.6200417536534447 0.6567717996289425 0.06941544885177453 0.11966604823747681
8 0.6764091858037579 0.6892393320964749 0.07411273486430063 0.1345083487940631
8 0.6649269311064718 0.7671614100185529 0.07828810020876827 0.1391465677179963
8 0.6022964509394572 0.6688311688311688 0.06784968684759916 0.1261595547309833
8 0.6539665970772442 0.8209647495361782 0.04488517745302714 0.07699443413729128
3 0.6388308977035491 0.8487940630797773 0.042275574112734866 0.07050092764378478
8 0.6137787056367432 0.8580705009276438 0.07933194154488518 0.14100185528756956
2 0.5970772442588727 0.8970315398886828 0.03496868475991649 0.06586270871985157
3 0.5563674321503131 0.8033395176252319 0.04175365344467641 0.07421150278293136
4 0.593945720250522 0.8404452690166976 0.009916492693110648 0.026901669758812616
8 0.5657620041753654 0.7532467532467533 0.049060542797494784 0.07699443413729128
8 0.5229645093945721 0.6827458256029685 0.04592901878914405 0.0686456400742115
3 0.5349686847599165 0.650278293135436 0.03496868475991649 0.04267161410018553
4 0.5177453027139874 0.7346938775510204 0.015135699373695199 0.02040816326530612
4 0.5198329853862212 0.7662337662337663 0.019311064718162838 0.014842300556586271
4 0.5923799582463466 0.6753246753246753 0.009394572025052192 0.02040816326530612
4 0.5824634655532359 0.686456400742115 0.012004175365344467 0.02411873840445269
4 0.5751565762004175 0.6781076066790352 0.013569937369519834 0.026901669758812616
4 0.5819415448851775 0.7300556586270872 0.014613778705636743 0.030612244897959183
4 0.5918580375782881 0.74860853432282 0.012526096033402923 0.026901669758812616
4 0.6127348643006263 0.7597402597402597 0.020876826722338204 0.022263450834879406
4 0.6179540709812108 0.7680890538033395 0.019832985386221295 0.01948051948051948
4 0.6330897703549061 0.7894248608534323 0.020876826722338204 0.0287569573283859
4 0.6247390396659708 0.7903525046382189 0.02139874739039666 0.025974025974025976
4 0.6221294363256785 0.7801484230055659 0.020876826722338204 0.030612244897959183
8 0.49947807933194155 0.774582560296846 0.03288100208768267 0.036178107606679034
3 0.44572025052192066 0.6159554730983302 0.04018789144050104 0.06493506493506493
8 0.4572025052192067 0.5528756957328386 0.13517745302713988 0.15584415584415584
8 0.5041753653444676 0.5074211502782932 0.04279749478079332 0.05844155844155844
8 0.5083507306889353 0.5714285714285714 0.049060542797494784 0.05194805194805195
8 0.4869519832985386 0.5769944341372912 0.025052192066805846 0.0575139146567718
8 0.4164926931106472 0.5955473098330241 0.05636743215031315 0.04638218923933209
4 0.43684759916492694 0.6066790352504638 0.016179540709812108 0.014842300556586271
4 0.4352818371607516 0.6001855287569573 0.01722338204592902 0.02040816326530612
4 0.4352818371607516 0.5955473098330241 0.015135699373695199 0.02040816326530612
4 0.4525052192066806 0.5918367346938775 0.016701461377870562 0.021335807050092765
4 0.4535490605427975 0.5974025974025974 0.015657620041753653 0.016697588126159554
8 0.4196242171189979 0.5742115027829313 0.06002087682672234 0.03432282003710575
8 0.4311064718162839 0.5463821892393321 0.06315240083507306 0.045454545454545456
3 0.44832985386221297 0.5473098330241187 0.038100208768267224 0.027829313543599257
3 0.45876826722338204 0.525974025974026 0.024530271398747392 0.03710575139146568
3 0.4394572025052192 0.5250463821892394 0.024530271398747392 0.04081632653061224
3 0.4394572025052192 0.48237476808905383 0.018789144050104383 0.027829313543599257
3 0.4154488517745303 0.5352504638218923 0.029227557411273485 0.032467532467532464
3 0.40083507306889354 0.5306122448979592 0.033402922755741124 0.032467532467532464
8 0.4561586638830898 0.49536178107606677 0.019832985386221295 0.03710575139146568
8 0.4133611691022965 0.49907235621521334 0.037578288100208766 0.025974025974025976
3 0.39613778705636743 0.5046382189239332 0.05897703549060543 0.041743970315398886
3 0.3883089770354906 0.5602968460111317 0.020876826722338204 0.045454545454545456
3 0.3721294363256785 0.575139146567718 0.024530271398747392 0.04359925788497217
3 0.37108559498956156 0.5454545454545454 0.031837160751565764 0.041743970315398886
3 0.40292275574112735 0.5584415584415584 0.02035490605427975 0.03339517625231911
3 0.3684759916492693 0.5371057513914657 0.032359081419624215 0.039888682745825604
3 0.36482254697286015 0.5324675324675324 0.03392484342379958 0.030612244897959183
3 0.36691022964509395 0.5185528756957328 0.030793319415448852 0.03432282003710575
3 0.3637787056367432 0.4962894248608534 0.026096033402922755 0.036178107606679034
3 0.3585594989561587 0.48794063079777367 0.02661795407098121 0.032467532467532464
3 0.3945720250521921 0.48794063079777367 0.028183716075156576 0.03339517625231911
3 0.3914405010438413 0.47866419294990725 0.029749478079331943 0.029684601113172542
3 0.42275574112734865 0.48237476808905383 0.020876826722338204 0.03432282003710575
3 0.39822546972860123 0.4675324675324675 0.028183716075156576 0.032467532467532464
3 0.43162839248434237 0.4517625231910946 0.030271398747390398 0.02504638218923933
3 0.4081419624217119 0.4359925788497217 0.014091858037578288 0.03153988868274583
3 0.3695198329853862 0.45640074211502785 0.03496868475991649 0.025974025974025976
3 0.36795407098121086 0.44805194805194803 0.032359081419624215 0.022263450834879406
3 0.36586638830897705 0.44063079777365494 0.031837160751565764 0.021335807050092765
8 0.33820459290187893 0.4359925788497217 0.031315240083507306 0.02411873840445269
3 0.34916492693110646 0.2300556586270872 0.020876826722338204 0.016697588126159554
2 0.3366388308977035 0.46289424860853434 0.021920668058455117 0.01855287569573284
4 0.21555323590814196 0.3246753246753247 0.006784968684759917 0.013914656771799629
1 0.18215031315240082 0.34415584415584416 0.005219206680584551 0.008348794063079777
8 0.18110647181628392 0.26159554730983303 0.019311064718162838 0.03339517625231911
8 0.24739039665970772 0.2300556586270872 0.012526096033402923 0.02411873840445269
1 0.27035490605427975 0.24675324675324675 0.0041753653444676405 0.013914656771799629
1 0.23068893528183715 0.16048237476808905 0.0026096033402922755 0.0055658627087198514
8 0.2291231732776618 0.15862708719851576 0.005741127348643006 0.012987012987012988
8 0.23068893528183715 0.09647495361781076 0.010438413361169102 0.01855287569573284
1 0.21920668058455114 0.10296846011131726 0.0020876826722338203 0.0055658627087198514
4 0.21920668058455114 0.1038961038961039 0.0026096033402922755 0.0055658627087198514
8 0.22703549060542796 0.07977736549165121 0.008872651356993737 0.01855287569573284
3 0.22338204592901878 0.05102040816326531 0.005219206680584551 0.00927643784786642
8 0.22077244258872653 0.03153988868274583 0.007828810020876827 0.01855287569573284
2 0.21816283924843424 0.016697588126159554 0.005741127348643006 0.011131725417439703
8 0.7802713987473904 0.14656771799628943 0.028183716075156576 0.015769944341372914
