3 0.413 0.0 0.0065 0.007333333333333333
3 0.492 0.09866666666666667 0.012 0.017333333333333333
3 0.5105 0.18 0.018 0.026
3 0.565 0.306 0.03 0.034
3 0.554 0.354 0.0325 0.04533333333333334
3 0.189 0.7326666666666667 0.0575 0.11866666666666667
3 0.322 0.7006666666666667 0.047 0.12
3 0.3965 0.6786666666666666 0.048 0.12533333333333332
3 0.459 0.6653333333333333 0.042 0.13533333333333333
3 0.56 0.6406666666666667 0.061 0.13666666666666666
8 0.512 0.6353333333333333 0.0555 0.16866666666666666
3 0.3375 0.556 0.0765 0.06333333333333334
3 0.02 0.41533333333333333 0.0685 0.03133333333333333
3 0.017 0.444 0.0695 0.04133333333333333
3 0.0 0.336 0.02 0.03333333333333333
3 0.9325 0.28733333333333333 0.0585 0.03666666666666667
3 0.8555 0.9293333333333333 0.1445 0.06933333333333333
3 0.538 0.23933333333333334 0.024 0.036
3 0.438 0.328 0.026 0.04466666666666667
3 0.4835 0.12266666666666666 0.0135 0.02266666666666667
3 0.4825 0.11133333333333334 0.011 0.017333333333333333
3 0.4505 0.14 0.0275 0.022
3 0.463 0.08933333333333333 0.014 0.020666666666666667
3 0.4095 0.06933333333333333 0.0105 0.018666666666666668
3 0.423 0.06933333333333333 0.0105 0.016666666666666666
3 0.436 0.08133333333333333 0.025 0.016
3 0.3755 0.09933333333333333 0.018 0.015333333333333332
3 0.421 0.03 0.0195 0.013333333333333334
3 0.502 0.164 0.018 0.024666666666666667
3 0.526 0.22466666666666665 0.0235 0.02666666666666667
2 0.5185 0.34933333333333333 0.0235 0.03933333333333333
1 0.5605 0.4206666666666667 0.008 0.03133333333333333
1 0.571 0.416 0.009 0.03333333333333333
1 0.551 0.45466666666666666 0.0155 0.03
1 0.569 0.416 0.009 0.015333333333333332
1 0.3965 0.20533333333333334 0.0095 0.016666666666666666
1 0.387 0.20133333333333334 0.008 0.020666666666666667
1 0.3965 0.18533333333333332 0.007 0.023333333333333334
1 0.3995 0.18866666666666668 0.006 0.026
1 0.411 0.03 0.003 0.011333333333333334
1 0.4105 0.10533333333333333 0.0055 0.019333333333333334
3 0.3765 0.07733333333333334 0.01 0.018
2 0.449 0.23 0.0225 0.02
4 0.5355 0.17333333333333334 0.0095 0.015333333333333332
3 0.43 0.114 0.027 0.014666666666666666
3 0.4305 0.12133333333333333 0.031 0.016
3 0.4315 0.12866666666666668 0.03 0.018
1 0.4285 0.188 0.0075 0.017333333333333333
4 0.5025 0.22466666666666665 0.0165 0.014666666666666666
2 0.7055 0.608 0.073 0.04066666666666666
1 0.309 0.948 0.0235 0.04533333333333334
3 0.449 0.04066666666666666 0.01 0.013333333333333334
3 0.4445 0.048666666666666664 0.017 0.012666666666666666
