1 0.08285714285714285 0.5971428571428572 0.02642857142857143 0.05619047619047619
1 0.3171428571428571 0.5142857142857142 0.012142857142857143 0.030476190476190476
1 0.3242857142857143 0.49238095238095236 0.019285714285714285 0.04476190476190476
1 0.5307142857142857 0.6895238095238095 0.023571428571428573 0.04476190476190476
2 0.4957142857142857 0.699047619047619 0.05714285714285714 0.08476190476190476
3 0.7164285714285714 0.32 0.06357142857142857 0.040952380952380955
1 0.7564285714285715 0.38476190476190475 0.01 0.02857142857142857
4 0.75 0.3952380952380952 0.025714285714285714 0.022857142857142857
1 0.011428571428571429 0.36666666666666664 0.018571428571428572 0.037142857142857144
3 0.0007142857142857143 0.1657142857142857 0.030714285714285715 0.040952380952380955
1 0.315 0.3495238095238095 0.013571428571428571 0.023809523809523808
2 0.7214285714285714 0.30095238095238097 0.025 0.013333333333333334
1 0.7292857142857143 0.2914285714285714 0.008571428571428572 0.01619047619047619
1 0.8421428571428572 0.3952380952380952 0.015714285714285715 0.03428571428571429
2 0.8335714285714285 0.4066666666666667 0.03 0.024761904761904763
1 0.7921428571428571 0.29333333333333333 0.007857142857142858 0.02666666666666667
