3 0.38642857142857145 0.5380952380952381 0.06142857142857143 0.1457142857142857
3 0.7142857142857143 0.5866666666666667 0.11 0.16285714285714287
3 0.7942857142857143 0.4847619047619048 0.10857142857142857 0.13333333333333333
3 0.8121428571428572 0.2561904761904762 0.06285714285714286 0.05333333333333334
3 0.7714285714285715 0.22380952380952382 0.04642857142857143 0.035238095238095235
3 0.6992857142857143 0.16857142857142857 0.03571428571428571 0.03238095238095238
3 0.45785714285714285 0.2923809523809524 0.03857142857142857 0.05238095238095238
3 0.36857142857142855 0.32285714285714284 0.04214285714285714 0.06857142857142857
3 0.3157142857142857 0.3352380952380952 0.039285714285714285 0.06380952380952382
3 0.37785714285714284 0.26571428571428574 0.03214285714285714 0.054285714285714284
3 0.9464285714285714 0.3466666666666667 0.05 0.06190476190476191
3 0.8685714285714285 0.3028571428571429 0.07714285714285714 0.058095238095238096
3 0.5564285714285714 0.06666666666666667 0.014285714285714285 0.01904761904761905
3 0.5292857142857142 0.06380952380952382 0.016428571428571428 0.02
3 0.3492857142857143 0.17047619047619048 0.02214285714285714 0.029523809523809525
3 0.32785714285714285 0.14952380952380953 0.022857142857142857 0.030476190476190476
3 0.20642857142857143 0.26571428571428574 0.08214285714285714 0.045714285714285714
3 0.2257142857142857 0.3514285714285714 0.06857142857142857 0.05714285714285714
3 0.25142857142857145 0.23333333333333334 0.06642857142857143 0.030476190476190476
3 0.25857142857142856 0.2 0.06642857142857143 0.03428571428571429
3 0.7342857142857143 0.13904761904761906 0.041428571428571426 0.021904761904761906
3 0.7242857142857143 0.12857142857142856 0.04 0.029523809523809525
3 0.7135714285714285 0.12095238095238095 0.04928571428571429 0.02857142857142857
3 0.71 0.11333333333333333 0.04642857142857143 0.02666666666666667
3 0.6842857142857143 0.11238095238095239 0.06 0.02095238095238095
3 0.67 0.09428571428571429 0.054285714285714284 0.03333333333333333
3 0.5814285714285714 0.06857142857142857 0.012142857142857143 0.014285714285714285
3 0.3535714285714286 0.14857142857142858 0.025714285714285714 0.02857142857142857
3 0.8207142857142857 0.07714285714285714 0.02642857142857143 0.014285714285714285
3 0.8071428571428572 0.07142857142857142 0.02642857142857143 0.02095238095238095
3 0.8742857142857143 0.1019047619047619 0.02642857142857143 0.025714285714285714
3 0.865 0.8828571428571429 0.13214285714285715 0.11523809523809524
3 0.2842857142857143 0.05619047619047619 0.03857142857142857 0.01619047619047619
3 0.2835714285714286 0.06380952380952382 0.032857142857142856 0.018095238095238095
3 0.2671428571428571 0.14952380952380953 0.027857142857142858 0.03238095238095238
3 0.33285714285714285 0.19714285714285715 0.07642857142857143 0.03142857142857143
3 0.32785714285714285 0.13714285714285715 0.05142857142857143 0.021904761904761906
3 0.3057142857142857 0.12 0.05285714285714286 0.029523809523809525
3 0.46214285714285713 0.0009523809523809524 0.008571428571428572 0.010476190476190476
3 0.4957142857142857 0.012380952380952381 0.008571428571428572 0.007619047619047619
3 0.5042857142857143 0.018095238095238095 0.01 0.013333333333333334
3 0.5892857142857143 0.0761904761904762 0.017857142857142856 0.01619047619047619
1 0.5928571428571429 0.08571428571428572 0.004285714285714286 0.009523809523809525
1 0.535 0.2180952380952381 0.010714285714285714 0.015238095238095238
1 0.8692857142857143 0.33904761904761904 0.011428571428571429 0.03238095238095238
4 0.86 0.3495238095238095 0.025 0.03333333333333333
4 0.5328571428571428 0.2276190476190476 0.012857142857142857 0.022857142857142857
3 0.68 0.13047619047619047 0.02142857142857143 0.024761904761904763
3 0.46785714285714286 0.15619047619047619 0.024285714285714285 0.0419047619047619
4 0.24285714285714285 0.1819047619047619 0.02214285714285714 0.02095238095238095
4 0.17642857142857143 0.32571428571428573 0.03642857142857143 0.022857142857142857
4 0.1792857142857143 0.3019047619047619 0.015714285714285715 0.025714285714285714
2 0.43642857142857144 0.2980952380952381 0.008571428571428572 0.03619047619047619
1 0.3242857142857143 0.24476190476190476 0.010714285714285714 0.030476190476190476
1 0.4042857142857143 0.23714285714285716 0.013571428571428571 0.030476190476190476
1 0.18571428571428572 0.31142857142857144 0.02214285714285714 0.0380952380952381
1 0.19285714285714287 0.44 0.015 0.037142857142857144
1 0.46714285714285714 0.37333333333333335 0.010714285714285714 0.04380952380952381
1 0.5071428571428571 0.1219047619047619 0.007142857142857143 0.01904761904761905
2 0.5035714285714286 0.13142857142857142 0.011428571428571429 0.011428571428571429
1 0.5564285714285714 0.03142857142857143 0.004285714285714286 0.012380952380952381
1 0.5235714285714286 0.008571428571428572 0.004285714285714286 0.009523809523809525
1 0.5885714285714285 0.05047619047619047 0.004285714285714286 0.013333333333333334
1 0.575 0.040952380952380955 0.005 0.01619047619047619
3 0.7835714285714286 0.09333333333333334 0.04071428571428572 0.02666666666666667
3 0.8192857142857143 0.10571428571428572 0.027142857142857142 0.02857142857142857
3 0.8585714285714285 0.12571428571428572 0.04357142857142857 0.03238095238095238
3 0.8607142857142858 0.09714285714285714 0.02857142857142857 0.010476190476190476
3 0.8435714285714285 0.0838095238095238 0.03142857142857143 0.02
3 0.9771428571428571 0.14285714285714285 0.022857142857142857 0.025714285714285714
3 0.9592857142857143 0.12571428571428572 0.025 0.03142857142857143
1 0.8892857142857142 0.24476190476190476 0.012857142857142857 0.03428571428571429
1 0.9492857142857143 0.2904761904761905 0.015714285714285715 0.035238095238095235
