6 0.35214285714285715 0.5939086294416244 0.12285714285714286 0.06725888324873096
6 0.32142857142857145 0.6814720812182741 0.12785714285714286 0.0901015228426396
6 0.30714285714285716 0.49238578680203043 0.11785714285714285 0.06979695431472081
6 0.31142857142857144 0.4213197969543147 0.11642857142857142 0.0799492385786802
6 0.3107142857142857 0.3489847715736041 0.11642857142857142 0.08121827411167512
6 0.3171428571428571 0.27918781725888325 0.11642857142857142 0.0799492385786802
6 0.32857142857142857 0.217005076142132 0.10928571428571429 0.07487309644670051
8 0.34214285714285714 0.1598984771573604 0.10285714285714286 0.06598984771573604
8 0.4471428571428571 0.15228426395939088 0.02857142857142857 0.15736040609137056
8 0.4342857142857143 0.4035532994923858 0.03642857142857143 0.18274111675126903
8 0.48142857142857143 0.41243654822335024 0.03642857142857143 0.19796954314720813
8 0.5235714285714286 0.383248730964467 0.03571428571428571 0.19923857868020303
8 0.5985714285714285 0.5266497461928934 0.047142857142857146 0.21065989847715735
8 0.5878571428571429 0.2614213197969543 0.041428571428571426 0.24619289340101522
8 0.5457142857142857 0.1484771573604061 0.037142857142857144 0.16243654822335024
8 0.5142857142857142 0.16116751269035534 0.03142857142857143 0.1598984771573604
8 0.47928571428571426 0.14974619289340102 0.035 0.25888324873096447
6 0.635 0.4035532994923858 0.05285714285714286 0.22842639593908629
8 0.29642857142857143 0.8769035532994924 0.13785714285714284 0.0901015228426396
6 0.2914285714285714 0.7868020304568528 0.13214285714285715 0.07741116751269035
3 0.5628571428571428 0.5901015228426396 0.023571428571428573 0.10152284263959391
1 0.5728571428571428 0.6890862944162437 0.01 0.0266497461928934
1 0.5528571428571428 0.684010152284264 0.016428571428571428 0.030456852791878174
1 0.5542857142857143 0.6446700507614214 0.01 0.0266497461928934
