3 0.07 0.030456852791878174 0.05 0.06218274111675127
3 0.11285714285714285 0.024111675126903553 0.04857142857142857 0.05583756345177665
3 0.085 0.1484771573604061 0.047857142857142855 0.0583756345177665
3 0.13214285714285715 0.18527918781725888 0.056428571428571425 0.07233502538071065
3 0.19214285714285714 0.24746192893401014 0.055714285714285716 0.07106598984771574
8 0.21285714285714286 0.08756345177664974 0.07857142857142857 0.11294416243654823
1 0.2292857142857143 0.0583756345177665 0.007857142857142858 0.024111675126903553
1 0.24928571428571428 0.06472081218274112 0.005 0.01903553299492386
1 0.29285714285714287 0.10913705583756345 0.010714285714285714 0.027918781725888325
1 0.2914285714285714 0.18781725888324874 0.008571428571428572 0.031725888324873094
1 0.2978571428571429 0.19796954314720813 0.0064285714285714285 0.025380710659898477
3 0.28785714285714287 0.3223350253807107 0.060714285714285714 0.048223350253807105
3 0.38285714285714284 0.32741116751269034 0.05857142857142857 0.07614213197969544
4 0.3028571428571429 0.17258883248730963 0.018571428571428572 0.04568527918781726
4 0.31 0.17639593908629442 0.017142857142857144 0.04949238578680203
4 0.31357142857142856 0.18527918781725888 0.023571428571428573 0.04568527918781726
4 0.32357142857142857 0.18781725888324874 0.020714285714285713 0.050761421319796954
4 0.33071428571428574 0.19289340101522842 0.018571428571428572 0.046954314720812185
4 0.3385714285714286 0.20558375634517767 0.018571428571428572 0.04568527918781726
4 0.3457142857142857 0.2068527918781726 0.017142857142857144 0.046954314720812185
4 0.35428571428571426 0.2131979695431472 0.015 0.04187817258883249
4 0.36 0.2233502538071066 0.015 0.03934010152284264
4 0.36642857142857144 0.22842639593908629 0.02 0.04314720812182741
4 0.375 0.233502538071066 0.017142857142857144 0.04568527918781726
4 0.38285714285714284 0.24873096446700507 0.017857142857142856 0.03934010152284264
4 0.39 0.2436548223350254 0.017142857142857144 0.046954314720812185
4 0.4 0.26015228426395937 0.014285714285714285 0.04187817258883249
4 0.40714285714285714 0.26903553299492383 0.014285714285714285 0.03680203045685279
4 0.415 0.2652284263959391 0.018571428571428572 0.048223350253807105
4 0.4235714285714286 0.2753807106598985 0.015 0.04314720812182741
4 0.42857142857142855 0.282994923857868 0.015 0.04314720812182741
4 0.43642857142857144 0.2982233502538071 0.012857142857142857 0.03680203045685279
1 0.26 0.3934010152284264 0.009285714285714286 0.0266497461928934
1 0.2557142857142857 0.4086294416243655 0.007857142857142858 0.02284263959390863
1 0.28 0.4530456852791878 0.009285714285714286 0.030456852791878174
1 0.2714285714285714 0.48223350253807107 0.007142857142857143 0.0266497461928934
1 0.30428571428571427 0.5342639593908629 0.007142857142857143 0.024111675126903553
1 0.3871428571428571 0.44416243654822335 0.008571428571428572 0.025380710659898477
1 0.36642857142857144 0.49746192893401014 0.011428571428571429 0.02030456852791878
1 0.3507142857142857 0.565989847715736 0.008571428571428572 0.02284263959390863
1 0.38785714285714284 0.5355329949238579 0.0064285714285714285 0.021573604060913704
1 0.4114285714285714 0.5951776649746193 0.01 0.02030456852791878
1 0.4342857142857143 0.567258883248731 0.009285714285714286 0.021573604060913704
1 0.43642857142857144 0.5406091370558376 0.008571428571428572 0.024111675126903553
1 0.4407142857142857 0.5253807106598984 0.008571428571428572 0.021573604060913704
1 0.19714285714285715 0.8375634517766497 0.008571428571428572 0.02284263959390863
1 0.20642857142857143 0.8413705583756346 0.012142857142857143 0.01903553299492386
3 0.655 0.6307106598984772 0.045 0.10532994923857868
3 0.6978571428571428 0.36928934010152287 0.04 0.08375634517766498
8 0.7192857142857143 0.017766497461928935 0.06785714285714285 0.217005076142132
1 0.6957142857142857 0.16878172588832488 0.009285714285714286 0.0266497461928934
1 0.6892857142857143 0.1383248730964467 0.01 0.0266497461928934
1 0.6507142857142857 0.2956852791878173 0.007142857142857143 0.031725888324873094
1 0.6071428571428571 0.3464467005076142 0.008571428571428572 0.02918781725888325
1 0.4928571428571429 0.2918781725888325 0.009285714285714286 0.02284263959390863
1 0.5035714285714286 0.28045685279187815 0.007142857142857143 0.027918781725888325
1 0.5121428571428571 0.43147208121827413 0.01 0.0266497461928934
1 0.54 0.41243654822335024 0.009285714285714286 0.0266497461928934
1 0.5335714285714286 0.43147208121827413 0.0064285714285714285 0.011421319796954314
1 0.4957142857142857 0.44543147208121825 0.0064285714285714285 0.02284263959390863
1 0.4992857142857143 0.4517766497461929 0.007142857142857143 0.027918781725888325
1 0.51 0.467005076142132 0.005714285714285714 0.024111675126903553
1 0.5057142857142857 0.48350253807106597 0.009285714285714286 0.027918781725888325
1 0.5157142857142857 0.48984771573604063 0.007142857142857143 0.024111675126903553
1 0.5057142857142857 0.5215736040609137 0.01 0.027918781725888325
3 0.8007142857142857 0.05203045685279188 0.030714285714285715 0.06345177664974619
3 0.7814285714285715 0.21573604060913706 0.03571428571428571 0.07614213197969544
3 0.8607142857142858 0.5977157360406091 0.047857142857142855 0.1218274111675127
6 0.7392857142857143 0.7385786802030457 0.10428571428571429 0.26015228426395937
2 0.4514285714285714 0.4949238578680203 0.015714285714285715 0.0266497461928934
