3 0.02142857142857143 0.2704761904761905 0.020714285714285713 0.012380952380952381
3 0.09928571428571428 0.2752380952380952 0.016428571428571428 0.009523809523809525
3 0.12071428571428572 0.2704761904761905 0.018571428571428572 0.013333333333333334
3 0.16214285714285714 0.2742857142857143 0.015 0.008571428571428572
3 0.15214285714285714 0.2638095238095238 0.005 0.007619047619047619
3 0.185 0.2761904761904762 0.015714285714285715 0.010476190476190476
3 0.24214285714285713 0.27714285714285714 0.016428571428571428 0.010476190476190476
8 0.265 0.2704761904761905 0.019285714285714285 0.014285714285714285
1 0.3107142857142857 0.2695238095238095 0.002857142857142857 0.009523809523809525
1 0.22357142857142856 0.5647619047619048 0.005714285714285714 0.014285714285714285
1 0.21785714285714286 0.5628571428571428 0.0035714285714285713 0.014285714285714285
1 0.38142857142857145 0.7685714285714286 0.005714285714285714 0.021904761904761906
1 0.37 0.8542857142857143 0.004285714285714286 0.022857142857142857
1 0.3557142857142857 0.8114285714285714 0.0064285714285714285 0.01904761904761905
1 0.4142857142857143 0.8257142857142857 0.005 0.01904761904761905
1 0.3457142857142857 0.8923809523809524 0.005 0.02
1 0.54 0.9123809523809524 0.005714285714285714 0.03333333333333333
1 0.5457142857142857 0.9304761904761905 0.0064285714285714285 0.01904761904761905
1 0.5114285714285715 0.8961904761904762 0.0064285714285714285 0.023809523809523808
3 0.5285714285714286 0.5380952380952381 0.017142857142857144 0.037142857142857144
3 0.40785714285714286 0.4876190476190476 0.02857142857142857 0.021904761904761906
3 0.42428571428571427 0.4228571428571429 0.025 0.017142857142857144
3 0.425 0.3904761904761905 0.010714285714285714 0.01904761904761905
3 0.5257142857142857 0.3514285714285714 0.011428571428571429 0.014285714285714285
3 0.5021428571428571 0.34095238095238095 0.010714285714285714 0.017142857142857144
1 0.5407142857142857 0.40190476190476193 0.0035714285714285713 0.013333333333333334
2 0.4278571428571429 0.36666666666666664 0.010714285714285714 0.010476190476190476
1 0.4957142857142857 0.40190476190476193 0.0035714285714285713 0.009523809523809525
1 0.43 0.3352380952380952 0.002857142857142857 0.006666666666666667
3 0.35928571428571426 0.2780952380952381 0.017142857142857144 0.010476190476190476
3 0.3942857142857143 0.26761904761904765 0.015 0.009523809523809525
3 0.4835714285714286 0.040952380952380955 0.0035714285714285713 0.004761904761904762
3 0.49 0.058095238095238096 0.0035714285714285713 0.008571428571428572
3 0.48857142857142855 0.07428571428571429 0.005 0.005714285714285714
3 0.49142857142857144 0.08476190476190476 0.0035714285714285713 0.005714285714285714
3 0.48642857142857143 0.09904761904761905 0.005 0.005714285714285714
3 0.4878571428571429 0.10571428571428572 0.0035714285714285713 0.004761904761904762
3 0.4878571428571429 0.11238095238095239 0.005714285714285714 0.006666666666666667
3 0.5378571428571428 0.12571428571428572 0.005 0.009523809523809525
3 0.5914285714285714 0.18666666666666668 0.008571428571428572 0.006666666666666667
3 0.4928571428571429 0.2123809523809524 0.007142857142857143 0.010476190476190476
3 0.5042857142857143 0.23714285714285716 0.0064285714285714285 0.007619047619047619
3 0.505 0.24952380952380954 0.0064285714285714285 0.009523809523809525
3 0.5064285714285715 0.2619047619047619 0.005714285714285714 0.006666666666666667
3 0.49357142857142855 0.259047619047619 0.007857142857142858 0.012380952380952381
3 0.44785714285714284 0.21619047619047618 0.007857142857142858 0.006666666666666667
3 0.4592857142857143 0.23238095238095238 0.004285714285714286 0.007619047619047619
4 0.445 0.22666666666666666 0.005714285714285714 0.004761904761904762
4 0.44357142857142856 0.23523809523809525 0.005 0.005714285714285714
4 0.445 0.22952380952380952 0.0035714285714285713 0.004761904761904762
1 0.4442857142857143 0.2361904761904762 0.002857142857142857 0.0038095238095238095
1 0.5307142857142857 0.26095238095238094 0.002857142857142857 0.006666666666666667
4 0.53 0.259047619047619 0.0035714285714285713 0.010476190476190476
1 0.585 0.3333333333333333 0.002142857142857143 0.010476190476190476
3 0.7164285714285714 0.2257142857142857 0.007857142857142858 0.008571428571428572
3 0.7535714285714286 0.22666666666666666 0.010714285714285714 0.005714285714285714
3 0.7407142857142858 0.21523809523809523 0.0064285714285714285 0.009523809523809525
3 0.705 0.2123809523809524 0.007142857142857143 0.008571428571428572
3 0.6457142857142857 0.38 0.018571428571428572 0.015238095238095238
3 0.6207142857142857 0.4361904761904762 0.024285714285714285 0.01904761904761905
3 0.6414285714285715 0.4666666666666667 0.027142857142857142 0.018095238095238095
3 0.6507142857142857 0.4847619047619048 0.018571428571428572 0.012380952380952381
3 0.6592857142857143 0.5190476190476191 0.029285714285714286 0.022857142857142857
3 0.6621428571428571 0.5476190476190477 0.037142857142857144 0.02857142857142857
3 0.6728571428571428 0.6123809523809524 0.037142857142857144 0.02666666666666667
3 0.6914285714285714 0.6428571428571429 0.04642857142857143 0.029523809523809525
3 0.6885714285714286 0.6304761904761905 0.04071428571428572 0.029523809523809525
3 0.6907142857142857 0.6704761904761904 0.05857142857142857 0.03142857142857143
3 0.6907142857142857 0.6971428571428572 0.055714285714285716 0.03142857142857143
3 0.7214285714285714 0.7847619047619048 0.055 0.04
3 0.7142857142857143 0.7628571428571429 0.04642857142857143 0.037142857142857144
3 0.7442857142857143 0.8171428571428572 0.055 0.04666666666666667
3 0.7614285714285715 0.8523809523809524 0.05 0.04666666666666667
3 0.5971428571428572 0.7647619047619048 0.02857142857142857 0.054285714285714284
1 0.6214285714285714 0.9580952380952381 0.011428571428571429 0.03333333333333333
1 0.6664285714285715 0.4276190476190476 0.0035714285714285713 0.009523809523809525
3 0.6464285714285715 0.27714285714285714 0.023571428571428573 0.018095238095238095
3 0.6807142857142857 0.2752380952380952 0.017857142857142856 0.013333333333333334
3 0.8871428571428571 0.9238095238095239 0.047857142857142855 0.0761904761904762
