3 0.143 0.8366666666666667 0.0655 0.126
3 0.2045 0.6866666666666666 0.0515 0.09533333333333334
3 0.502 0.5786666666666667 0.0315 0.06333333333333334
3 0.563 0.5706666666666667 0.0355 0.058666666666666666
3 0.2625 0.534 0.036 0.06933333333333333
3 0.539 0.454 0.0255 0.044
3 0.293 0.424 0.026 0.04533333333333334
3 0.3135 0.346 0.042 0.028666666666666667
3 0.2275 0.3 0.0255 0.029333333333333333
3 0.25 0.26666666666666666 0.019 0.028666666666666667
3 0.224 0.226 0.0325 0.029333333333333333
3 0.2585 0.21333333333333335 0.0335 0.027333333333333334
3 0.3085 0.206 0.0285 0.019333333333333334
3 0.347 0.19 0.02 0.021333333333333333
3 0.651 0.328 0.034 0.03133333333333333
3 0.6055 0.22733333333333333 0.0305 0.018
4 0.6005 0.24133333333333334 0.0075 0.011333333333333334
2 0.579 0.228 0.009 0.01
1 0.5815 0.22333333333333333 0.004 0.012
1 0.602 0.23666666666666666 0.0035 0.012
3 0.5765 0.218 0.027 0.017333333333333333
3 0.549 0.21066666666666667 0.0285 0.016666666666666666
3 0.487 0.198 0.0245 0.016
3 0.465 0.178 0.014 0.015333333333333332
3 0.461 0.16933333333333334 0.012 0.012
3 0.108 0.14266666666666666 0.015 0.016666666666666666
3 0.1365 0.12133333333333333 0.015 0.015333333333333332
1 0.116 0.12733333333333333 0.004 0.013333333333333334
1 0.11 0.12933333333333333 0.0055 0.011333333333333334
1 0.1035 0.12933333333333333 0.0055 0.012
3 0.2545 0.13466666666666666 0.0095 0.013333333333333334
3 0.268 0.13266666666666665 0.0095 0.014
3 0.053 0.134 0.0225 0.013333333333333334
1 0.0325 0.17066666666666666 0.005 0.014
1 0.0355 0.16933333333333334 0.004 0.012666666666666666
1 0.07 0.11533333333333333 0.0045 0.010666666666666666
3 0.284 0.07533333333333334 0.0085 0.008666666666666666
3 0.2735 0.08 0.009 0.007333333333333333
2 0.659 0.778 0.014 0.037333333333333336
2 0.6455 0.7753333333333333 0.009 0.04
2 0.6375 0.76 0.016 0.034666666666666665
2 0.6355 0.7253333333333334 0.016 0.032
2 0.5705 0.5546666666666666 0.024 0.014666666666666666
2 0.572 0.534 0.0165 0.020666666666666667
2 0.5705 0.5266666666666666 0.0235 0.016666666666666666
