1 0.04071428571428572 0.0 0.029285714285714286 0.03333333333333333
1 0.12 0.11714285714285715 0.027142857142857142 0.05142857142857143
1 0.165 0.3333333333333333 0.02857142857142857 0.040952380952380955
1 0.22357142857142856 0.5542857142857143 0.02642857142857143 0.05142857142857143
1 0.3171428571428571 0.5714285714285714 0.03357142857142857 0.039047619047619046
1 0.4421428571428571 0.8438095238095238 0.02142857142857143 0.039047619047619046
1 0.6492857142857142 0.5190476190476191 0.024285714285714285 0.05333333333333334
1 0.67 0.54 0.024285714285714285 0.05142857142857143
1 0.7157142857142857 0.5571428571428572 0.027142857142857142 0.04285714285714286
1 0.8421428571428572 0.6828571428571428 0.03 0.0419047619047619
1 0.8885714285714286 0.6352380952380953 0.032857142857142856 0.047619047619047616
1 0.7764285714285715 0.4847619047619048 0.025 0.049523809523809526
1 0.7585714285714286 0.4561904761904762 0.03428571428571429 0.0380952380952381
1 0.9364285714285714 0.5685714285714286 0.023571428571428573 0.047619047619047616
1 0.9614285714285714 0.5380952380952381 0.025714285714285714 0.054285714285714284
1 0.9228571428571428 0.43333333333333335 0.032857142857142856 0.04285714285714286
1 0.9628571428571429 0.45904761904761904 0.027857142857142858 0.04857142857142857
1 0.9357142857142857 0.3580952380952381 0.032857142857142856 0.0380952380952381
1 0.9235714285714286 0.3047619047619048 0.03642857142857143 0.05238095238095238
1 0.9042857142857142 0.2619047619047619 0.022857142857142857 0.05142857142857143
1 0.8785714285714286 0.24857142857142858 0.02642857142857143 0.039047619047619046
1 0.19714285714285715 0.3076190476190476 0.02642857142857143 0.05619047619047619
1 0.18714285714285714 0.32857142857142857 0.025714285714285714 0.045714285714285714
4 0.495 0.6190476190476191 0.04357142857142857 0.06285714285714286
