8 0.6407142857142857 0.4949238578680203 0.07285714285714286 0.06218274111675127
3 0.26142857142857145 0.41878172588832485 0.025 0.07106598984771574
3 0.255 0.8312182741116751 0.03142857142857143 0.10152284263959391
3 0.3221428571428571 0.9187817258883249 0.03 0.0799492385786802
3 0.4957142857142857 0.8616751269035533 0.02857142857142857 0.09644670050761421
3 0.46 0.4479695431472081 0.019285714285714285 0.06345177664974619
3 0.46 0.23223350253807107 0.016428571428571428 0.05203045685279188
3 0.46214285714285713 0.0901015228426396 0.015 0.03934010152284264
3 0.7114285714285714 0.5101522842639594 0.03785714285714286 0.03680203045685279
3 0.41785714285714287 0.9124365482233503 0.030714285714285715 0.08629441624365482
3 0.42428571428571427 0.6878172588832487 0.02642857142857143 0.10406091370558376
3 0.4257142857142857 0.5139593908629442 0.023571428571428573 0.0901015228426396
3 0.42428571428571427 0.33248730964467005 0.02142857142857143 0.05964467005076142
3 0.42928571428571427 0.2868020304568528 0.02 0.048223350253807105
3 0.43 0.22842639593908629 0.02 0.04949238578680203
3 0.4307142857142857 0.17893401015228427 0.019285714285714285 0.05710659898477157
3 0.435 0.1218274111675127 0.02 0.05456852791878172
3 0.4357142857142857 0.06472081218274112 0.016428571428571428 0.044416243654822336
3 0.43642857142857144 0.02918781725888325 0.017857142857142856 0.044416243654822336
3 0.405 0.07106598984771574 0.019285714285714285 0.0583756345177665
6 0.45571428571428574 0.5444162436548223 0.03571428571428571 0.19796954314720813
1 0.5742857142857143 0.699238578680203 0.008571428571428572 0.030456852791878174
1 0.5128571428571429 0.6928934010152284 0.007142857142857143 0.02918781725888325
1 0.5042857142857143 0.7017766497461929 0.005714285714285714 0.02030456852791878
1 0.5071428571428571 0.7093908629441624 0.007857142857142858 0.017766497461928935
3 0.45714285714285713 0.30583756345177665 0.02214285714285714 0.06852791878172589
