3 0.2642857142857143 0.868020304568528 0.04642857142857143 0.050761421319796954
3 0.3742857142857143 0.7817258883248731 0.03571428571428571 0.048223350253807105
3 0.32857142857142857 0.7728426395939086 0.03785714285714286 0.04949238578680203
3 0.42642857142857143 0.6472081218274112 0.017857142857142856 0.04060913705583756
3 0.3942857142857143 0.5291878172588832 0.017142857142857144 0.031725888324873094
3 0.4207142857142857 0.5888324873096447 0.016428571428571428 0.03553299492385787
3 0.34785714285714286 0.43908629441624364 0.012857142857142857 0.02284263959390863
3 0.36857142857142855 0.45050761421319796 0.017857142857142856 0.02918781725888325
1 0.2985714285714286 0.6878172588832487 0.005714285714285714 0.021573604060913704
1 0.30357142857142855 0.6878172588832487 0.007142857142857143 0.021573604060913704
1 0.31357142857142856 0.6383248730964467 0.007142857142857143 0.02284263959390863
3 0.46214285714285713 0.49619289340101524 0.015714285714285715 0.025380710659898477
3 0.4735714285714286 0.501269035532995 0.017857142857142856 0.02284263959390863
3 0.5792857142857143 0.45558375634517767 0.012857142857142857 0.021573604060913704
3 0.5585714285714286 0.366751269035533 0.015714285714285715 0.01903553299492386
3 0.4642857142857143 0.28426395939086296 0.014285714285714285 0.012690355329949238
3 0.4857142857142857 0.27918781725888325 0.012857142857142857 0.015228426395939087
3 0.42928571428571427 0.2817258883248731 0.015714285714285715 0.013959390862944163
3 0.4442857142857143 0.2880710659898477 0.014285714285714285 0.012690355329949238
3 0.6014285714285714 0.4263959390862944 0.022857142857142857 0.01649746192893401
3 0.6007142857142858 0.41878172588832485 0.022857142857142857 0.01903553299492386
3 0.5714285714285714 0.47715736040609136 0.014285714285714285 0.01903553299492386
3 0.5657142857142857 0.35406091370558374 0.015 0.024111675126903553
3 0.5742857142857143 0.3553299492385787 0.014285714285714285 0.02030456852791878
3 0.5828571428571429 0.3489847715736041 0.013571428571428571 0.024111675126903553
3 0.585 0.34390862944162437 0.014285714285714285 0.02030456852791878
3 0.5914285714285714 0.3362944162436548 0.014285714285714285 0.02284263959390863
3 0.5521428571428572 0.3426395939086294 0.017857142857142856 0.02284263959390863
3 0.5614285714285714 0.3299492385786802 0.017142857142857144 0.024111675126903553
3 0.5714285714285714 0.3286802030456853 0.016428571428571428 0.021573604060913704
3 0.5907142857142857 0.33248730964467005 0.019285714285714285 0.01903553299492386
3 0.5657142857142857 0.3210659898477157 0.013571428571428571 0.012690355329949238
3 0.5721428571428572 0.31725888324873097 0.013571428571428571 0.01903553299492386
3 0.4142857142857143 0.31218274111675126 0.009285714285714286 0.02030456852791878
3 0.42142857142857143 0.31218274111675126 0.01 0.01903553299492386
3 0.42642857142857143 0.30710659898477155 0.012142857142857143 0.02284263959390863
3 0.43357142857142855 0.30583756345177665 0.012857142857142857 0.02284263959390863
3 0.44142857142857145 0.3096446700507614 0.010714285714285714 0.015228426395939087
3 0.45 0.3096446700507614 0.010714285714285714 0.013959390862944163
3 0.4564285714285714 0.3083756345177665 0.010714285714285714 0.01649746192893401
3 0.4635714285714286 0.2982233502538071 0.014285714285714285 0.015228426395939087
3 0.4142857142857143 0.3020304568527919 0.011428571428571429 0.017766497461928935
3 0.42214285714285715 0.3032994923857868 0.009285714285714286 0.01903553299492386
3 0.42857142857142855 0.30076142131979694 0.011428571428571429 0.017766497461928935
3 0.44285714285714284 0.30076142131979694 0.011428571428571429 0.01903553299492386
3 0.45071428571428573 0.29949238578680204 0.01 0.015228426395939087
3 0.4742857142857143 0.2766497461928934 0.011428571428571429 0.015228426395939087
8 0.39071428571428574 0.27411167512690354 0.035 0.03553299492385787
8 0.44785714285714284 0.26649746192893403 0.02214285714285714 0.025380710659898477
8 0.4907142857142857 0.2614213197969543 0.06785714285714285 0.024111675126903553
6 0.5042857142857143 0.25888324873096447 0.03857142857142857 0.031725888324873094
6 0.3985714285714286 0.48096446700507617 0.015 0.044416243654822336
3 0.8592857142857143 0.20304568527918782 0.009285714285714286 0.012690355329949238
3 0.8807142857142857 0.22461928934010153 0.008571428571428572 0.013959390862944163
3 0.8935714285714286 0.23857868020304568 0.01 0.015228426395939087
3 0.9114285714285715 0.26015228426395937 0.01 0.01903553299492386
3 0.9185714285714286 0.2512690355329949 0.010714285714285714 0.015228426395939087
3 0.8978571428571429 0.3756345177664975 0.012857142857142857 0.021573604060913704
3 0.92 0.27284263959390864 0.010714285714285714 0.02030456852791878
3 0.9342857142857143 0.29949238578680204 0.010714285714285714 0.02284263959390863
3 0.9442857142857143 0.2906091370558376 0.011428571428571429 0.02030456852791878
3 0.9435714285714286 0.3350253807106599 0.012857142857142857 0.01903553299492386
3 0.9178571428571428 0.35786802030456855 0.012142857142857143 0.021573604060913704
3 0.9535714285714286 0.43781725888324874 0.014285714285714285 0.021573604060913704
3 0.9135714285714286 0.46954314720812185 0.016428571428571428 0.025380710659898477
3 0.885 0.49111675126903553 0.017142857142857144 0.02918781725888325
3 0.9535714285714286 0.5736040609137056 0.02 0.03807106598984772
3 0.7885714285714286 0.45050761421319796 0.020714285714285713 0.024111675126903553
3 0.8042857142857143 0.16243654822335024 0.009285714285714286 0.012690355329949238
3 0.7721428571428571 0.14720812182741116 0.01 0.008883248730964468
3 0.7214285714285714 0.13578680203045684 0.007142857142857143 0.008883248730964468
3 0.74 0.13705583756345177 0.007142857142857143 0.01015228426395939
3 0.7578571428571429 0.14593908629441624 0.007142857142857143 0.01015228426395939
3 0.7657142857142857 0.13578680203045684 0.007857142857142858 0.013959390862944163
3 0.84 0.17893401015228427 0.010714285714285714 0.01649746192893401
8 0.9635714285714285 0.3362944162436548 0.019285714285714285 0.04314720812182741
8 0.6907142857142857 0.11548223350253807 0.015714285714285715 0.02284263959390863
6 0.9714285714285714 0.383248730964467 0.016428571428571428 0.03553299492385787
3 0.9571428571428572 0.6776649746192893 0.020714285714285713 0.0532994923857868
3 0.9471428571428572 0.8274111675126904 0.03 0.07106598984771574
3 0.8742857142857143 0.950507614213198 0.030714285714285715 0.048223350253807105
4 0.9064285714285715 0.5190355329949239 0.008571428571428572 0.01903553299492386
1 0.9071428571428571 0.5177664974619289 0.0064285714285714285 0.017766497461928935
4 0.5807142857142857 0.7804568527918782 0.015 0.031725888324873094
1 0.5828571428571429 0.7829949238578681 0.009285714285714286 0.02284263959390863
3 0.7042857142857143 0.17893401015228427 0.005714285714285714 0.011421319796954314
3 0.6071428571428571 0.4035532994923858 0.022857142857142857 0.02284263959390863
3 0.6214285714285714 0.39720812182741116 0.020714285714285713 0.027918781725888325
1 0.11785714285714285 0.8578680203045685 0.011428571428571429 0.021573604060913704
