1 0.43714285714285717 0.9723809523809523 0.013571428571428571 0.02761904761904762
1 0.455 0.9714285714285714 0.010714285714285714 0.02857142857142857
1 0.7021428571428572 0.9238095238095239 0.015714285714285715 0.04666666666666667
1 0.6985714285714286 0.8990476190476191 0.012142857142857143 0.04285714285714286
1 0.9014285714285715 0.8961904761904762 0.012142857142857143 0.040952380952380955
1 0.8878571428571429 0.8866666666666667 0.013571428571428571 0.037142857142857144
3 0.4942857142857143 0.9419047619047619 0.06428571428571428 0.058095238095238096
3 0.5821428571428572 0.959047619047619 0.05 0.040952380952380955
3 0.38785714285714284 0.699047619047619 0.004285714285714286 0.02
1 0.42642857142857143 0.6657142857142857 0.005714285714285714 0.01619047619047619
1 0.7842857142857143 0.7095238095238096 0.007142857142857143 0.022857142857142857
1 0.735 0.6314285714285715 0.004285714285714286 0.015238095238095238
1 0.745 0.62 0.004285714285714286 0.015238095238095238
1 0.7592857142857142 0.6161904761904762 0.004285714285714286 0.015238095238095238
1 0.5885714285714285 0.5733333333333334 0.0035714285714285713 0.009523809523809525
1 0.6992857142857143 0.5714285714285714 0.004285714285714286 0.011428571428571429
3 0.20857142857142857 0.800952380952381 0.056428571428571425 0.04857142857142857
3 0.15785714285714286 0.7857142857142857 0.055714285714285716 0.0380952380952381
3 0.13214285714285715 0.7790476190476191 0.05714285714285714 0.037142857142857144
