4 0.0007142857142857143 0.9 0.06285714285714286 0.06952380952380953
4 0.2757142857142857 0.7342857142857143 0.025714285714285714 0.06571428571428571
4 0.225 0.7485714285714286 0.04 0.07333333333333333
3 0.39285714285714285 0.6666666666666666 0.11785714285714285 0.12857142857142856
3 0.425 0.5742857142857143 0.11928571428571429 0.1295238095238095
1 0.5714285714285714 0.6247619047619047 0.020714285714285713 0.05047619047619047
1 0.3892857142857143 0.4723809523809524 0.016428571428571428 0.045714285714285714
1 0.6135714285714285 0.5561904761904762 0.015 0.04285714285714286
4 0.49142857142857144 0.44285714285714284 0.03357142857142857 0.04666666666666667
4 0.49857142857142855 0.3171428571428571 0.017857142857142856 0.0380952380952381
1 0.5521428571428572 0.31047619047619046 0.010714285714285714 0.03428571428571429
1 0.5464285714285714 0.2523809523809524 0.010714285714285714 0.03428571428571429
1 0.5207142857142857 0.26476190476190475 0.012142857142857143 0.03428571428571429
1 0.5071428571428571 0.26285714285714284 0.007857142857142858 0.03238095238095238
1 0.4942857142857143 0.16476190476190475 0.008571428571428572 0.03142857142857143
1 0.47785714285714287 0.11428571428571428 0.009285714285714286 0.02857142857142857
1 0.47785714285714287 0.05238095238095238 0.007857142857142858 0.024761904761904763
3 0.5014285714285714 0.07809523809523809 0.027142857142857142 0.03238095238095238
3 0.56 0.09238095238095238 0.04285714285714286 0.035238095238095235
3 0.5328571428571428 0.011428571428571429 0.02642857142857143 0.02761904761904762
3 0.58 0.06761904761904762 0.027857142857142858 0.029523809523809525
3 0.5607142857142857 0.04666666666666667 0.029285714285714286 0.029523809523809525
3 0.5571428571428572 0.29619047619047617 0.04857142857142857 0.05714285714285714
3 0.6242857142857143 0.3942857142857143 0.04428571428571428 0.08285714285714285
3 0.6614285714285715 0.6419047619047619 0.12285714285714286 0.09523809523809523
3 0.6614285714285715 0.3495238095238095 0.060714285714285714 0.08
3 0.7342857142857143 0.26285714285714284 0.05857142857142857 0.05714285714285714
3 0.6214285714285714 0.2752380952380952 0.04857142857142857 0.06761904761904762
3 0.6371428571428571 0.1419047619047619 0.04285714285714286 0.04476190476190476
4 0.6821428571428572 0.44952380952380955 0.027142857142857142 0.03619047619047619
3 0.8935714285714286 0.46285714285714286 0.08571428571428572 0.08666666666666667
