3 0.2507142857142857 0.8914285714285715 0.21785714285714286 0.10857142857142857
3 0.0 0.7790476190476191 0.16214285714285714 0.2019047619047619
3 0.0007142857142857143 0.6533333333333333 0.18285714285714286 0.15428571428571428
3 0.0014285714285714286 0.5961904761904762 0.21285714285714286 0.10761904761904761
3 0.8628571428571429 0.700952380952381 0.13714285714285715 0.2257142857142857
3 0.7642857142857142 0.6209523809523809 0.2357142857142857 0.16666666666666666
3 0.3871428571428571 0.4438095238095238 0.047142857142857146 0.054285714285714284
3 0.35642857142857143 0.38571428571428573 0.07 0.03333333333333333
3 0.33714285714285713 0.3819047619047619 0.04 0.02095238095238095
3 0.33785714285714286 0.37142857142857144 0.05 0.024761904761904763
3 0.4114285714285714 0.37333333333333335 0.03571428571428571 0.03619047619047619
3 0.39 0.35904761904761906 0.027857142857142858 0.029523809523809525
3 0.32285714285714284 0.3580952380952381 0.047857142857142855 0.03333333333333333
3 0.3092857142857143 0.3504761904761905 0.052142857142857144 0.02857142857142857
3 0.3492857142857143 0.3352380952380952 0.019285714285714285 0.023809523809523808
2 0.4957142857142857 0.5723809523809524 0.09071428571428572 0.06761904761904762
1 0.38 0.5923809523809523 0.02857142857142857 0.10857142857142857
1 0.28714285714285714 0.5495238095238095 0.018571428571428572 0.08095238095238096
1 0.57 0.6447619047619048 0.037142857142857144 0.1380952380952381
1 0.6371428571428571 0.5476190476190477 0.024285714285714285 0.09619047619047619
1 0.5942857142857143 0.5247619047619048 0.023571428571428573 0.08285714285714285
1 0.5414285714285715 0.5104761904761905 0.015714285714285715 0.07809523809523809
4 0.5242857142857142 0.5152380952380953 0.035 0.05333333333333334
1 0.42428571428571427 0.5171428571428571 0.017857142857142856 0.0761904761904762
1 0.38571428571428573 0.49523809523809526 0.014285714285714285 0.07142857142857142
1 0.36642857142857144 0.4990476190476191 0.016428571428571428 0.07238095238095238
1 0.3264285714285714 0.4828571428571429 0.018571428571428572 0.06380952380952382
1 0.3264285714285714 0.47714285714285715 0.010714285714285714 0.06
1 0.35428571428571426 0.4847619047619048 0.018571428571428572 0.06952380952380953
1 0.35214285714285715 0.44476190476190475 0.017857142857142856 0.05714285714285714
1 0.36857142857142855 0.44857142857142857 0.016428571428571428 0.058095238095238096
1 0.4828571428571429 0.4704761904761905 0.018571428571428572 0.06476190476190476
1 0.4757142857142857 0.4228571428571429 0.012857142857142857 0.05238095238095238
1 0.48857142857142855 0.41904761904761906 0.014285714285714285 0.05523809523809524
1 0.5157142857142857 0.42857142857142855 0.01 0.04380952380952381
1 0.53 0.42952380952380953 0.010714285714285714 0.045714285714285714
1 0.5535714285714286 0.44285714285714284 0.015714285714285715 0.05619047619047619
1 0.59 0.46476190476190476 0.013571428571428571 0.06095238095238095
1 0.6457142857142857 0.4523809523809524 0.015 0.06476190476190476
1 0.6192857142857143 0.44095238095238093 0.013571428571428571 0.05619047619047619
1 0.6014285714285714 0.43333333333333335 0.01 0.047619047619047616
1 0.5821428571428572 0.4219047619047619 0.010714285714285714 0.049523809523809526
1 0.5564285714285714 0.41904761904761906 0.011428571428571429 0.04380952380952381
1 0.5957142857142858 0.41523809523809524 0.008571428571428572 0.0419047619047619
1 0.6385714285714286 0.4257142857142857 0.011428571428571429 0.05047619047619047
1 0.6664285714285715 0.4380952380952381 0.013571428571428571 0.05238095238095238
1 0.705 0.44857142857142857 0.014285714285714285 0.05619047619047619
1 0.735 0.4380952380952381 0.014285714285714285 0.05904761904761905
1 0.6728571428571428 0.4219047619047619 0.012857142857142857 0.04666666666666667
1 0.7 0.43047619047619046 0.015714285714285715 0.05238095238095238
1 0.5528571428571428 0.38 0.010714285714285714 0.03238095238095238
2 0.9242857142857143 0.47333333333333333 0.032857142857142856 0.0380952380952381
3 0.265 0.4676190476190476 0.05928571428571429 0.08857142857142856
3 0.2571428571428571 0.44666666666666666 0.04 0.037142857142857144
3 0.3435714285714286 0.4057142857142857 0.04071428571428572 0.04380952380952381
3 0.30357142857142855 0.34095238095238095 0.03214285714285714 0.017142857142857144
1 0.5121428571428571 0.3761904761904762 0.008571428571428572 0.02761904761904762
1 0.92 0.5685714285714286 0.035 0.06190476190476191
1 0.43357142857142855 0.4523809523809524 0.020714285714285713 0.0419047619047619
1 0.4521428571428571 0.4714285714285714 0.023571428571428573 0.039047619047619046
