3 0.785 0.3819047619047619 0.016428571428571428 0.03619047619047619
3 0.6642857142857143 0.45904761904761904 0.018571428571428572 0.04476190476190476
3 0.7192857142857143 0.5104761904761905 0.02642857142857143 0.04666666666666667
3 0.7435714285714285 0.49142857142857144 0.02 0.045714285714285714
3 0.7657142857142857 0.4742857142857143 0.019285714285714285 0.040952380952380955
3 0.75 0.4057142857142857 0.018571428571428572 0.0380952380952381
3 0.7828571428571428 0.45904761904761904 0.023571428571428573 0.04285714285714286
3 0.5642857142857143 0.8980952380952381 0.05 0.08285714285714285
3 0.6364285714285715 0.7771428571428571 0.045 0.06761904761904762
3 0.4592857142857143 0.6733333333333333 0.03642857142857143 0.058095238095238096
3 0.325 0.40190476190476193 0.025 0.0380952380952381
3 0.2885714285714286 0.3304761904761905 0.02 0.03333333333333333
3 0.35 0.3019047619047619 0.022857142857142857 0.02857142857142857
3 0.3342857142857143 0.27904761904761904 0.02142857142857143 0.02761904761904762
3 0.32142857142857145 0.2561904761904762 0.018571428571428572 0.025714285714285714
3 0.2792857142857143 0.3038095238095238 0.02214285714285714 0.02857142857142857
3 0.26857142857142857 0.2857142857142857 0.017857142857142856 0.024761904761904763
3 0.08571428571428572 0.44952380952380955 0.04285714285714286 0.039047619047619046
3 0.24285714285714285 0.12571428571428572 0.012857142857142857 0.017142857142857144
3 0.19357142857142856 0.13523809523809524 0.011428571428571429 0.014285714285714285
3 0.36214285714285716 0.47523809523809524 0.025714285714285714 0.04476190476190476
3 0.3414285714285714 0.43714285714285717 0.025714285714285714 0.0419047619047619
3 0.25357142857142856 0.25523809523809526 0.02 0.030476190476190476
3 0.24 0.22666666666666666 0.02214285714285714 0.03238095238095238
3 0.1757142857142857 0.10666666666666667 0.015 0.015238095238095238
8 0.4828571428571429 0.7238095238095238 0.07428571428571429 0.12666666666666668
8 0.30428571428571427 0.3657142857142857 0.02642857142857143 0.03619047619047619
8 0.39714285714285713 0.2980952380952381 0.030714285714285715 0.03428571428571429
8 0.20714285714285716 0.16095238095238096 0.02142857142857143 0.035238095238095235
4 0.735 0.9314285714285714 0.02214285714285714 0.03619047619047619
4 0.7842857142857143 0.9380952380952381 0.027857142857142858 0.03333333333333333
4 0.6857142857142857 0.8533333333333334 0.015714285714285715 0.03333333333333333
4 0.625 0.7457142857142857 0.009285714285714286 0.02857142857142857
4 0.6114285714285714 0.7295238095238096 0.010714285714285714 0.02761904761904762
4 0.3892857142857143 0.3495238095238095 0.01 0.017142857142857144
4 0.38857142857142857 0.4057142857142857 0.009285714285714286 0.015238095238095238
4 0.42214285714285715 0.4238095238095238 0.015 0.012380952380952381
4 0.4521428571428571 0.4695238095238095 0.010714285714285714 0.01904761904761905
4 0.4228571428571429 0.4828571428571429 0.01 0.02
4 0.41214285714285714 0.44761904761904764 0.01 0.018095238095238095
2 0.3985714285714286 0.3761904761904762 0.017857142857142856 0.030476190476190476
4 0.4185714285714286 0.4123809523809524 0.012857142857142857 0.013333333333333334
4 0.4392857142857143 0.44285714285714284 0.012142857142857143 0.017142857142857144
4 0.44357142857142856 0.44761904761904764 0.014285714285714285 0.018095238095238095
4 0.5157142857142857 0.5638095238095238 0.010714285714285714 0.015238095238095238
2 0.5578571428571428 0.7304761904761905 0.01 0.02095238095238095
2 0.59 0.7866666666666666 0.013571428571428571 0.024761904761904763
2 0.48 0.540952380952381 0.012142857142857143 0.015238095238095238
1 0.725 0.86 0.009285714285714286 0.015238095238095238
1 0.6457142857142857 0.7390476190476191 0.008571428571428572 0.01904761904761905
1 0.42642857142857143 0.38761904761904764 0.005714285714285714 0.014285714285714285
1 0.6078571428571429 0.4847619047619048 0.007142857142857143 0.017142857142857144
1 0.5864285714285714 0.5038095238095238 0.0064285714285714285 0.015238095238095238
2 0.415 0.5666666666666667 0.02 0.037142857142857144
2 0.4328571428571429 0.6133333333333333 0.02 0.03619047619047619
1 0.335 0.3076190476190476 0.008571428571428572 0.01619047619047619
2 0.3842857142857143 0.29523809523809524 0.01 0.013333333333333334
1 0.6871428571428572 0.8609523809523809 0.012857142857142857 0.015238095238095238
1 0.5921428571428572 0.7923809523809524 0.009285714285714286 0.015238095238095238
1 0.5592857142857143 0.7342857142857143 0.008571428571428572 0.012380952380952381
1 0.4142857142857143 0.4523809523809524 0.007142857142857143 0.010476190476190476
1 0.39071428571428574 0.3523809523809524 0.004285714285714286 0.011428571428571429
1 0.39071428571428574 0.4076190476190476 0.004285714285714286 0.009523809523809525
4 0.40285714285714286 0.4085714285714286 0.010714285714285714 0.02095238095238095
8 0.21571428571428572 0.18571428571428572 0.018571428571428572 0.021904761904761906
