1 0.3492857142857143 0.9095238095238095 0.02 0.0380952380952381
1 0.34 0.6904761904761905 0.02142857142857143 0.047619047619047616
1 0.4014285714285714 0.5552380952380952 0.013571428571428571 0.05142857142857143
1 0.4257142857142857 0.30857142857142855 0.015714285714285715 0.0419047619047619
1 0.4157142857142857 0.2580952380952381 0.011428571428571429 0.040952380952380955
1 0.4085714285714286 0.3352380952380952 0.015 0.04380952380952381
6 0.43357142857142855 0.20476190476190476 0.07214285714285715 0.26761904761904765
6 0.3692857142857143 0.5028571428571429 0.12357142857142857 0.4866666666666667
3 0.27785714285714286 0.6180952380952381 0.07142857142857142 0.16952380952380952
1 0.34714285714285714 0.23238095238095238 0.015 0.0419047619047619
1 0.3807142857142857 0.19238095238095237 0.013571428571428571 0.023809523809523808
1 0.36714285714285716 0.19238095238095237 0.012142857142857143 0.023809523809523808
1 0.37142857142857144 0.1838095238095238 0.010714285714285714 0.023809523809523808
3 0.39571428571428574 0.11047619047619048 0.03357142857142857 0.06190476190476191
3 0.4014285714285714 0.06095238095238095 0.027857142857142858 0.06
4 0.24928571428571428 0.16666666666666666 0.03142857142857143 0.02761904761904762
3 0.7064285714285714 0.7771428571428571 0.09428571428571429 0.1961904761904762
3 0.7228571428571429 0.42952380952380953 0.07785714285714286 0.1219047619047619
3 0.8835714285714286 0.4676190476190476 0.11642857142857142 0.07904761904761905
3 0.915 0.4038095238095238 0.085 0.07333333333333333
3 0.815 0.18 0.06357142857142857 0.08190476190476191
3 0.8285714285714286 0.25333333333333335 0.09142857142857143 0.06
3 0.8692857142857143 0.29333333333333333 0.10928571428571429 0.058095238095238096
3 0.855 0.3342857142857143 0.10642857142857143 0.07714285714285714
3 0.9071428571428571 0.07333333333333333 0.03642857142857143 0.047619047619047616
3 0.9535714285714286 0.07333333333333333 0.039285714285714285 0.04476190476190476
3 0.8435714285714285 0.05904761904761905 0.039285714285714285 0.049523809523809526
3 0.7114285714285714 0.05047619047619047 0.037142857142857144 0.047619047619047616
3 0.7978571428571428 0.05904761904761905 0.03 0.0419047619047619
3 0.7221428571428572 0.02095238095238095 0.05857142857142857 0.040952380952380955
3 0.6771428571428572 0.0 0.05785714285714286 0.02761904761904762
3 0.555 0.02857142857142857 0.025 0.039047619047619046
3 0.7621428571428571 0.18 0.04 0.06
8 0.6992857142857143 0.17238095238095238 0.055 0.09333333333333334
3 0.75 0.047619047619047616 0.037142857142857144 0.06095238095238095
3 0.6685714285714286 0.04285714285714286 0.035 0.0419047619047619
3 0.6835714285714286 0.07714285714285714 0.037142857142857144 0.05333333333333334
8 0.8885714285714286 0.025714285714285714 0.09857142857142857 0.05333333333333334
4 0.9042857142857142 0.16666666666666666 0.03357142857142857 0.02761904761904762
2 0.9128571428571428 0.2419047619047619 0.029285714285714286 0.02857142857142857
2 0.94 0.2419047619047619 0.03 0.024761904761904763
4 0.9285714285714286 0.18476190476190477 0.012857142857142857 0.039047619047619046
1 0.9307142857142857 0.18857142857142858 0.024285714285714285 0.04380952380952381
1 0.76 0.3419047619047619 0.019285714285714285 0.04476190476190476
1 0.9642857142857143 0.31142857142857144 0.016428571428571428 0.047619047619047616
1 0.9614285714285714 0.5380952380952381 0.027857142857142858 0.04857142857142857
1 0.9142857142857143 0.5295238095238095 0.017857142857142856 0.030476190476190476
