3 0.782 0.8613333333333333 0.1335 0.13066666666666665
3 0.603 0.772 0.136 0.12466666666666666
2 0.6145 0.5333333333333333 0.0725 0.06066666666666667
1 0.597 0.64 0.018 0.037333333333333336
1 0.602 0.614 0.016 0.025333333333333333
1 0.5625 0.5893333333333334 0.0185 0.02666666666666667
1 0.456 0.478 0.0175 0.038
1 0.516 0.4146666666666667 0.02 0.02666666666666667
1 0.5865 0.3973333333333333 0.0135 0.04466666666666667
1 0.603 0.3586666666666667 0.0135 0.042666666666666665
1 0.537 0.3453333333333333 0.0165 0.04133333333333333
1 0.6695 0.282 0.0155 0.038
1 0.536 0.9493333333333334 0.021 0.03
1 0.473 0.9133333333333333 0.0175 0.02666666666666667
1 0.455 0.9373333333333334 0.0205 0.034666666666666665
3 0.4265 0.6786666666666666 0.1345 0.12933333333333333
3 0.281 0.634 0.126 0.078
3 0.1655 0.5606666666666666 0.1095 0.09266666666666666
3 0.08 0.508 0.085 0.084
3 0.257 0.908 0.148 0.092
1 0.1415 0.9853333333333333 0.0345 0.014666666666666666
3 0.0 0.7513333333333333 0.0335 0.08733333333333333
3 0.0 0.43733333333333335 0.0765 0.11533333333333333
