3 0.006784968684759917 0.6298701298701299 0.04697286012526096 0.11873840445269017
3 0.39509394572025053 0.4962894248608534 0.031837160751565764 0.10946196660482375
3 0.4352818371607516 0.5 0.030271398747390398 0.1150278293135436
3 0.5563674321503131 0.512987012987013 0.027139874739039668 0.12059369202226346
3 0.5970772442588727 0.5111317254174397 0.02870563674321503 0.1150278293135436
3 0.8475991649269311 0.4897959183673469 0.030793319415448852 0.10482374768089053
4 0.8977035490605428 0.5315398886827458 0.014091858037578288 0.038033395176252316
3 0.9117954070981211 0.34786641929499074 0.037056367432150315 0.10667903525046382
3 0.9478079331941545 0.3423005565862709 0.042275574112734866 0.10946196660482375
3 0.9853862212943633 0.35714285714285715 0.014091858037578288 0.09554730983302412
