3 0.932 0.9066666666666666 0.068 0.088
3 0.8965 0.854 0.1035 0.07666666666666666
3 0.934 0.806 0.066 0.058
3 0.8075 0.792 0.0975 0.06866666666666667
3 0.658 0.8353333333333334 0.109 0.06866666666666667
3 0.618 0.8066666666666666 0.088 0.07333333333333333
3 0.5655 0.8033333333333333 0.042 0.09
3 0.54 0.7033333333333334 0.0345 0.056666666666666664
3 0.536 0.6693333333333333 0.045 0.04666666666666667
1 0.5355 0.7946666666666666 0.0135 0.05
1 0.513 0.7846666666666666 0.0145 0.052
1 0.4915 0.8253333333333334 0.015 0.054
1 0.4925 0.7866666666666666 0.013 0.04133333333333333
1 0.4985 0.776 0.01 0.032
1 0.503 0.7533333333333333 0.0105 0.04466666666666667
1 0.4975 0.7186666666666667 0.013 0.04133333333333333
1 0.491 0.712 0.011 0.043333333333333335
1 0.497 0.6873333333333334 0.008 0.03
1 0.617 0.756 0.0145 0.043333333333333335
1 0.672 0.7726666666666666 0.013 0.03333333333333333
1 0.701 0.7606666666666667 0.014 0.037333333333333336
1 0.631 0.7353333333333333 0.015 0.020666666666666667
1 0.64 0.7193333333333334 0.0115 0.018666666666666668
3 0.3815 0.7286666666666667 0.073 0.05533333333333333
3 0.5355 0.6246666666666667 0.024 0.04533333333333334
3 0.522 0.6113333333333333 0.0265 0.034
3 0.5255 0.5893333333333334 0.0185 0.025333333333333333
3 0.538 0.5813333333333334 0.0405 0.025333333333333333
3 0.4665 0.5893333333333334 0.037 0.025333333333333333
3 0.387 0.6566666666666666 0.0575 0.030666666666666665
3 0.3995 0.642 0.059 0.03
3 0.4115 0.6333333333333333 0.0555 0.027333333333333334
8 0.411 0.6106666666666667 0.0525 0.034666666666666665
3 0.4155 0.594 0.0525 0.032
3 0.4135 0.5766666666666667 0.043 0.021333333333333333
3 0.3745 0.578 0.039 0.024666666666666667
3 0.558 0.5753333333333334 0.029 0.016666666666666666
3 0.582 0.576 0.0395 0.028
3 0.6235 0.5813333333333334 0.033 0.020666666666666667
3 0.589 0.566 0.0405 0.02
8 0.5705 0.526 0.0665 0.030666666666666665
3 0.489 0.5606666666666666 0.0345 0.020666666666666667
8 0.417 0.532 0.1215 0.034
1 0.4545 0.856 0.0185 0.03666666666666667
1 0.4695 0.7473333333333333 0.008 0.03866666666666667
1 0.899 0.8153333333333334 0.015 0.04
2 0.802 0.8506666666666667 0.0415 0.06666666666666667
1 0.6975 0.714 0.011 0.023333333333333334
8 0.594 0.612 0.0625 0.05
2 0.323 0.75 0.0135 0.04133333333333333
3 0.2585 0.544 0.0315 0.015333333333333332
3 0.356 0.544 0.0325 0.014666666666666666
1 0.51 0.6213333333333333 0.007 0.025333333333333333
4 0.5105 0.6293333333333333 0.007 0.024
