1 0.4225 0.027333333333333334 0.0095 0.03333333333333333
1 0.446 0.012666666666666666 0.0105 0.029333333333333333
4 0.444 0.020666666666666667 0.014 0.030666666666666665
1 0.486 0.09 0.0085 0.021333333333333333
4 0.485 0.094 0.0105 0.032
1 0.5425 0.051333333333333335 0.0085 0.034
1 0.5555 0.027333333333333334 0.0085 0.03
1 0.69 0.0006666666666666666 0.0085 0.028666666666666667
1 0.7065 0.015333333333333332 0.008 0.02666666666666667
1 0.718 0.016666666666666666 0.01 0.026
1 0.7165 0.002 0.0115 0.024666666666666667
1 0.7375 0.014666666666666666 0.0085 0.02666666666666667
3 0.348 0.094 0.0295 0.059333333333333335
1 0.3625 0.13533333333333333 0.008 0.028666666666666667
1 0.369 0.15333333333333332 0.01 0.018
8 0.2675 0.11133333333333334 0.089 0.092
1 0.348 0.17066666666666666 0.0105 0.03333333333333333
1 0.4595 0.18266666666666667 0.0105 0.032
3 0.5305 0.22933333333333333 0.0375 0.07133333333333333
1 0.5365 0.26666666666666666 0.011 0.03866666666666667
3 0.057 0.23333333333333334 0.0735 0.04533333333333334
3 0.1585 0.22733333333333333 0.0845 0.052
1 0.1755 0.26 0.0135 0.030666666666666665
3 0.2665 0.216 0.0625 0.04666666666666667
3 0.2025 0.364 0.098 0.06133333333333333
3 0.072 0.5146666666666667 0.0935 0.06
3 0.173 0.5313333333333333 0.0825 0.08866666666666667
3 0.315 0.7353333333333333 0.0545 0.168
2 0.04 0.718 0.025 0.05533333333333333
2 0.022 0.8113333333333334 0.033 0.062
2 0.083 0.7793333333333333 0.04 0.092
8 0.3085 0.9133333333333333 0.0645 0.08666666666666667
2 0.375 0.68 0.0305 0.06066666666666667
2 0.014 0.9566666666666667 0.0625 0.037333333333333336
1 0.3865 0.664 0.0175 0.023333333333333334
1 0.3865 0.6386666666666667 0.017 0.022
3 0.475 0.9 0.0445 0.1
8 0.4565 0.6846666666666666 0.055 0.17266666666666666
1 0.4915 0.738 0.018 0.029333333333333333
2 0.4985 0.696 0.014 0.05266666666666667
1 0.5115 0.7146666666666667 0.0135 0.027333333333333334
1 0.5415 0.8326666666666667 0.014 0.023333333333333334
1 0.596 0.7933333333333333 0.0155 0.027333333333333334
4 0.6015 0.7826666666666666 0.018 0.054
1 0.6135 0.7833333333333333 0.0115 0.027333333333333334
2 0.418 0.6193333333333333 0.065 0.044
1 0.504 0.59 0.011 0.02666666666666667
4 0.503 0.5886666666666667 0.0145 0.046
1 0.4585 0.5893333333333334 0.009 0.021333333333333333
1 0.485 0.54 0.007 0.013333333333333334
1 0.4815 0.5186666666666667 0.0115 0.02266666666666667
1 0.507 0.49666666666666665 0.012 0.018666666666666668
1 0.506 0.486 0.0145 0.03266666666666666
1 0.505 0.476 0.01 0.029333333333333333
4 0.5065 0.486 0.0135 0.04466666666666667
1 0.445 0.37733333333333335 0.013 0.03133333333333333
1 0.461 0.36866666666666664 0.0135 0.029333333333333333
1 0.478 0.41133333333333333 0.009 0.014666666666666666
1 0.48 0.38533333333333336 0.0095 0.027333333333333334
1 0.4905 0.39066666666666666 0.01 0.024666666666666667
1 0.5315 0.37466666666666665 0.014 0.036
4 0.529 0.374 0.0185 0.03266666666666666
3 0.543 0.3233333333333333 0.043 0.07866666666666666
1 0.54 0.354 0.0115 0.028666666666666667
3 0.5735 0.44866666666666666 0.049 0.10133333333333333
1 0.6065 0.4826666666666667 0.016 0.03933333333333333
3 0.6125 0.6486666666666666 0.0595 0.12733333333333333
1 0.5445 0.7293333333333333 0.0195 0.026
1 0.5725 0.73 0.017 0.022
4 0.544 0.7166666666666667 0.018 0.06133333333333333
4 0.5735 0.7233333333333334 0.014 0.052
1 0.625 0.9033333333333333 0.023 0.023333333333333334
1 0.6955 0.974 0.0255 0.026
2 0.7225 0.8966666666666666 0.0595 0.10333333333333333
