3 0.375 0.96 0.019285714285714285 0.03619047619047619
3 0.38285714285714284 0.8647619047619047 0.015 0.024761904761904763
3 0.40714285714285714 0.7609523809523809 0.010714285714285714 0.014285714285714285
3 0.3914285714285714 0.7542857142857143 0.01 0.015238095238095238
3 0.39714285714285713 0.7209523809523809 0.01 0.012380952380952381
3 0.3607142857142857 0.7095238095238096 0.007857142857142858 0.012380952380952381
3 0.3964285714285714 0.680952380952381 0.01 0.009523809523809525
3 0.4064285714285714 0.6819047619047619 0.009285714285714286 0.012380952380952381
3 0.4085714285714286 0.6666666666666666 0.008571428571428572 0.011428571428571429
3 0.37357142857142855 0.6504761904761904 0.007857142857142858 0.009523809523809525
3 0.3414285714285714 0.64 0.01 0.010476190476190476
3 0.3821428571428571 0.6123809523809524 0.0064285714285714285 0.007619047619047619
3 0.4064285714285714 0.6180952380952381 0.0064285714285714285 0.008571428571428572
3 0.4007142857142857 0.6047619047619047 0.007142857142857143 0.005714285714285714
3 0.6035714285714285 0.7152380952380952 0.012857142857142857 0.01619047619047619
3 0.6142857142857143 0.7133333333333334 0.012142857142857143 0.015238095238095238
3 0.6357142857142857 0.7123809523809523 0.011428571428571429 0.014285714285714285
3 0.62 0.7314285714285714 0.012857142857142857 0.013333333333333334
3 0.6264285714285714 0.7390476190476191 0.015714285714285715 0.015238095238095238
3 0.6407142857142857 0.7390476190476191 0.014285714285714285 0.017142857142857144
3 0.6535714285714286 0.74 0.016428571428571428 0.014285714285714285
3 0.48714285714285716 0.6771428571428572 0.015714285714285715 0.008571428571428572
3 0.4942857142857143 0.6885714285714286 0.015 0.007619047619047619
3 0.6657142857142857 0.7676190476190476 0.024285714285714285 0.013333333333333334
3 0.6535714285714286 0.7609523809523809 0.02214285714285714 0.010476190476190476
3 0.6657142857142857 0.7761904761904762 0.025 0.010476190476190476
3 0.6692857142857143 0.7828571428571428 0.024285714285714285 0.011428571428571429
3 0.6771428571428572 0.7895238095238095 0.025714285714285714 0.015238095238095238
3 0.6678571428571428 0.7980952380952381 0.02142857142857143 0.02
3 0.6864285714285714 0.8219047619047619 0.02142857142857143 0.02
3 0.7071428571428572 0.8161904761904762 0.02857142857142857 0.022857142857142857
3 0.6971428571428572 0.8304761904761905 0.02142857142857143 0.01904761904761905
3 0.7135714285714285 0.8504761904761905 0.02142857142857143 0.022857142857142857
3 0.7535714285714286 0.8866666666666667 0.03142857142857143 0.018095238095238095
3 0.7671428571428571 0.900952380952381 0.035 0.021904761904761906
3 0.7821428571428571 0.9171428571428571 0.03642857142857143 0.01904761904761905
3 0.7892857142857143 0.9361904761904762 0.03642857142857143 0.018095238095238095
3 0.7792857142857142 0.9447619047619048 0.035 0.03619047619047619
3 0.81 0.9476190476190476 0.04 0.02857142857142857
3 0.8257142857142857 0.9676190476190476 0.04642857142857143 0.025714285714285714
3 0.8514285714285714 0.9895238095238095 0.039285714285714285 0.010476190476190476
3 0.6892857142857143 0.7552380952380953 0.02142857142857143 0.01619047619047619
3 0.6971428571428572 0.76 0.023571428571428573 0.015238095238095238
3 0.7078571428571429 0.7676190476190476 0.02214285714285714 0.01619047619047619
3 0.715 0.7780952380952381 0.016428571428571428 0.017142857142857144
3 0.7264285714285714 0.7857142857142857 0.015714285714285715 0.017142857142857144
3 0.7357142857142858 0.7952380952380952 0.018571428571428572 0.015238095238095238
3 0.7464285714285714 0.8047619047619048 0.018571428571428572 0.017142857142857144
3 0.7571428571428571 0.8142857142857143 0.018571428571428572 0.017142857142857144
3 0.7714285714285715 0.8266666666666667 0.017857142857142856 0.015238095238095238
3 0.7821428571428571 0.8371428571428572 0.02 0.018095238095238095
3 0.7935714285714286 0.8466666666666667 0.02214285714285714 0.01904761904761905
3 0.8078571428571428 0.8628571428571429 0.024285714285714285 0.02
3 0.8271428571428572 0.88 0.03642857142857143 0.02
3 0.8407142857142857 0.8933333333333333 0.03428571428571429 0.021904761904761906
3 0.8614285714285714 0.9095238095238095 0.030714285714285715 0.017142857142857144
3 0.8771428571428571 0.9285714285714286 0.03571428571428571 0.015238095238095238
3 0.8907142857142857 0.9380952380952381 0.039285714285714285 0.02666666666666667
3 0.9135714285714286 0.9542857142857143 0.045714285714285714 0.024761904761904763
3 0.9342857142857143 0.9780952380952381 0.03857142857142857 0.02
8 0.06857142857142857 0.9638095238095238 0.039285714285714285 0.03619047619047619
3 0.49785714285714283 0.7219047619047619 0.019285714285714285 0.010476190476190476
