8 0.7755 0.07133333333333333 0.0395 0.014
3 0.8525 0.08066666666666666 0.0095 0.006
3 0.882 0.15333333333333332 0.012 0.014666666666666666
1 0.771 0.12866666666666668 0.003 0.006666666666666667
4 0.7705 0.13133333333333333 0.0035 0.007333333333333333
3 0.928 0.30466666666666664 0.03 0.03866666666666667
3 0.0 0.5886666666666667 0.094 0.07733333333333334
3 0.0405 0.538 0.1135 0.084
3 0.1065 0.51 0.098 0.06466666666666666
3 0.1525 0.48133333333333334 0.0945 0.062
3 0.197 0.44333333333333336 0.0855 0.06866666666666667
3 0.2405 0.4266666666666667 0.0815 0.056
3 0.276 0.414 0.075 0.04933333333333333
3 0.3025 0.3893333333333333 0.079 0.04533333333333334
3 0.3345 0.36666666666666664 0.0675 0.05
3 0.3605 0.35933333333333334 0.0645 0.043333333333333335
3 0.3945 0.2966666666666667 0.0445 0.03133333333333333
3 0.11 0.21733333333333332 0.0315 0.018
3 0.135 0.248 0.0415 0.023333333333333334
3 0.1755 0.23333333333333334 0.0405 0.026
3 0.2225 0.22933333333333333 0.0235 0.023333333333333334
3 0.2195 0.21066666666666667 0.0425 0.027333333333333334
3 0.2755 0.212 0.02 0.021333333333333333
3 0.168 0.20333333333333334 0.0425 0.023333333333333334
3 0.127 0.196 0.044 0.02666666666666667
3 0.174 0.21866666666666668 0.027 0.02666666666666667
3 0.1975 0.21866666666666668 0.025 0.02666666666666667
3 0.245 0.236 0.0205 0.023333333333333334
3 0.2735 0.236 0.024 0.027333333333333334
3 0.3005 0.24 0.024 0.026
3 0.322 0.24666666666666667 0.028 0.02666666666666667
3 0.3525 0.24933333333333332 0.021 0.026
3 0.305 0.21266666666666667 0.0185 0.02266666666666667
3 0.3315 0.21533333333333332 0.017 0.023333333333333334
3 0.3535 0.22066666666666668 0.0195 0.02266666666666667
3 0.3805 0.226 0.025 0.024666666666666667
3 0.3435 0.2833333333333333 0.0415 0.03
3 0.335 0.288 0.037 0.03666666666666667
3 0.4575 0.252 0.028 0.03333333333333333
3 0.486 0.26266666666666666 0.023 0.029333333333333333
3 0.4515 0.30466666666666664 0.0575 0.03333333333333333
3 0.447 0.23333333333333334 0.0265 0.024
3 0.47 0.23466666666666666 0.0315 0.025333333333333333
3 0.5135 0.268 0.023 0.028
8 0.378 0.246 0.072 0.06266666666666666
6 0.1835 0.2673333333333333 0.141 0.09333333333333334
6 0.22 0.25733333333333336 0.138 0.08466666666666667
3 0.608 0.21933333333333332 0.025 0.02266666666666667
3 0.625 0.24333333333333335 0.041 0.02266666666666667
3 0.586 0.282 0.0505 0.03333333333333333
3 0.5465 0.3253333333333333 0.0655 0.030666666666666665
3 0.537 0.338 0.072 0.044
3 0.527 0.36333333333333334 0.0715 0.04
3 0.506 0.37866666666666665 0.078 0.042666666666666665
3 0.482 0.39666666666666667 0.0825 0.044
3 0.4705 0.4186666666666667 0.081 0.05
8 0.6515 0.26 0.0805 0.07666666666666666
8 0.6395 0.324 0.0765 0.056
3 0.7685 0.31 0.0285 0.046
3 0.4395 0.48 0.098 0.06533333333333333
3 0.414 0.51 0.1005 0.07
3 0.393 0.5533333333333333 0.1135 0.07933333333333334
3 0.315 0.6406666666666667 0.111 0.09266666666666666
1 0.7205 0.4166666666666667 0.016 0.03133333333333333
4 0.7225 0.4246666666666667 0.0135 0.03333333333333333
