1 0.13285714285714287 0.7347715736040609 0.011428571428571429 0.027918781725888325
1 0.13857142857142857 0.7246192893401016 0.011428571428571429 0.025380710659898477
1 0.04928571428571429 0.6763959390862944 0.01 0.02284263959390863
1 0.054285714285714284 0.6370558375634517 0.010714285714285714 0.0266497461928934
1 0.060714285714285714 0.6345177664974619 0.011428571428571429 0.024111675126903553
1 0.047857142857142855 0.5939086294416244 0.010714285714285714 0.021573604060913704
1 0.052142857142857144 0.5888324873096447 0.007857142857142858 0.024111675126903553
3 0.3578571428571429 0.48223350253807107 0.018571428571428572 0.05203045685279188
3 0.4057142857142857 0.583756345177665 0.02142857142857143 0.06218274111675127
3 0.4714285714285714 0.4200507614213198 0.017857142857142856 0.05456852791878172
3 0.41214285714285714 0.3413705583756345 0.017857142857142856 0.04568527918781726
3 0.4607142857142857 0.24619289340101522 0.016428571428571428 0.04949238578680203
3 0.48714285714285716 0.27284263959390864 0.017142857142857144 0.048223350253807105
3 0.37357142857142855 0.22208121827411167 0.015 0.030456852791878174
6 0.4135714285714286 0.19543147208121828 0.016428571428571428 0.06218274111675127
3 0.095 0.3032994923857868 0.03857142857142857 0.05203045685279188
3 0.30214285714285716 0.217005076142132 0.014285714285714285 0.04187817258883249
3 0.09857142857142857 0.24492385786802032 0.022857142857142857 0.025380710659898477
3 0.1957142857142857 0.20558375634517767 0.029285714285714286 0.03553299492385787
3 0.22142857142857142 0.1548223350253807 0.02214285714285714 0.025380710659898477
3 0.27714285714285714 0.01903553299492386 0.02214285714285714 0.03426395939086294
3 0.10357142857142858 0.13705583756345177 0.029285714285714286 0.030456852791878174
3 0.0 0.18401015228426396 0.03 0.03426395939086294
3 0.07714285714285714 0.11928934010152284 0.027857142857142858 0.024111675126903553
3 0.11714285714285715 0.09898477157360407 0.02857142857142857 0.02918781725888325
3 0.2292857142857143 0.17893401015228427 0.027142857142857142 0.03680203045685279
3 0.10714285714285714 0.2703045685279188 0.04 0.03553299492385787
8 0.145 0.22081218274111675 0.05071428571428571 0.05203045685279188
3 0.21 0.35152284263959394 0.019285714285714285 0.05203045685279188
3 0.2257142857142857 0.5228426395939086 0.025 0.06218274111675127
3 0.12 0.03680203045685279 0.019285714285714285 0.025380710659898477
3 0.13357142857142856 0.03553299492385787 0.015714285714285715 0.01903553299492386
3 0.08642857142857142 0.03299492385786802 0.018571428571428572 0.02030456852791878
3 0.07142857142857142 0.01903553299492386 0.017142857142857144 0.024111675126903553
3 0.03642857142857143 0.008883248730964468 0.023571428571428573 0.024111675126903553
3 0.03214285714285714 0.005076142131979695 0.020714285714285713 0.025380710659898477
3 0.018571428571428572 0.0025380710659898475 0.024285714285714285 0.021573604060913704
3 0.062142857142857146 0.03680203045685279 0.020714285714285713 0.025380710659898477
3 0.054285714285714284 0.04060913705583756 0.017142857142857144 0.0266497461928934
3 0.013571428571428571 0.02030456852791878 0.022857142857142857 0.025380710659898477
3 0.0 0.012690355329949238 0.016428571428571428 0.02284263959390863
3 0.235 0.03553299492385787 0.02857142857142857 0.03680203045685279
3 0.25785714285714284 0.0038071065989847717 0.025 0.025380710659898477
8 0.23857142857142857 0.0 0.024285714285714285 0.030456852791878174
3 0.15214285714285714 0.1700507614213198 0.022857142857142857 0.025380710659898477
3 0.12 0.2233502538071066 0.02142857142857143 0.025380710659898477
3 0.1757142857142857 0.1865482233502538 0.02 0.021573604060913704
3 0.23285714285714285 0.10532994923857868 0.022857142857142857 0.024111675126903553
3 0.12142857142857143 0.18908629441624367 0.029285714285714286 0.03807106598984772
1 0.2664285714285714 0.15101522842639595 0.007857142857142858 0.02284263959390863
3 0.23357142857142857 0.14974619289340102 0.02214285714285714 0.025380710659898477
3 0.09714285714285714 0.20431472081218274 0.025714285714285714 0.0266497461928934
3 0.14714285714285713 0.20812182741116753 0.02857142857142857 0.030456852791878174
1 0.21214285714285713 0.2550761421319797 0.008571428571428572 0.030456852791878174
3 0.4135714285714286 0.027918781725888325 0.017857142857142856 0.04568527918781726
3 0.4735714285714286 0.0 0.008571428571428572 0.024111675126903553
