3 0.44857142857142857 0.48984771573604063 0.02 0.07487309644670051
3 0.5921428571428572 0.6040609137055838 0.025714285714285714 0.0850253807106599
3 0.585 0.5101522842639594 0.024285714285714285 0.06979695431472081
3 0.5807142857142857 0.4276649746192893 0.02214285714285714 0.07233502538071065
3 0.5778571428571428 0.35152284263959394 0.017857142857142856 0.06218274111675127
3 0.575 0.2563451776649746 0.017142857142857144 0.06218274111675127
3 0.5714285714285714 0.18908629441624367 0.02 0.04949238578680203
3 0.5685714285714286 0.116751269035533 0.019285714285714285 0.04949238578680203
3 0.5671428571428572 0.06598984771573604 0.017142857142857144 0.046954314720812185
3 0.5621428571428572 0.02030456852791878 0.017857142857142856 0.046954314720812185
3 0.5985714285714285 0.7208121827411168 0.025 0.08629441624365482
3 0.6021428571428571 0.8286802030456852 0.02642857142857143 0.09390862944162437
3 0.35428571428571426 0.8045685279187818 0.027142857142857142 0.10152284263959391
3 0.3028571428571429 0.733502538071066 0.05714285714285714 0.046954314720812185
3 0.3364285714285714 0.3350253807106599 0.04857142857142857 0.03680203045685279
3 0.36 0.08883248730964467 0.04 0.030456852791878174
3 0.36857142857142855 0.04060913705583756 0.03571428571428571 0.03299492385786802
3 0.37 0.012690355329949238 0.03571428571428571 0.03299492385786802
8 0.33785714285714286 0.16624365482233502 0.06142857142857143 0.05583756345177665
8 0.32071428571428573 0.5951776649746193 0.045 0.12563451776649745
3 0.2892857142857143 0.8718274111675127 0.05071428571428571 0.044416243654822336
3 0.2764285714285714 0.9302030456852792 0.06285714285714286 0.0532994923857868
3 0.19285714285714287 0.868020304568528 0.05714285714285714 0.04568527918781726
3 0.185 0.9365482233502538 0.07142857142857142 0.05964467005076142
3 0.08428571428571428 0.9086294416243654 0.04357142857142857 0.0901015228426396
1 0.30428571428571427 0.7728426395939086 0.013571428571428571 0.03299492385786802
2 0.3742857142857143 0.6370558375634517 0.02 0.07868020304568528
1 0.39285714285714285 0.6370558375634517 0.013571428571428571 0.02918781725888325
3 0.6071428571428571 0.9543147208121827 0.02857142857142857 0.044416243654822336
3 0.11928571428571429 0.4213197969543147 0.06571428571428571 0.05583756345177665
1 0.5635714285714286 0.2703045685279188 0.009285714285714286 0.030456852791878174
