3 0.3355 0.226 0.005 0.005333333333333333
1 0.335 0.226 0.001 0.004666666666666667
1 0.3585 0.244 0.0025 0.01
1 0.361 0.246 0.003 0.012
2 0.3515 0.24866666666666667 0.007 0.010666666666666666
3 0.3555 0.25333333333333335 0.0095 0.011333333333333334
3 0.3565 0.25666666666666665 0.0115 0.012666666666666666
3 0.3655 0.2673333333333333 0.013 0.014
3 0.321 0.294 0.0165 0.018666666666666668
3 0.1095 0.3406666666666667 0.061 0.025333333333333333
3 0.1765 0.31733333333333336 0.0545 0.025333333333333333
3 0.202 0.32866666666666666 0.0515 0.034666666666666665
3 0.2145 0.342 0.056 0.046
3 0.2475 0.36466666666666664 0.035 0.056666666666666664
3 0.204 0.4246666666666667 0.05 0.08733333333333333
3 0.145 0.5586666666666666 0.0985 0.15466666666666667
3 0.606 0.494 0.119 0.09866666666666667
3 0.503 0.386 0.038 0.05733333333333333
4 0.3405 0.28733333333333333 0.0095 0.016
4 0.384 0.2966666666666667 0.007 0.012666666666666666
4 0.3725 0.746 0.0335 0.07133333333333333
1 0.7785 0.8573333333333333 0.032 0.050666666666666665
1 0.858 0.934 0.048 0.066
1 0.8135 0.8866666666666667 0.038 0.1
1 0.7005 0.612 0.0255 0.09266666666666666
1 0.6925 0.592 0.019 0.05466666666666667
1 0.7245 0.812 0.0645 0.092
1 0.475 0.7473333333333333 0.0275 0.102
1 0.441 0.7446666666666667 0.029 0.11066666666666666
1 0.403 0.7346666666666667 0.035 0.102
1 0.3675 0.698 0.0395 0.07866666666666666
1 0.475 0.36666666666666664 0.007 0.03266666666666666
1 0.447 0.36933333333333335 0.0125 0.037333333333333336
1 0.4235 0.35933333333333334 0.0115 0.03133333333333333
1 0.312 0.4533333333333333 0.016 0.05
1 0.2565 0.48 0.0225 0.02666666666666667
1 0.258 0.466 0.0205 0.032
1 0.3265 0.3506666666666667 0.0115 0.034666666666666665
1 0.3845 0.2906666666666667 0.006 0.016666666666666666
1 0.421 0.29933333333333334 0.003 0.011333333333333334
1 0.4165 0.2906666666666667 0.0045 0.019333333333333334
1 0.3455 0.284 0.0045 0.021333333333333333
1 0.2215 0.37133333333333335 0.0095 0.036
1 0.2305 0.37466666666666665 0.01 0.036
1 0.232 0.36533333333333334 0.0125 0.037333333333333336
3 0.4265 0.30666666666666664 0.05 0.02266666666666667
3 0.05 0.3393333333333333 0.0405 0.03
3 0.0075 0.336 0.046 0.03666666666666667
3 0.3445 0.23866666666666667 0.006 0.007333333333333333
