3 0.566 0.6506666666666666 0.2175 0.19066666666666668
3 0.8025 0.752 0.1975 0.20466666666666666
1 0.463 0.6166666666666667 0.026 0.08866666666666667
1 0.428 0.6646666666666666 0.029 0.09066666666666667
1 0.393 0.6553333333333333 0.034 0.098
3 0.27 0.5346666666666666 0.1625 0.19533333333333333
1 0.03 0.5433333333333333 0.047 0.086
1 0.277 0.20733333333333334 0.02 0.048
2 0.275 0.228 0.0265 0.043333333333333335
1 0.661 0.168 0.0125 0.036
3 0.5015 0.104 0.0845 0.072
1 0.5255 0.07 0.02 0.036
1 0.6575 0.04733333333333333 0.0125 0.03
2 0.648 0.062 0.022 0.03866666666666667
3 0.463 0.30333333333333334 0.0935 0.12866666666666668
3 0.531 0.34 0.102 0.13533333333333333
3 0.625 0.3526666666666667 0.081 0.178
3 0.7305 0.3873333333333333 0.093 0.15866666666666668
3 0.8515 0.38666666666666666 0.0955 0.198
3 0.0615 0.016 0.085 0.06866666666666667
3 0.1725 0.11133333333333334 0.0825 0.05733333333333333
3 0.962 0.20266666666666666 0.038 0.13133333333333333
