3 0.6678571428571428 0.9111675126903553 0.04357142857142857 0.08756345177664974
3 0.6392857142857142 0.8451776649746193 0.039285714285714285 0.0850253807106599
3 0.6128571428571429 0.7614213197969543 0.032857142857142856 0.07868020304568528
3 0.6085714285714285 0.7081218274111675 0.02857142857142857 0.06472081218274112
3 0.47 0.5685279187817259 0.023571428571428573 0.048223350253807105
3 0.5807142857142857 0.6510152284263959 0.027142857142857142 0.06091370558375635
3 0.5685714285714286 0.5799492385786802 0.025 0.05456852791878172
3 0.5592857142857143 0.550761421319797 0.019285714285714285 0.04187817258883249
3 0.55 0.5126903553299492 0.02 0.04314720812182741
3 0.5407142857142857 0.4860406091370558 0.017142857142857144 0.04314720812182741
3 0.5371428571428571 0.47081218274111675 0.015 0.030456852791878174
3 0.5271428571428571 0.44289340101522845 0.015714285714285715 0.03553299492385787
8 0.4735714285714286 0.43781725888324874 0.024285714285714285 0.06472081218274112
3 0.44857142857142857 0.4149746192893401 0.014285714285714285 0.02918781725888325
1 0.64 0.6941624365482234 0.007142857142857143 0.027918781725888325
1 0.6021428571428571 0.5393401015228426 0.005714285714285714 0.024111675126903553
1 0.6064285714285714 0.5368020304568528 0.005714285714285714 0.024111675126903553
1 0.5385714285714286 0.35152284263959394 0.005714285714285714 0.01903553299492386
1 0.5171428571428571 0.29949238578680204 0.0035714285714285713 0.015228426395939087
1 0.5221428571428571 0.2906091370558376 0.0035714285714285713 0.015228426395939087
1 0.515 0.2868020304568528 0.004285714285714286 0.013959390862944163
1 0.49714285714285716 0.25888324873096447 0.004285714285714286 0.01649746192893401
1 0.505 0.24746192893401014 0.0035714285714285713 0.015228426395939087
8 0.4635714285714286 0.2893401015228426 0.02 0.0583756345177665
8 0.4471428571428571 0.2956852791878173 0.015 0.03680203045685279
8 0.42928571428571427 0.18401015228426396 0.012142857142857143 0.03680203045685279
6 0.45357142857142857 0.26015228426395937 0.012857142857142857 0.03299492385786802
6 0.4635714285714286 0.1802030456852792 0.013571428571428571 0.027918781725888325
3 0.455 0.33756345177664976 0.010714285714285714 0.02030456852791878
1 0.43642857142857144 0.33248730964467005 0.002857142857142857 0.012690355329949238
1 0.37142857142857144 0.31091370558375636 0.0035714285714285713 0.013959390862944163
1 0.36714285714285716 0.3096446700507614 0.005714285714285714 0.015228426395939087
1 0.42928571428571427 0.2512690355329949 0.0035714285714285713 0.01015228426395939
4 0.15285714285714286 0.7246192893401016 0.016428571428571428 0.04060913705583756
1 0.15571428571428572 0.7131979695431472 0.011428571428571429 0.02918781725888325
3 0.21785714285714286 0.6116751269035533 0.03428571428571429 0.06979695431472081
3 0.0 0.5824873096446701 0.03142857142857143 0.06979695431472081
3 0.11571428571428571 0.5228426395939086 0.03571428571428571 0.04568527918781726
3 0.2907142857142857 0.3248730964467005 0.019285714285714285 0.03553299492385787
3 0.30214285714285716 0.24619289340101522 0.014285714285714285 0.0266497461928934
3 0.2571428571428571 0.23857868020304568 0.014285714285714285 0.02030456852791878
3 0.33 0.19289340101522842 0.01 0.017766497461928935
3 0.34214285714285714 0.16751269035532995 0.009285714285714286 0.01649746192893401
3 0.3792857142857143 0.14086294416243655 0.007857142857142858 0.015228426395939087
3 0.37 0.13324873096446702 0.007857142857142858 0.013959390862944163
3 0.36 0.1281725888324873 0.007857142857142858 0.011421319796954314
3 0.29642857142857143 0.1649746192893401 0.012142857142857143 0.02030456852791878
3 0.33214285714285713 0.1446700507614213 0.007857142857142858 0.01649746192893401
3 0.34285714285714286 0.12436548223350254 0.007857142857142858 0.011421319796954314
3 0.36142857142857143 0.06345177664974619 0.0064285714285714285 0.008883248730964468
3 0.3335714285714286 0.10279187817258884 0.008571428571428572 0.011421319796954314
3 0.33714285714285713 0.11421319796954314 0.008571428571428572 0.013959390862944163
8 0.30857142857142855 0.1218274111675127 0.015714285714285715 0.0266497461928934
3 0.3678571428571429 0.11040609137055837 0.0064285714285714285 0.013959390862944163
3 0.3914285714285714 0.11294416243654823 0.005714285714285714 0.01015228426395939
3 0.38357142857142856 0.10152284263959391 0.0064285714285714285 0.01015228426395939
3 0.39571428571428574 0.07106598984771574 0.005 0.01015228426395939
3 0.3942857142857143 0.05456852791878172 0.005 0.008883248730964468
3 0.4085714285714286 0.05456852791878172 0.0035714285714285713 0.008883248730964468
3 0.41 0.044416243654822336 0.004285714285714286 0.008883248730964468
3 0.40714285714285714 0.04187817258883249 0.002857142857142857 0.007614213197969543
3 0.3992857142857143 0.04060913705583756 0.004285714285714286 0.008883248730964468
3 0.40285714285714286 0.03680203045685279 0.0035714285714285713 0.006345177664974619
8 0.36857142857142855 0.044416243654822336 0.0064285714285714285 0.015228426395939087
8 0.37642857142857145 0.044416243654822336 0.007857142857142858 0.013959390862944163
8 0.38 0.03553299492385787 0.007857142857142858 0.015228426395939087
3 0.43642857142857144 0.16243654822335024 0.008571428571428572 0.011421319796954314
3 0.44142857142857145 0.15101522842639595 0.005714285714285714 0.012690355329949238
3 0.445 0.1484771573604061 0.005 0.01015228426395939
3 0.4564285714285714 0.1434010152284264 0.005 0.013959390862944163
1 0.052142857142857144 0.45685279187817257 0.007142857142857143 0.012690355329949238
1 0.05785714285714286 0.43908629441624364 0.005 0.01649746192893401
1 0.06285714285714286 0.434010152284264 0.0035714285714285713 0.01649746192893401
1 0.06785714285714285 0.4251269035532995 0.005 0.01649746192893401
1 0.07357142857142857 0.4149746192893401 0.005714285714285714 0.01903553299492386
1 0.08142857142857143 0.4149746192893401 0.005 0.017766497461928935
1 0.09071428571428572 0.38578680203045684 0.004285714285714286 0.01903553299492386
1 0.12714285714285714 0.36548223350253806 0.004285714285714286 0.01015228426395939
1 0.1442857142857143 0.3426395939086294 0.002142857142857143 0.01015228426395939
1 0.14642857142857144 0.3413705583756345 0.0035714285714285713 0.012690355329949238
1 0.16428571428571428 0.2868020304568528 0.002857142857142857 0.01649746192893401
1 0.18571428571428572 0.2868020304568528 0.005714285714285714 0.01015228426395939
1 0.19 0.2652284263959391 0.002857142857142857 0.012690355329949238
1 0.19214285714285714 0.2652284263959391 0.002857142857142857 0.013959390862944163
1 0.195 0.25761421319796957 0.0035714285714285713 0.013959390862944163
1 0.2092857142857143 0.233502538071066 0.002857142857142857 0.012690355329949238
1 0.23857142857142857 0.20812182741116753 0.002857142857142857 0.013959390862944163
1 0.22 0.22208121827411167 0.002857142857142857 0.012690355329949238
1 0.235 0.2068527918781726 0.002857142857142857 0.011421319796954314
1 0.25642857142857145 0.18401015228426396 0.0035714285714285713 0.013959390862944163
