1 0.246 0.7613333333333333 0.0255 0.06733333333333333
3 0.3685 0.8733333333333333 0.17 0.12666666666666668
3 0.3945 0.7973333333333333 0.155 0.11533333333333333
3 0.4595 0.6513333333333333 0.11 0.08933333333333333
4 0.267 0.48333333333333334 0.0275 0.027333333333333334
4 0.273 0.47 0.023 0.030666666666666665
2 0.3065 0.45466666666666666 0.0245 0.029333333333333333
2 0.3285 0.44333333333333336 0.02 0.03
4 0.349 0.434 0.018 0.02666666666666667
3 0.4035 0.4053333333333333 0.0625 0.042666666666666665
3 0.5685 0.432 0.079 0.04666666666666667
3 0.4895 0.362 0.0495 0.034
3 0.6155 0.362 0.049 0.076
3 0.561 0.26866666666666666 0.0225 0.02266666666666667
3 0.6285 0.30466666666666664 0.036 0.023333333333333334
3 0.629 0.296 0.044 0.023333333333333334
3 0.553 0.24333333333333335 0.025 0.018
3 0.5695 0.24266666666666667 0.025 0.018
3 0.581 0.24 0.0285 0.018
3 0.588 0.23533333333333334 0.0315 0.016
3 0.632 0.2773333333333333 0.0425 0.022
3 0.639 0.2733333333333333 0.048 0.019333333333333334
3 0.642 0.25466666666666665 0.043 0.022
3 0.651 0.23466666666666666 0.036 0.019333333333333334
3 0.6555 0.23333333333333334 0.031 0.014666666666666666
3 0.6615 0.22133333333333333 0.0305 0.016666666666666666
3 0.66 0.21733333333333332 0.028 0.012
4 0.63 0.21 0.0055 0.008666666666666666
2 0.609 0.21133333333333335 0.016 0.010666666666666666
3 0.6585 0.15933333333333333 0.0075 0.010666666666666666
3 0.878 0.30733333333333335 0.0305 0.034666666666666665
3 0.655 0.17666666666666667 0.009 0.010666666666666666
3 0.6455 0.17733333333333334 0.008 0.01
3 0.6485 0.174 0.0135 0.01
3 0.87 0.256 0.0195 0.026
3 0.849 0.26666666666666666 0.0235 0.028666666666666667
3 0.827 0.216 0.015 0.014
3 0.8145 0.20733333333333334 0.0135 0.014
8 0.792 0.17733333333333334 0.0195 0.034666666666666665
3 0.793 0.174 0.018 0.018
8 0.7725 0.166 0.012 0.019333333333333334
3 0.779 0.16466666666666666 0.009 0.014
3 0.7715 0.162 0.0105 0.012
