1 0.24714285714285714 0.6 0.02 0.04857142857142857
1 0.34285714285714286 0.4419047619047619 0.015 0.030476190476190476
1 0.44 0.5904761904761905 0.013571428571428571 0.0419047619047619
3 0.42214285714285715 0.8038095238095239 0.10928571428571429 0.1457142857142857
3 0.3535714285714286 0.6333333333333333 0.052142857142857144 0.08190476190476191
3 0.42714285714285716 0.6295238095238095 0.06785714285714285 0.06952380952380953
3 0.3892857142857143 0.4276190476190476 0.05714285714285714 0.04
3 0.375 0.42 0.05785714285714286 0.037142857142857144
3 0.30642857142857144 0.4542857142857143 0.03642857142857143 0.039047619047619046
3 0.3264285714285714 0.3942857142857143 0.027142857142857142 0.02857142857142857
3 0.3092857142857143 0.36952380952380953 0.02 0.023809523809523808
3 0.2914285714285714 0.3495238095238095 0.02214285714285714 0.029523809523809525
3 0.14142857142857143 0.26 0.01 0.013333333333333334
1 0.15 0.2419047619047619 0.002857142857142857 0.006666666666666667
1 0.1407142857142857 0.24476190476190476 0.0035714285714285713 0.006666666666666667
1 0.11714285714285715 0.24285714285714285 0.002857142857142857 0.005714285714285714
4 0.11642857142857142 0.24476190476190476 0.004285714285714286 0.004761904761904762
4 0.1407142857142857 0.24666666666666667 0.004285714285714286 0.006666666666666667
4 0.15 0.24476190476190476 0.0035714285714285713 0.004761904761904762
1 0.19142857142857142 0.2923809523809524 0.007857142857142858 0.015238095238095238
1 0.15714285714285714 0.24 0.002142857142857143 0.005714285714285714
2 0.15714285714285714 0.2419047619047619 0.002142857142857143 0.004761904761904762
