8 0.4342857142857143 0.8743654822335025 0.03785714285714286 0.12436548223350254
3 0.5371428571428571 0.9606598984771574 0.027142857142857142 0.03807106598984772
8 0.008571428571428572 0.16624365482233502 0.060714285714285714 0.07487309644670051
3 0.19142857142857142 0.06725888324873096 0.025714285714285714 0.027918781725888325
1 0.23142857142857143 0.027918781725888325 0.005714285714285714 0.015228426395939087
3 0.17142857142857143 0.649746192893401 0.025 0.04568527918781726
3 0.22071428571428572 0.5329949238578681 0.016428571428571428 0.046954314720812185
3 0.44142857142857145 0.8274111675126904 0.017142857142857144 0.06472081218274112
3 0.4228571428571429 0.7703045685279187 0.027142857142857142 0.06345177664974619
3 0.5142857142857142 0.8642131979695431 0.023571428571428573 0.05964467005076142
3 0.48428571428571426 0.7652284263959391 0.022857142857142857 0.05203045685279188
3 0.4685714285714286 0.7982233502538071 0.022857142857142857 0.06345177664974619
6 0.585 0.699238578680203 0.05928571428571429 0.1548223350253807
3 0.435 0.6687817258883249 0.02142857142857143 0.04949238578680203
8 0.45285714285714285 0.6294416243654822 0.02142857142857143 0.05710659898477157
8 0.4007142857142857 0.5279187817258884 0.03571428571428571 0.10532994923857868
3 0.415 0.49619289340101524 0.018571428571428572 0.044416243654822336
6 0.6914285714285714 0.41878172588832485 0.06785714285714285 0.13071065989847716
3 0.6121428571428571 0.3489847715736041 0.025 0.03807106598984772
3 0.5914285714285714 0.30456852791878175 0.024285714285714285 0.03553299492385787
6 0.63 0.22715736040609136 0.02 0.06472081218274112
1 0.6707142857142857 0.2982233502538071 0.0035714285714285713 0.017766497461928935
1 0.6742857142857143 0.25 0.004285714285714286 0.01903553299492386
3 0.6657142857142857 0.1916243654822335 0.025 0.024111675126903553
3 0.5521428571428572 0.20939086294416243 0.022857142857142857 0.027918781725888325
3 0.5021428571428571 0.17893401015228427 0.025714285714285714 0.03553299492385787
3 0.43857142857142856 0.1713197969543147 0.027857142857142858 0.021573604060913704
8 0.44785714285714284 0.3236040609137056 0.04214285714285714 0.07106598984771574
8 0.4042857142857143 0.30076142131979694 0.055714285714285716 0.05583756345177665
3 0.4592857142857143 0.48350253807106597 0.016428571428571428 0.04060913705583756
