3 0.0 0.1961904761904762 0.08214285714285714 0.08476190476190476
3 0.0 0.1295238095238095 0.08857142857142856 0.06952380952380953
3 0.17857142857142858 0.0 0.06571428571428571 0.06857142857142857
3 0.19785714285714287 0.05238095238095238 0.07142857142857142 0.11428571428571428
3 0.2814285714285714 0.08761904761904762 0.07071428571428572 0.10666666666666667
3 0.39 0.030476190476190476 0.06928571428571428 0.08857142857142856
3 0.08428571428571428 0.28285714285714286 0.08071428571428571 0.15904761904761905
3 0.31142857142857144 0.19333333333333333 0.08214285714285714 0.1295238095238095
3 0.255 0.29333333333333333 0.08571428571428572 0.17714285714285713
3 0.35714285714285715 0.35428571428571426 0.09928571428571428 0.1676190476190476
3 0.29642857142857143 0.5219047619047619 0.10857142857142857 0.2276190476190476
3 0.09285714285714286 0.5238095238095238 0.09857142857142857 0.22
3 0.3557142857142857 0.819047619047619 0.12428571428571429 0.18095238095238095
3 0.445 0.6352380952380953 0.13142857142857142 0.25142857142857145
1 0.665 0.7533333333333333 0.027857142857142858 0.06571428571428571
3 0.6328571428571429 0.559047619047619 0.15 0.24095238095238095
1 0.5121428571428571 0.43523809523809526 0.018571428571428572 0.05714285714285714
3 0.555 0.37238095238095237 0.10714285714285714 0.14761904761904762
3 0.47285714285714286 0.19333333333333333 0.09142857142857143 0.14666666666666667
3 0.4307142857142857 0.11333333333333333 0.07357142857142857 0.09523809523809523
3 0.09142857142857143 0.8838095238095238 0.12428571428571429 0.11619047619047619
