3 0.2592857142857143 0.8923809523809524 0.07071428571428572 0.10761904761904761
3 0.30857142857142855 0.7638095238095238 0.06714285714285714 0.11904761904761904
3 0.23857142857142857 0.7752380952380953 0.05357142857142857 0.10761904761904761
3 0.36857142857142855 0.6361904761904762 0.060714285714285714 0.11238095238095239
3 0.41928571428571426 0.5247619047619048 0.055714285714285716 0.09619047619047619
3 0.3557142857142857 0.5190476190476191 0.05142857142857143 0.09333333333333334
3 0.3992857142857143 0.43238095238095237 0.047857142857142855 0.08571428571428572
3 0.44142857142857145 0.3419047619047619 0.039285714285714285 0.07809523809523809
3 0.39071428571428574 0.2695238095238095 0.045 0.07809523809523809
3 0.5085714285714286 0.3380952380952381 0.04428571428571428 0.07809523809523809
3 0.5442857142857143 0.11714285714285715 0.04 0.06666666666666667
3 0.565 0.05142857142857143 0.03571428571428571 0.06666666666666667
3 0.26571428571428574 0.5076190476190476 0.05714285714285714 0.09238095238095238
3 0.2864285714285714 0.6438095238095238 0.07 0.12095238095238095
3 0.15571428571428572 0.7 0.07214285714285715 0.11047619047619048
3 0.3921428571428571 0.919047619047619 0.055 0.08095238095238096
3 0.4235714285714286 0.8342857142857143 0.054285714285714284 0.11714285714285715
3 0.455 0.7704761904761904 0.05 0.10952380952380952
3 0.55 0.8723809523809524 0.08642857142857142 0.09142857142857143
3 0.5671428571428572 0.820952380952381 0.08357142857142857 0.08190476190476191
3 0.6264285714285714 0.6714285714285714 0.07785714285714286 0.07523809523809524
3 0.5064285714285715 0.62 0.05285714285714286 0.10952380952380952
3 0.5278571428571428 0.56 0.052142857142857144 0.1
3 0.5485714285714286 0.5114285714285715 0.04928571428571429 0.08857142857142856
3 0.5692857142857143 0.4438095238095238 0.05 0.09428571428571429
3 0.4664285714285714 0.4276190476190476 0.04928571428571429 0.08666666666666667
3 0.655 0.52 0.07857142857142857 0.0761904761904762
3 0.6878571428571428 0.44571428571428573 0.06642857142857143 0.06095238095238095
3 0.7071428571428572 0.37047619047619046 0.07428571428571429 0.058095238095238096
3 0.72 0.3352380952380952 0.07428571428571429 0.06095238095238095
3 0.5892857142857143 0.39714285714285713 0.05071428571428571 0.07809523809523809
3 0.6071428571428571 0.3380952380952381 0.052142857142857144 0.07904761904761905
3 0.6285714285714286 0.2885714285714286 0.04642857142857143 0.08666666666666667
3 0.6442857142857142 0.2523809523809524 0.05071428571428571 0.07428571428571429
3 0.6642857142857143 0.21333333333333335 0.04357142857142857 0.07047619047619047
3 0.5442857142857143 0.2561904761904762 0.039285714285714285 0.0761904761904762
8 0.4757142857142857 0.23809523809523808 0.04642857142857143 0.09619047619047619
3 0.5214285714285715 0.18 0.03571428571428571 0.06190476190476191
3 0.5728571428571428 0.18095238095238095 0.04071428571428572 0.07142857142857142
3 0.6042857142857143 0.10857142857142857 0.035 0.07238095238095238
3 0.6257142857142857 0.05142857142857143 0.03 0.06095238095238095
3 0.6778571428571428 0.1676190476190476 0.045 0.0761904761904762
3 0.6928571428571428 0.13333333333333333 0.04 0.06380952380952382
3 0.7042857142857143 0.08857142857142856 0.04928571428571429 0.06285714285714286
3 0.7071428571428572 0.054285714285714284 0.05357142857142857 0.05619047619047619
3 0.7121428571428572 0.02761904761904762 0.05928571428571429 0.05904761904761905
3 0.73 0.002857142857142857 0.05285714285714286 0.05523809523809524
8 0.42428571428571427 0.19142857142857142 0.047857142857142855 0.07047619047619047
8 0.45357142857142857 0.08952380952380952 0.054285714285714284 0.10857142857142857
