3 0.1407142857142857 0.4302030456852792 0.019285714285714285 0.02284263959390863
3 0.11357142857142857 0.4010152284263959 0.02214285714285714 0.02030456852791878
3 0.56 0.8401015228426396 0.015714285714285715 0.0583756345177665
3 0.5628571428571428 0.6941624365482234 0.013571428571428571 0.03934010152284264
4 0.5192857142857142 0.6078680203045685 0.004285714285714286 0.02030456852791878
3 0.49357142857142855 0.5571065989847716 0.012142857142857143 0.0266497461928934
3 0.5678571428571428 0.5418781725888325 0.011428571428571429 0.031725888324873094
3 0.54 0.40609137055837563 0.009285714285714286 0.02284263959390863
3 0.5307142857142857 0.3362944162436548 0.007857142857142858 0.015228426395939087
3 0.5314285714285715 0.2563451776649746 0.009285714285714286 0.017766497461928935
3 0.5385714285714286 0.20939086294416243 0.007142857142857143 0.01903553299492386
3 0.5914285714285714 0.1713197969543147 0.007142857142857143 0.015228426395939087
3 0.5478571428571428 0.11421319796954314 0.0064285714285714285 0.013959390862944163
3 0.5571428571428572 0.10913705583756345 0.0064285714285714285 0.011421319796954314
3 0.5535714285714286 0.07741116751269035 0.005714285714285714 0.012690355329949238
3 0.5942857142857143 0.06725888324873096 0.005714285714285714 0.017766497461928935
3 0.5935714285714285 0.04949238578680203 0.005714285714285714 0.013959390862944163
6 0.5885714285714285 0.011421319796954314 0.007857142857142858 0.021573604060913704
6 0.5871428571428572 0.0 0.005714285714285714 0.01649746192893401
