3 0.3663883089770355 0.28014842300556586 0.026096033402922755 0.04081632653061224
3 0.38569937369519836 0.24489795918367346 0.02348643006263048 0.04267161410018553
3 0.05271398747390397 0.6066790352504638 0.0511482254697286 0.05009276437847866
3 0.22755741127348644 0.6855287569573284 0.04175365344467641 0.08163265306122448
3 0.267223382045929 0.6205936920222634 0.03496868475991649 0.05473098330241188
3 0.354384133611691 0.6790352504638218 0.03914405010438413 0.07884972170686456
3 0.37995824634655534 0.699443413729128 0.04018789144050104 0.08348794063079777
3 0.4979123173277662 0.764378478664193 0.03549060542797495 0.09183673469387756
3 0.6597077244258872 0.8237476808905381 0.03288100208768267 0.11317254174397032
3 0.6957202505219207 0.8487940630797773 0.03392484342379958 0.10946196660482375
3 0.7332985386221295 0.8747680890538033 0.032359081419624215 0.10575139146567718
4 0.8319415448851775 0.7838589981447124 0.02348643006263048 0.02411873840445269
1 0.8397703549060542 0.7829313543599258 0.010438413361169102 0.02411873840445269
3 0.8465553235908142 0.9415584415584416 0.03496868475991649 0.0575139146567718
3 0.8851774530271399 0.9721706864564007 0.03288100208768267 0.026901669758812616
2 0.4081419624217119 0.47959183673469385 0.016701461377870562 0.03432282003710575
8 0.41388308977035493 0.48608534322820035 0.027139874739039668 0.061224489795918366
3 0.447286012526096 0.487012987012987 0.029749478079331943 0.06679035250463822
2 0.5078288100208769 0.5027829313543599 0.022964509394572025 0.06679035250463822
8 0.5260960334029228 0.5074211502782932 0.037056367432150315 0.06586270871985157
2 0.5516701461377871 0.5306122448979592 0.02348643006263048 0.06493506493506493
3 0.5725469728601252 0.5695732838589982 0.028183716075156576 0.06957328385899815
3 0.6931106471816284 0.601113172541744 0.026096033402922755 0.07792207792207792
3 0.7254697286012526 0.6076066790352505 0.0255741127348643 0.07884972170686456
3 0.7834029227557411 0.6298701298701299 0.02661795407098121 0.08070500927643785
3 0.8872651356993737 0.673469387755102 0.030793319415448852 0.08719851576994433
