3 0.385 0.6 0.07357142857142857 0.08761904761904762
3 0.26857142857142857 0.5704761904761905 0.08071428571428571 0.09142857142857143
3 0.4907142857142857 0.8180952380952381 0.10357142857142858 0.1457142857142857
3 0.13857142857142857 0.42095238095238097 0.06285714285714286 0.07809523809523809
3 0.07428571428571429 0.3514285714285714 0.05714285714285714 0.0761904761904762
3 0.05785714285714286 0.047619047619047616 0.03642857142857143 0.04
3 0.075 0.27904761904761904 0.055714285714285716 0.06476190476190476
3 0.01 0.2761904761904762 0.056428571428571425 0.06380952380952382
4 0.41928571428571426 0.24095238095238095 0.009285714285714286 0.02095238095238095
1 0.7685714285714286 0.5428571428571428 0.008571428571428572 0.023809523809523808
1 0.775 0.539047619047619 0.0064285714285714285 0.02
1 0.7757142857142857 0.40095238095238095 0.015 0.03428571428571429
