1 0.024285714285714285 0.18857142857142858 0.007857142857142858 0.006666666666666667
1 0.02642857142857143 0.19428571428571428 0.0064285714285714285 0.009523809523809525
1 0.04071428571428572 0.18666666666666668 0.007142857142857143 0.008571428571428572
1 0.017142857142857144 0.22380952380952382 0.007857142857142858 0.006666666666666667
1 0.03142857142857143 0.24 0.005 0.007619047619047619
1 0.025714285714285714 0.2342857142857143 0.007142857142857143 0.007619047619047619
1 0.029285714285714286 0.23047619047619047 0.0064285714285714285 0.007619047619047619
1 0.023571428571428573 0.22857142857142856 0.0064285714285714285 0.005714285714285714
1 0.02 0.2733333333333333 0.011428571428571429 0.006666666666666667
1 0.02 0.28 0.011428571428571429 0.005714285714285714
1 0.02142857142857143 0.2866666666666667 0.010714285714285714 0.005714285714285714
1 0.019285714285714285 0.29619047619047617 0.012857142857142857 0.006666666666666667
1 0.02142857142857143 0.3038095238095238 0.01 0.008571428571428572
1 0.03857142857142857 0.319047619047619 0.005714285714285714 0.008571428571428572
1 0.04285714285714286 0.36666666666666664 0.009285714285714286 0.0038095238095238095
1 0.04642857142857143 0.37047619047619046 0.008571428571428572 0.006666666666666667
1 0.047857142857142855 0.37714285714285717 0.008571428571428572 0.007619047619047619
1 0.041428571428571426 0.3761904761904762 0.007857142857142858 0.007619047619047619
1 0.03785714285714286 0.4085714285714286 0.015 0.008571428571428572
1 0.062142857142857146 0.4942857142857143 0.008571428571428572 0.008571428571428572
1 0.07714285714285714 0.5171428571428571 0.01 0.005714285714285714
1 0.07071428571428572 0.5161904761904762 0.01 0.006666666666666667
1 0.06 0.6190476190476191 0.012142857142857143 0.004761904761904762
1 0.05857142857142857 0.6228571428571429 0.010714285714285714 0.004761904761904762
1 0.056428571428571425 0.6409523809523809 0.009285714285714286 0.008571428571428572
1 0.06428571428571428 0.6619047619047619 0.01 0.009523809523809525
1 0.06 0.6847619047619048 0.010714285714285714 0.0038095238095238095
1 0.05071428571428571 0.7133333333333334 0.012857142857142857 0.008571428571428572
1 0.06928571428571428 0.7114285714285714 0.009285714285714286 0.006666666666666667
1 0.06571428571428571 0.7276190476190476 0.009285714285714286 0.007619047619047619
1 0.07714285714285714 0.7266666666666667 0.01 0.007619047619047619
1 0.06285714285714286 0.6914285714285714 0.01 0.004761904761904762
1 0.08642857142857142 0.7552380952380953 0.01 0.006666666666666667
1 0.08285714285714285 0.861904761904762 0.013571428571428571 0.013333333333333334
1 0.08714285714285715 0.8771428571428571 0.011428571428571429 0.009523809523809525
1 0.06 0.9838095238095238 0.010714285714285714 0.012380952380952381
1 0.07357142857142857 0.9752380952380952 0.007857142857142858 0.008571428571428572
1 0.08357142857142857 0.960952380952381 0.011428571428571429 0.008571428571428572
1 0.08142857142857143 0.9704761904761905 0.009285714285714286 0.005714285714285714
2 0.27285714285714285 0.8 0.0064285714285714285 0.01619047619047619
4 0.28285714285714286 0.7761904761904762 0.008571428571428572 0.018095238095238095
3 0.5435714285714286 0.0038095238095238095 0.015714285714285715 0.03619047619047619
3 0.6078571428571429 0.09142857142857143 0.029285714285714286 0.021904761904761906
8 0.785 0.49523809523809526 0.018571428571428572 0.049523809523809526
8 0.84 0.4180952380952381 0.018571428571428572 0.03238095238095238
4 0.8178571428571428 0.3961904761904762 0.005714285714285714 0.015238095238095238
4 0.96 0.6371428571428571 0.008571428571428572 0.009523809523809525
3 0.9621428571428572 0.5819047619047619 0.025 0.039047619047619046
8 0.9007142857142857 0.4704761904761905 0.05 0.03238095238095238
3 0.5507142857142857 0.5219047619047619 0.015 0.039047619047619046
3 0.5714285714285714 0.4 0.013571428571428571 0.037142857142857144
8 0.5314285714285715 0.32 0.015 0.0380952380952381
