3 0.7907142857142857 0.9485714285714286 0.09142857142857143 0.05142857142857143
3 0.7557142857142857 0.88 0.09285714285714286 0.09428571428571429
3 0.725 0.8295238095238096 0.08214285714285714 0.07714285714285714
3 0.7085714285714285 0.78 0.06928571428571428 0.06666666666666667
3 0.6771428571428572 0.7371428571428571 0.08142857142857143 0.06380952380952382
3 0.6521428571428571 0.6885714285714286 0.075 0.06666666666666667
3 0.6292857142857143 0.6485714285714286 0.07357142857142857 0.06476190476190476
4 0.6621428571428571 0.6295238095238095 0.029285714285714286 0.025714285714285714
3 0.6071428571428571 0.6019047619047619 0.06642857142857143 0.06095238095238095
3 0.595 0.560952380952381 0.07 0.05047619047619047
1 0.6735714285714286 0.5857142857142857 0.014285714285714285 0.029523809523809525
1 0.6971428571428572 0.5866666666666667 0.011428571428571429 0.03142857142857143
1 0.6864285714285714 0.5752380952380952 0.01 0.03142857142857143
1 0.7014285714285714 0.5685714285714286 0.010714285714285714 0.029523809523809525
1 0.6885714285714286 0.5571428571428572 0.010714285714285714 0.03238095238095238
1 0.74 0.6104761904761905 0.014285714285714285 0.01619047619047619
1 0.7335714285714285 0.5904761904761905 0.011428571428571429 0.011428571428571429
1 0.7542857142857143 0.638095238095238 0.01 0.01904761904761905
1 0.7692857142857142 0.6457142857142857 0.014285714285714285 0.023809523809523808
1 0.7957142857142857 0.6247619047619047 0.011428571428571429 0.018095238095238095
1 0.6021428571428571 0.5161904761904762 0.008571428571428572 0.03428571428571429
1 0.6114285714285714 0.520952380952381 0.01 0.029523809523809525
1 0.6207142857142857 0.5266666666666666 0.012857142857142857 0.030476190476190476
4 0.6135714285714285 0.5314285714285715 0.023571428571428573 0.02761904761904762
1 0.4471428571428571 0.5085714285714286 0.01 0.025714285714285714
1 0.44357142857142856 0.5028571428571429 0.007142857142857143 0.02761904761904762
1 0.4407142857142857 0.49523809523809526 0.009285714285714286 0.02761904761904762
3 0.46214285714285713 0.4638095238095238 0.06357142857142857 0.049523809523809526
4 0.54 0.47619047619047616 0.027857142857142858 0.017142857142857144
1 0.55 0.4704761904761905 0.012142857142857143 0.02761904761904762
3 0.5235714285714286 0.44571428571428573 0.05928571428571429 0.040952380952380955
3 0.49785714285714283 0.4114285714285714 0.06857142857142857 0.054285714285714284
3 0.49357142857142855 0.40095238095238095 0.062142857142857146 0.037142857142857144
3 0.48642857142857143 0.379047619047619 0.05928571428571429 0.039047619047619046
3 0.475 0.3580952380952381 0.060714285714285714 0.040952380952380955
4 0.5092857142857142 0.3333333333333333 0.016428571428571428 0.022857142857142857
1 0.5121428571428571 0.3295238095238095 0.009285714285714286 0.01904761904761905
1 0.5478571428571428 0.31238095238095237 0.007142857142857143 0.01904761904761905
1 0.46214285714285713 0.28095238095238095 0.0064285714285714285 0.013333333333333334
1 0.4735714285714286 0.24476190476190476 0.008571428571428572 0.024761904761904763
1 0.485 0.23904761904761904 0.005714285714285714 0.024761904761904763
1 0.4928571428571429 0.23238095238095238 0.009285714285714286 0.02095238095238095
1 0.5064285714285715 0.24571428571428572 0.007142857142857143 0.022857142857142857
3 0.41928571428571426 0.24476190476190476 0.04285714285714286 0.029523809523809525
3 0.4114285714285714 0.23238095238095238 0.04428571428571428 0.023809523809523808
3 0.3742857142857143 0.1657142857142857 0.04071428571428572 0.023809523809523808
3 0.37714285714285717 0.1361904761904762 0.03642857142857143 0.035238095238095235
3 0.37714285714285717 0.06285714285714286 0.03214285714285714 0.02
3 0.37357142857142855 0.05333333333333334 0.03142857142857143 0.02
3 0.33714285714285713 0.08571428571428572 0.019285714285714285 0.02666666666666667
3 0.33 0.07428571428571429 0.015 0.02095238095238095
3 0.32357142857142857 0.05523809523809524 0.017142857142857144 0.025714285714285714
3 0.4342857142857143 0.7495238095238095 0.06428571428571428 0.11714285714285715
4 0.4585714285714286 0.6209523809523809 0.016428571428571428 0.04380952380952381
4 0.42857142857142855 0.5819047619047619 0.015 0.037142857142857144
1 0.018571428571428572 0.9114285714285715 0.02214285714285714 0.035238095238095235
1 0.025714285714285714 0.8847619047619047 0.019285714285714285 0.035238095238095235
1 0.03785714285714286 0.8857142857142857 0.02142857142857143 0.0380952380952381
1 0.045714285714285714 0.8628571428571429 0.018571428571428572 0.03238095238095238
4 0.05285714285714286 0.86 0.02142857142857143 0.04476190476190476
3 0.06928571428571428 0.8342857142857143 0.05071428571428571 0.12666666666666668
3 0.12142857142857143 0.799047619047619 0.05071428571428571 0.1180952380952381
4 0.11785714285714285 0.7876190476190477 0.013571428571428571 0.03619047619047619
2 0.047857142857142855 0.7771428571428571 0.017857142857142856 0.04285714285714286
1 0.04857142857142857 0.7771428571428571 0.013571428571428571 0.022857142857142857
1 0.09928571428571428 0.7 0.017142857142857144 0.035238095238095235
1 0.10071428571428571 0.6857142857142857 0.017142857142857144 0.0380952380952381
1 0.0035714285714285713 0.7228571428571429 0.013571428571428571 0.017142857142857144
1 0.008571428571428572 0.6923809523809524 0.011428571428571429 0.014285714285714285
1 0.015714285714285715 0.6857142857142857 0.01 0.017142857142857144
3 0.11214285714285714 0.5838095238095238 0.04285714285714286 0.08285714285714285
1 0.054285714285714284 0.5552380952380952 0.011428571428571429 0.01619047619047619
1 0.05714285714285714 0.5466666666666666 0.015 0.02095238095238095
1 0.039285714285714285 0.5114285714285715 0.011428571428571429 0.01904761904761905
1 0.025 0.5123809523809524 0.017142857142857144 0.01904761904761905
1 0.027857142857142858 0.4980952380952381 0.011428571428571429 0.02095238095238095
1 0.04285714285714286 0.49523809523809526 0.01 0.01619047619047619
1 0.04857142857142857 0.5028571428571429 0.010714285714285714 0.02
1 0.10285714285714286 0.4942857142857143 0.014285714285714285 0.03238095238095238
1 0.0 0.5095238095238095 0.011428571428571429 0.02761904761904762
1 0.10714285714285714 0.4057142857142857 0.015 0.02761904761904762
1 0.07642857142857143 0.42952380952380953 0.01 0.013333333333333334
1 0.07285714285714286 0.43714285714285717 0.008571428571428572 0.017142857142857144
1 0.05928571428571429 0.43523809523809526 0.007857142857142858 0.018095238095238095
1 0.06857142857142857 0.4257142857142857 0.008571428571428572 0.013333333333333334
1 0.05928571428571429 0.4266666666666667 0.008571428571428572 0.015238095238095238
1 0.03214285714285714 0.44095238095238093 0.015714285714285715 0.017142857142857144
1 0.008571428571428572 0.44476190476190475 0.01 0.02095238095238095
1 0.027142857142857142 0.4219047619047619 0.007857142857142858 0.014285714285714285
1 0.03357142857142857 0.43238095238095237 0.012142857142857143 0.013333333333333334
1 0.03571428571428571 0.42095238095238097 0.010714285714285714 0.015238095238095238
1 0.03785714285714286 0.4104761904761905 0.014285714285714285 0.02095238095238095
1 0.062142857142857146 0.4 0.012142857142857143 0.014285714285714285
1 0.06285714285714286 0.38952380952380955 0.008571428571428572 0.013333333333333334
1 0.07 0.38666666666666666 0.010714285714285714 0.014285714285714285
1 0.07071428571428572 0.37142857142857144 0.01 0.012380952380952381
1 0.06571428571428571 0.3504761904761905 0.010714285714285714 0.013333333333333334
1 0.05785714285714286 0.3466666666666667 0.009285714285714286 0.013333333333333334
1 0.06785714285714285 0.34095238095238095 0.008571428571428572 0.010476190476190476
1 0.07785714285714286 0.3495238095238095 0.008571428571428572 0.011428571428571429
1 0.07714285714285714 0.33904761904761904 0.01 0.013333333333333334
1 0.024285714285714285 0.3180952380952381 0.01 0.013333333333333334
1 0.03642857142857143 0.31523809523809526 0.009285714285714286 0.014285714285714285
1 0.04285714285714286 0.3019047619047619 0.007142857142857143 0.012380952380952381
1 0.04857142857142857 0.3028571428571429 0.008571428571428572 0.011428571428571429
1 0.055714285714285716 0.3019047619047619 0.009285714285714286 0.014285714285714285
1 0.056428571428571425 0.2923809523809524 0.009285714285714286 0.011428571428571429
1 0.05285714285714286 0.2780952380952381 0.007142857142857143 0.013333333333333334
1 0.05928571428571429 0.28285714285714286 0.008571428571428572 0.009523809523809525
1 0.06 0.2733333333333333 0.007142857142857143 0.010476190476190476
1 0.06714285714285714 0.27904761904761904 0.009285714285714286 0.012380952380952381
1 0.02214285714285714 0.2838095238095238 0.007857142857142858 0.014285714285714285
1 0.04 0.27904761904761904 0.009285714285714286 0.013333333333333334
1 0.03214285714285714 0.27714285714285714 0.009285714285714286 0.011428571428571429
1 0.04214285714285714 0.26571428571428574 0.007857142857142858 0.011428571428571429
1 0.02642857142857143 0.26571428571428574 0.0064285714285714285 0.010476190476190476
1 0.011428571428571429 0.24 0.012857142857142857 0.022857142857142857
1 0.045 0.24666666666666667 0.007857142857142858 0.011428571428571429
1 0.08 0.2542857142857143 0.008571428571428572 0.01619047619047619
1 0.08785714285714286 0.25333333333333335 0.007857142857142858 0.012380952380952381
1 0.05142857142857143 0.2619047619047619 0.007857142857142858 0.010476190476190476
1 0.060714285714285714 0.26285714285714284 0.007142857142857143 0.011428571428571429
1 0.06285714285714286 0.2561904761904762 0.007857142857142858 0.010476190476190476
4 0.13285714285714287 0.35428571428571426 0.020714285714285713 0.015238095238095238
3 0.12928571428571428 0.3047619047619048 0.02857142857142857 0.04380952380952381
3 0.21071428571428572 0.025714285714285714 0.012857142857142857 0.023809523809523808
3 0.23285714285714285 0.039047619047619046 0.015 0.02
3 0.22642857142857142 0.008571428571428572 0.015714285714285715 0.02
