1 0.4315 0.922 0.007 0.018666666666666668
1 0.4385 0.9226666666666666 0.005 0.014
3 0.466 0.852 0.0525 0.048666666666666664
3 0.4455 0.7633333333333333 0.048 0.03866666666666667
3 0.433 0.6893333333333334 0.0435 0.03133333333333333
1 0.535 0.688 0.007 0.018666666666666668
3 0.8965 0.7353333333333333 0.0475 0.05266666666666667
3 0.731 0.652 0.0305 0.044
1 0.7535 0.5646666666666667 0.006 0.012
1 0.758 0.56 0.005 0.013333333333333334
2 0.75 0.564 0.01 0.016666666666666666
8 0.6875 0.504 0.034 0.04666666666666667
8 0.674 0.43266666666666664 0.077 0.09666666666666666
3 0.487 0.526 0.035 0.023333333333333334
3 0.41 0.538 0.036 0.028
3 0.4775 0.48933333333333334 0.0305 0.020666666666666667
3 0.4025 0.49133333333333334 0.03 0.022
3 0.3955 0.45266666666666666 0.0285 0.019333333333333334
3 0.3925 0.438 0.029 0.022
3 0.4625 0.44533333333333336 0.0285 0.018666666666666668
3 0.4505 0.416 0.026 0.019333333333333334
3 0.4455 0.40066666666666667 0.0265 0.016666666666666666
3 0.4285 0.37133333333333335 0.024 0.016
3 0.4355 0.362 0.0225 0.013333333333333334
3 0.4285 0.3433333333333333 0.0225 0.013333333333333334
3 0.4275 0.33 0.0205 0.012666666666666666
3 0.374 0.33466666666666667 0.0225 0.014
3 0.3785 0.352 0.022 0.014666666666666666
3 0.3835 0.362 0.021 0.013333333333333334
1 0.3865 0.4866666666666667 0.005 0.014666666666666666
1 0.3815 0.48 0.004 0.012666666666666666
1 0.3905 0.48 0.0045 0.013333333333333334
1 0.3765 0.4886666666666667 0.004 0.013333333333333334
3 0.3445 0.2886666666666667 0.0175 0.013333333333333334
1 0.3685 0.32866666666666666 0.004 0.010666666666666666
3 0.3505 0.32466666666666666 0.015 0.016
1 0.365 0.33066666666666666 0.0025 0.009333333333333334
1 0.8245 0.36466666666666664 0.004 0.012
3 0.5675 0.2986666666666667 0.0135 0.016
8 0.551 0.2733333333333333 0.014 0.02
3 0.452 0.30333333333333334 0.0185 0.011333333333333334
3 0.454 0.27666666666666667 0.016 0.01
1 0.4305 0.248 0.003 0.009333333333333334
1 0.4585 0.25733333333333336 0.0025 0.008666666666666666
3 0.508 0.258 0.0105 0.014666666666666666
3 0.521 0.258 0.0095 0.010666666666666666
2 0.524 0.2826666666666667 0.0065 0.01
1 0.669 0.322 0.004 0.012666666666666666
3 0.3865 0.20133333333333334 0.0125 0.007333333333333333
3 0.384 0.19533333333333333 0.013 0.008666666666666666
3 0.3635 0.198 0.0115 0.008666666666666666
3 0.478 0.21 0.008 0.012666666666666666
3 0.5055 0.18466666666666667 0.0125 0.007333333333333333
3 0.532 0.17266666666666666 0.011 0.008
3 0.5605 0.15933333333333333 0.0095 0.006666666666666667
3 0.5505 0.17066666666666666 0.0135 0.008666666666666666
3 0.5375 0.16133333333333333 0.007 0.008
3 0.484 0.17 0.013 0.006666666666666667
3 0.4435 0.14266666666666666 0.0045 0.006
3 0.456 0.15066666666666667 0.005 0.006666666666666667
3 0.4305 0.15133333333333332 0.0065 0.007333333333333333
8 0.58 0.392 0.031 0.04733333333333333
