3 0.0 0.9 0.034 0.05333333333333334
3 0.0 0.8466666666666667 0.0615 0.05333333333333334
3 0.035 0.8066666666666666 0.075 0.05266666666666667
3 0.0755 0.788 0.0605 0.034666666666666665
3 0.0965 0.7593333333333333 0.0615 0.03866666666666667
3 0.1505 0.7226666666666667 0.0255 0.038
3 0.21 0.756 0.0335 0.05733333333333333
3 0.084 0.7226666666666667 0.0265 0.03866666666666667
3 0.088 0.688 0.0215 0.03333333333333333
3 0.0465 0.7106666666666667 0.029 0.03266666666666666
3 0.009 0.7226666666666667 0.0395 0.034
3 0.0 0.7673333333333333 0.0325 0.042
3 0.1585 0.6913333333333334 0.0215 0.03333333333333333
3 0.1895 0.644 0.018 0.04466666666666667
3 0.238 0.6946666666666667 0.0195 0.038
3 0.2375 0.7306666666666667 0.061 0.034666666666666665
3 0.2835 0.708 0.0485 0.034
3 0.248 0.7533333333333333 0.058 0.04133333333333333
3 0.2505 0.77 0.066 0.04733333333333333
3 0.2525 0.7986666666666666 0.0645 0.078
3 0.484 0.8426666666666667 0.0415 0.07933333333333334
1 0.5005 0.942 0.0115 0.044
1 0.4895 0.956 0.0095 0.04
1 0.3035 0.9406666666666667 0.0095 0.034666666666666665
1 0.2905 0.9313333333333333 0.012 0.034666666666666665
1 0.283 0.9426666666666667 0.0135 0.03
1 0.2295 0.886 0.0125 0.03666666666666667
1 0.0125 0.6793333333333333 0.0085 0.020666666666666667
1 0.023 0.666 0.0075 0.024
1 0.0305 0.69 0.0065 0.019333333333333334
3 0.1035 0.568 0.0215 0.02266666666666667
3 0.074 0.546 0.017 0.02
3 0.1635 0.6566666666666666 0.02 0.025333333333333333
3 0.24 0.6413333333333333 0.0165 0.030666666666666665
3 0.2355 0.6206666666666667 0.0175 0.024666666666666667
3 0.234 0.5993333333333334 0.016 0.022
3 0.2325 0.5826666666666667 0.0145 0.018666666666666668
3 0.23 0.5653333333333334 0.0135 0.015333333333333332
3 0.2295 0.5506666666666666 0.012 0.015333333333333332
3 0.228 0.5366666666666666 0.0105 0.015333333333333332
3 0.227 0.5226666666666666 0.011 0.012
3 0.226 0.5073333333333333 0.008 0.011333333333333334
3 0.087 0.52 0.021 0.012666666666666666
3 0.093 0.5253333333333333 0.017 0.012
3 0.1005 0.5273333333333333 0.017 0.012
3 0.106 0.5306666666666666 0.0155 0.012
3 0.1085 0.534 0.022 0.014666666666666666
3 0.167 0.6166666666666667 0.0205 0.030666666666666665
3 0.1675 0.5993333333333334 0.022 0.024
3 0.172 0.5866666666666667 0.0185 0.020666666666666667
3 0.1765 0.5653333333333334 0.017 0.02266666666666667
3 0.1795 0.5546666666666666 0.0155 0.018
3 0.185 0.5246666666666666 0.013 0.023333333333333334
3 0.1905 0.5053333333333333 0.0105 0.012
3 0.2065 0.5073333333333333 0.009 0.013333333333333334
3 0.223 0.49266666666666664 0.01 0.011333333333333334
3 0.224 0.488 0.008 0.009333333333333334
3 0.2245 0.4826666666666667 0.007 0.008
3 0.2245 0.4706666666666667 0.006 0.011333333333333334
3 0.224 0.46 0.006 0.011333333333333334
3 0.223 0.4493333333333333 0.006 0.009333333333333334
3 0.223 0.44533333333333336 0.005 0.005333333333333333
3 0.222 0.44 0.004 0.006
3 0.222 0.43266666666666664 0.003 0.005333333333333333
3 0.1585 0.466 0.0155 0.009333333333333334
3 0.152 0.4653333333333333 0.0145 0.009333333333333334
3 0.143 0.4633333333333333 0.0135 0.008
1 0.1485 0.478 0.0025 0.009333333333333334
1 0.157 0.48733333333333334 0.003 0.01
1 0.173 0.7926666666666666 0.011 0.02666666666666667
1 0.165 0.7993333333333333 0.007 0.02266666666666667
1 0.2595 0.8706666666666667 0.0125 0.03666666666666667
4 0.258 0.88 0.0165 0.024666666666666667
1 0.128 0.6886666666666666 0.007 0.024666666666666667
1 0.025 0.6253333333333333 0.0065 0.011333333333333334
4 0.486 0.7233333333333334 0.0095 0.024
8 0.5005 0.7506666666666667 0.0575 0.044
3 0.551 0.7626666666666667 0.046 0.058
3 0.5835 0.81 0.06 0.068
3 0.6595 0.874 0.0675 0.056666666666666664
1 0.5775 0.9506666666666667 0.008 0.04
1 0.6475 0.9373333333333334 0.0115 0.04666666666666667
1 0.641 0.9453333333333334 0.0115 0.04466666666666667
1 0.618 0.9286666666666666 0.009 0.034
1 0.6245 0.9373333333333334 0.0095 0.028666666666666667
4 0.623 0.9453333333333334 0.0155 0.030666666666666665
4 0.4495 0.9086666666666666 0.0285 0.023333333333333334
1 0.524 0.8833333333333333 0.01 0.04
1 0.5495 0.8953333333333333 0.012 0.03866666666666667
1 0.573 0.8926666666666667 0.0085 0.038
1 0.5705 0.8746666666666667 0.0115 0.025333333333333333
1 0.552 0.87 0.0105 0.034666666666666665
1 0.612 0.876 0.007 0.03866666666666667
1 0.626 0.882 0.0095 0.034
1 0.646 0.838 0.0085 0.029333333333333333
1 0.592 0.866 0.009 0.024666666666666667
1 0.6 0.874 0.009 0.036
1 0.604 0.8633333333333333 0.0095 0.019333333333333334
1 0.616 0.8693333333333333 0.008 0.037333333333333336
1 0.6155 0.8573333333333333 0.0065 0.02666666666666667
1 0.6105 0.8493333333333334 0.0075 0.02666666666666667
1 0.626 0.858 0.008 0.021333333333333333
1 0.6365 0.8506666666666667 0.0085 0.02266666666666667
1 0.703 0.826 0.011 0.029333333333333333
1 0.809 0.8326666666666667 0.0095 0.032
1 0.766 0.794 0.008 0.02
1 0.7495 0.8006666666666666 0.0125 0.015333333333333332
1 0.8195 0.7686666666666667 0.0095 0.018
1 0.854 0.782 0.0075 0.028
1 0.8555 0.804 0.0105 0.026
4 0.851 0.8086666666666666 0.0155 0.028
1 0.8125 0.7306666666666667 0.0105 0.027333333333333334
1 0.822 0.7366666666666667 0.0065 0.02
1 0.871 0.7346666666666667 0.005 0.024666666666666667
1 0.8805 0.738 0.005 0.028
2 0.7925 0.694 0.014 0.017333333333333333
3 0.877 0.7953333333333333 0.056 0.046
3 0.954 0.758 0.046 0.043333333333333335
3 0.9215 0.82 0.0775 0.068
3 0.933 0.8506666666666667 0.0655 0.05533333333333333
3 0.8275 0.7066666666666667 0.0605 0.04466666666666667
3 0.8895 0.6893333333333334 0.042 0.03333333333333333
3 0.8855 0.6773333333333333 0.054 0.034666666666666665
3 0.905 0.6733333333333333 0.06 0.037333333333333336
3 0.93 0.6693333333333333 0.0555 0.036
3 0.849 0.5786666666666667 0.0285 0.024666666666666667
3 0.891 0.5733333333333334 0.036 0.02266666666666667
3 0.9025 0.5966666666666667 0.039 0.02666666666666667
3 0.9525 0.612 0.044 0.03133333333333333
3 0.9565 0.5773333333333334 0.0395 0.018666666666666668
3 0.887 0.5466666666666666 0.031 0.015333333333333332
3 0.7935 0.524 0.0225 0.016
3 0.7555 0.546 0.0245 0.016
1 0.9925 0.69 0.007 0.025333333333333333
3 0.873 0.9366666666666666 0.074 0.06333333333333334
4 0.9465 0.924 0.031 0.046
1 0.9805 0.9133333333333333 0.0145 0.037333333333333336
1 0.4355 0.8306666666666667 0.01 0.029333333333333333
1 0.429 0.8046666666666666 0.0125 0.021333333333333333
1 0.4395 0.798 0.0095 0.016666666666666666
1 0.4415 0.8126666666666666 0.01 0.009333333333333334
1 0.4455 0.8186666666666667 0.008 0.02
3 0.2895 0.8806666666666667 0.072 0.068
3 0.653 0.4826666666666667 0.0195 0.012
3 0.597 0.4653333333333333 0.014 0.010666666666666666
3 0.6255 0.4513333333333333 0.0125 0.008
3 0.6125 0.4513333333333333 0.013 0.009333333333333334
3 0.591 0.4493333333333333 0.013 0.008
3 0.579 0.45 0.011 0.009333333333333334
3 0.6585 0.44866666666666666 0.012 0.008666666666666666
3 0.625 0.446 0.0085 0.006666666666666667
3 0.547 0.46 0.011 0.01
3 0.4625 0.484 0.0115 0.013333333333333334
6 0.4395 0.4706666666666667 0.0195 0.022
3 0.4335 0.522 0.019 0.011333333333333334
8 0.382 0.5006666666666667 0.037 0.016666666666666666
3 0.357 0.4866666666666667 0.0195 0.009333333333333334
3 0.383 0.486 0.02 0.009333333333333334
8 0.371 0.4746666666666667 0.0205 0.012666666666666666
3 0.422 0.472 0.017 0.008
3 0.412 0.4646666666666667 0.016 0.009333333333333334
8 0.405 0.45866666666666667 0.017 0.008
3 0.4015 0.456 0.0125 0.008
3 0.3955 0.454 0.01 0.006666666666666667
8 0.3795 0.442 0.0165 0.010666666666666666
8 0.375 0.438 0.019 0.014666666666666666
