1 0.35214285714285715 0.699047619047619 0.02214285714285714 0.04285714285714286
1 0.3678571428571429 0.6933333333333334 0.018571428571428572 0.03428571428571429
1 0.375 0.6828571428571428 0.023571428571428573 0.035238095238095235
1 0.3821428571428571 0.660952380952381 0.019285714285714285 0.04380952380952381
1 0.39357142857142857 0.6523809523809524 0.02142857142857143 0.035238095238095235
1 0.4764285714285714 0.5171428571428571 0.015 0.037142857142857144
1 0.4707142857142857 0.5266666666666666 0.015714285714285715 0.03619047619047619
1 0.8642857142857143 0.4714285714285714 0.017142857142857144 0.037142857142857144
1 0.45 0.18666666666666668 0.012857142857142857 0.02
1 0.4585714285714286 0.18285714285714286 0.008571428571428572 0.023809523809523808
1 0.46285714285714286 0.18476190476190477 0.012142857142857143 0.01619047619047619
1 0.5535714285714286 0.28 0.012142857142857143 0.022857142857142857
1 0.5692857142857143 0.2838095238095238 0.009285714285714286 0.02
1 0.5792857142857143 0.2923809523809524 0.009285714285714286 0.023809523809523808
1 0.5764285714285714 0.27714285714285714 0.012142857142857143 0.02
1 0.5807142857142857 0.2571428571428571 0.009285714285714286 0.017142857142857144
1 0.6035714285714285 0.2542857142857143 0.007142857142857143 0.023809523809523808
1 0.5957142857142858 0.2723809523809524 0.010714285714285714 0.025714285714285714
1 0.5885714285714285 0.27904761904761904 0.007857142857142858 0.029523809523809525
1 0.5442857142857143 0.29619047619047617 0.014285714285714285 0.03619047619047619
1 0.5321428571428571 0.20857142857142857 0.010714285714285714 0.021904761904761906
1 0.5478571428571428 0.20285714285714285 0.008571428571428572 0.021904761904761906
1 0.555 0.1961904761904762 0.009285714285714286 0.021904761904761906
1 0.5628571428571428 0.19714285714285715 0.012142857142857143 0.01619047619047619
1 0.565 0.1819047619047619 0.011428571428571429 0.023809523809523808
