1 0.40785714285714286 0.9695238095238096 0.010714285714285714 0.01904761904761905
1 0.42 0.9761904761904762 0.011428571428571429 0.014285714285714285
4 0.5485714285714286 0.9342857142857143 0.015 0.0380952380952381
1 0.55 0.9447619047619048 0.012142857142857143 0.022857142857142857
1 0.5585714285714286 0.9638095238095238 0.009285714285714286 0.02095238095238095
1 0.45 0.8857142857142857 0.009285714285714286 0.021904761904761906
1 0.425 0.8961904761904762 0.010714285714285714 0.013333333333333334
1 0.39714285714285713 0.8923809523809524 0.01 0.02
4 0.4014285714285714 0.94 0.02857142857142857 0.01619047619047619
4 0.3707142857142857 0.9657142857142857 0.010714285714285714 0.03428571428571429
1 0.42142857142857143 0.8314285714285714 0.02 0.015238095238095238
1 0.4064285714285714 0.819047619047619 0.011428571428571429 0.017142857142857144
1 0.4057142857142857 0.7971428571428572 0.012142857142857143 0.015238095238095238
1 0.45785714285714285 0.76 0.010714285714285714 0.018095238095238095
3 0.5292857142857142 0.7504761904761905 0.03142857142857143 0.08190476190476191
1 0.5721428571428572 0.82 0.013571428571428571 0.014285714285714285
4 0.375 0.7342857142857143 0.018571428571428572 0.01619047619047619
4 0.37714285714285717 0.719047619047619 0.018571428571428572 0.012380952380952381
4 0.37857142857142856 0.700952380952381 0.020714285714285713 0.015238095238095238
1 0.475 0.5352380952380953 0.007857142857142858 0.011428571428571429
4 0.5714285714285714 0.7028571428571428 0.03 0.017142857142857144
4 0.5792857142857143 0.6752380952380952 0.02142857142857143 0.015238095238095238
2 0.5792857142857143 0.6066666666666667 0.014285714285714285 0.02666666666666667
2 0.5935714285714285 0.5933333333333334 0.019285714285714285 0.017142857142857144
4 0.5792857142857143 0.5857142857142857 0.023571428571428573 0.024761904761904763
2 0.5764285714285714 0.5780952380952381 0.02214285714285714 0.018095238095238095
1 0.5871428571428572 0.5533333333333333 0.014285714285714285 0.013333333333333334
1 0.605 0.5647619047619048 0.008571428571428572 0.011428571428571429
1 0.46214285714285713 0.47904761904761906 0.007857142857142858 0.015238095238095238
1 0.5157142857142857 0.4723809523809524 0.012142857142857143 0.013333333333333334
1 0.5492857142857143 0.4895238095238095 0.010714285714285714 0.015238095238095238
1 0.5414285714285715 0.4828571428571429 0.011428571428571429 0.015238095238095238
1 0.5978571428571429 0.5333333333333333 0.010714285714285714 0.012380952380952381
1 0.47214285714285714 0.43523809523809526 0.010714285714285714 0.010476190476190476
3 0.405 0.4419047619047619 0.05357142857142857 0.03142857142857143
3 0.4042857142857143 0.3961904761904762 0.06571428571428571 0.035238095238095235
3 0.4007142857142857 0.32476190476190475 0.06428571428571428 0.06190476190476191
3 0.5685714285714286 0.36095238095238097 0.030714285714285715 0.09142857142857143
2 0.61 0.3780952380952381 0.012142857142857143 0.029523809523809525
2 0.6178571428571429 0.38666666666666666 0.010714285714285714 0.025714285714285714
1 0.3264285714285714 0.40476190476190477 0.012142857142857143 0.009523809523809525
4 0.5014285714285714 0.31523809523809526 0.010714285714285714 0.04
1 0.5007142857142857 0.32571428571428573 0.01 0.018095238095238095
1 0.5407142857142857 0.3057142857142857 0.010714285714285714 0.015238095238095238
1 0.5192857142857142 0.2580952380952381 0.01 0.025714285714285714
1 0.5757142857142857 0.29714285714285715 0.007857142857142858 0.015238095238095238
1 0.5835714285714285 0.29619047619047617 0.007142857142857143 0.017142857142857144
2 0.6442857142857142 0.26761904761904765 0.027142857142857142 0.024761904761904763
3 0.6371428571428571 0.17238095238095238 0.05928571428571429 0.04
3 0.38571428571428573 0.19238095238095237 0.041428571428571426 0.09047619047619047
3 0.4092857142857143 0.13142857142857142 0.04285714285714286 0.08285714285714285
1 0.46214285714285713 0.1838095238095238 0.005714285714285714 0.01619047619047619
1 0.4685714285714286 0.1838095238095238 0.007142857142857143 0.011428571428571429
1 0.46785714285714286 0.17142857142857143 0.008571428571428572 0.012380952380952381
1 0.5121428571428571 0.1657142857142857 0.010714285714285714 0.02
1 0.48428571428571426 0.10285714285714286 0.01 0.022857142857142857
1 0.5378571428571428 0.1419047619047619 0.01 0.01904761904761905
1 0.5407142857142857 0.1219047619047619 0.009285714285714286 0.015238095238095238
1 0.5642857142857143 0.12476190476190477 0.008571428571428572 0.010476190476190476
3 0.3678571428571429 0.09333333333333334 0.03357142857142857 0.09142857142857143
3 0.255 0.3504761904761905 0.060714285714285714 0.0380952380952381
3 0.27785714285714286 0.41714285714285715 0.05142857142857143 0.047619047619047616
3 0.21071428571428572 0.24857142857142858 0.06785714285714285 0.0380952380952381
3 0.2857142857142857 0.24952380952380954 0.060714285714285714 0.040952380952380955
3 0.02857142857142857 0.3923809523809524 0.03571428571428571 0.07809523809523809
3 0.0 0.23809523809523808 0.05142857142857143 0.0419047619047619
