3 0.7507142857142857 0.7561904761904762 0.11 0.22666666666666666
3 0.7928571428571428 0.5323809523809524 0.11142857142857143 0.19714285714285715
3 0.0 0.8323809523809523 0.09142857142857143 0.1
3 0.34714285714285714 0.96 0.12785714285714286 0.039047619047619046
3 0.30714285714285716 0.8419047619047619 0.15714285714285714 0.11523809523809524
3 0.2885714285714286 0.7333333333333333 0.16857142857142857 0.1180952380952381
3 0.29928571428571427 0.6476190476190476 0.14 0.09047619047619047
3 0.2864285714285714 0.5419047619047619 0.14142857142857143 0.10476190476190476
3 0.2907142857142857 0.4714285714285714 0.13214285714285715 0.08476190476190476
3 0.2914285714285714 0.40095238095238095 0.12642857142857142 0.07523809523809524
3 0.29642857142857143 0.32476190476190475 0.1 0.08
3 0.29714285714285715 0.2752380952380952 0.09714285714285714 0.06
3 0.28 0.22095238095238096 0.11214285714285714 0.06190476190476191
3 0.2742857142857143 0.0761904761904762 0.10357142857142858 0.05523809523809524
3 0.275 0.03619047619047619 0.09285714285714286 0.049523809523809526
3 0.27214285714285713 0.0 0.09714285714285714 0.054285714285714284
3 0.27785714285714286 0.12 0.10571428571428572 0.06666666666666667
4 0.3157142857142857 0.1961904761904762 0.047857142857142855 0.03238095238095238
4 0.16142857142857142 0.34285714285714286 0.03142857142857143 0.05238095238095238
2 0.14785714285714285 0.38476190476190475 0.045 0.03428571428571429
4 0.17714285714285713 0.28 0.017142857142857144 0.05142857142857143
1 0.7078571428571429 0.3180952380952381 0.02 0.04857142857142857
2 0.12142857142857143 0.5885714285714285 0.039285714285714285 0.06571428571428571
2 0.12 0.5552380952380952 0.03642857142857143 0.06380952380952382
1 0.7985714285714286 0.0019047619047619048 0.02214285714285714 0.04285714285714286
3 0.8157142857142857 0.0 0.06 0.05619047619047619
3 0.8828571428571429 0.0 0.05857142857142857 0.04285714285714286
1 0.9771428571428571 0.1019047619047619 0.02214285714285714 0.04476190476190476
1 0.9771428571428571 0.7752380952380953 0.022857142857142857 0.021904761904761906
