8 0.6978571428571428 0.1 0.005714285714285714 0.012380952380952381
8 0.7278571428571429 0.07523809523809524 0.0064285714285714285 0.007619047619047619
8 0.7392857142857143 0.06476190476190476 0.0035714285714285713 0.008571428571428572
8 0.7478571428571429 0.06 0.0064285714285714285 0.008571428571428572
3 0.7064285714285714 0.09333333333333334 0.0035714285714285713 0.005714285714285714
3 0.7164285714285714 0.08571428571428572 0.004285714285714286 0.0038095238095238095
3 0.018571428571428572 0.5057142857142857 0.015714285714285715 0.012380952380952381
3 0.060714285714285714 0.4876190476190476 0.017857142857142856 0.015238095238095238
3 0.07785714285714286 0.4857142857142857 0.012857142857142857 0.012380952380952381
3 0.08928571428571429 0.47714285714285715 0.012142857142857143 0.012380952380952381
3 0.09857142857142857 0.4723809523809524 0.012142857142857143 0.013333333333333334
3 0.10714285714285714 0.4657142857142857 0.012857142857142857 0.013333333333333334
3 0.11857142857142858 0.46 0.009285714285714286 0.011428571428571429
3 0.15357142857142858 0.4361904761904762 0.01 0.012380952380952381
3 0.18571428571428572 0.4123809523809524 0.012142857142857143 0.014285714285714285
3 0.13071428571428573 0.44666666666666666 0.013571428571428571 0.015238095238095238
3 0.24428571428571427 0.820952380952381 0.024285714285714285 0.03142857142857143
3 0.21714285714285714 0.4076190476190476 0.012857142857142857 0.011428571428571429
3 0.2257142857142857 0.40285714285714286 0.011428571428571429 0.012380952380952381
3 0.21714285714285714 0.3942857142857143 0.009285714285714286 0.012380952380952381
8 0.18071428571428572 0.46095238095238095 0.05714285714285714 0.05619047619047619
3 0.305 0.3780952380952381 0.01 0.008571428571428572
3 0.37214285714285716 0.32761904761904764 0.014285714285714285 0.009523809523809525
3 0.455 0.3 0.01 0.011428571428571429
3 0.5135714285714286 0.24952380952380954 0.007142857142857143 0.009523809523809525
3 0.5935714285714285 0.13523809523809524 0.005714285714285714 0.004761904761904762
3 0.5992857142857143 0.1361904761904762 0.004285714285714286 0.005714285714285714
8 0.6378571428571429 0.11714285714285715 0.0064285714285714285 0.011428571428571429
3 0.7814285714285715 0.20095238095238097 0.009285714285714286 0.006666666666666667
3 0.805 0.20952380952380953 0.005 0.006666666666666667
3 0.7764285714285715 0.20666666666666667 0.009285714285714286 0.005714285714285714
3 0.7185714285714285 0.6285714285714286 0.010714285714285714 0.023809523809523808
3 0.7471428571428571 0.6533333333333333 0.010714285714285714 0.02
3 0.8328571428571429 0.68 0.014285714285714285 0.024761904761904763
3 0.8892857142857142 0.6676190476190477 0.02142857142857143 0.024761904761904763
3 0.77 0.6247619047619047 0.018571428571428572 0.015238095238095238
3 0.7914285714285715 0.6285714285714286 0.020714285714285713 0.017142857142857144
3 0.965 0.7123809523809523 0.027857142857142858 0.029523809523809525
8 0.9078571428571428 0.700952380952381 0.025714285714285714 0.05047619047619047
8 0.8135714285714286 0.6619047619047619 0.022857142857142857 0.054285714285714284
8 0.7992857142857143 0.659047619047619 0.017142857142857144 0.04857142857142857
8 0.7635714285714286 0.6476190476190476 0.02214285714285714 0.04857142857142857
8 0.7221428571428572 0.660952380952381 0.05285714285714286 0.039047619047619046
8 0.34785714285714286 0.5838095238095238 0.027142857142857142 0.039047619047619046
8 0.42142857142857143 0.6019047619047619 0.032857142857142856 0.0380952380952381
8 0.43642857142857144 0.5895238095238096 0.03214285714285714 0.039047619047619046
8 0.4278571428571429 0.7161904761904762 0.03857142857142857 0.049523809523809526
8 0.43714285714285717 0.7361904761904762 0.03642857142857143 0.05523809523809524
8 0.33214285714285713 0.700952380952381 0.04285714285714286 0.04857142857142857
8 0.32071428571428573 0.7171428571428572 0.04285714285714286 0.05047619047619047
8 0.3092857142857143 0.7314285714285714 0.04285714285714286 0.049523809523809526
8 0.375 0.8819047619047619 0.041428571428571426 0.0838095238095238
8 0.39785714285714285 0.9104761904761904 0.04285714285714286 0.0761904761904762
8 0.4107142857142857 0.9295238095238095 0.047142857142857146 0.07047619047619047
8 0.4342857142857143 0.9466666666666667 0.045 0.05333333333333334
8 0.4657142857142857 0.9657142857142857 0.029285714285714286 0.03428571428571429
8 0.31142857142857144 0.9428571428571428 0.05071428571428571 0.05714285714285714
3 0.3 0.9771428571428571 0.03214285714285714 0.022857142857142857
8 0.6535714285714286 0.6142857142857143 0.032857142857142856 0.040952380952380955
