3 0.36714285714285716 0.3438095238095238 0.030714285714285715 0.021904761904761906
3 0.395 0.3638095238095238 0.011428571428571429 0.007619047619047619
3 0.11428571428571428 0.46476190476190476 0.016428571428571428 0.014285714285714285
3 0.12714285714285714 0.4723809523809524 0.02142857142857143 0.01619047619047619
3 0.0007142857142857143 0.5104761904761905 0.020714285714285713 0.01904761904761905
4 0.08714285714285715 0.5457142857142857 0.011428571428571429 0.015238095238095238
4 0.11928571428571429 0.5485714285714286 0.014285714285714285 0.014285714285714285
4 0.12428571428571429 0.540952380952381 0.012857142857142857 0.02
4 0.10714285714285714 0.5371428571428571 0.011428571428571429 0.012380952380952381
4 0.11571428571428571 0.5333333333333333 0.007857142857142858 0.009523809523809525
4 0.1992857142857143 0.5676190476190476 0.013571428571428571 0.013333333333333334
4 0.12071428571428572 0.560952380952381 0.010714285714285714 0.008571428571428572
4 0.10428571428571429 0.5676190476190476 0.012142857142857143 0.012380952380952381
4 0.09071428571428572 0.5647619047619048 0.011428571428571429 0.012380952380952381
4 0.11642857142857142 0.560952380952381 0.01 0.012380952380952381
3 0.2042857142857143 0.5523809523809524 0.017142857142857144 0.01904761904761905
3 0.19214285714285714 0.6028571428571429 0.03357142857142857 0.04285714285714286
3 0.18357142857142858 0.6428571428571429 0.03214285714285714 0.03333333333333333
3 0.07357142857142857 0.9580952380952381 0.07214285714285715 0.0419047619047619
3 0.24285714285714285 0.7942857142857143 0.045714285714285714 0.06095238095238095
3 0.28785714285714287 0.7933333333333333 0.04 0.05523809523809524
3 0.42 0.5885714285714285 0.022857142857142857 0.029523809523809525
3 0.375 0.6314285714285715 0.029285714285714286 0.03142857142857143
3 0.3364285714285714 0.6742857142857143 0.04428571428571428 0.05714285714285714
4 0.43142857142857144 0.6638095238095238 0.013571428571428571 0.013333333333333334
4 0.4392857142857143 0.6552380952380953 0.011428571428571429 0.013333333333333334
4 0.4471428571428571 0.6409523809523809 0.01 0.017142857142857144
4 0.45 0.6285714285714286 0.012142857142857143 0.015238095238095238
3 0.47928571428571426 0.5247619047619048 0.020714285714285713 0.02095238095238095
3 0.4785714285714286 0.5019047619047619 0.018571428571428572 0.02095238095238095
3 0.5128571428571429 0.4895238095238095 0.017857142857142856 0.02
3 0.5078571428571429 0.47523809523809524 0.018571428571428572 0.02
3 0.5328571428571428 0.44666666666666666 0.014285714285714285 0.01904761904761905
3 0.5614285714285714 0.43142857142857144 0.012857142857142857 0.01904761904761905
3 0.5742857142857143 0.41333333333333333 0.015714285714285715 0.01619047619047619
3 0.5478571428571428 0.4114285714285714 0.02 0.02857142857142857
3 0.5771428571428572 0.579047619047619 0.04428571428571428 0.037142857142857144
3 0.7528571428571429 0.2057142857142857 0.004285714285714286 0.0038095238095238095
3 0.7035714285714286 0.23714285714285716 0.0064285714285714285 0.010476190476190476
3 0.6914285714285714 0.24857142857142858 0.008571428571428572 0.01619047619047619
3 0.6907142857142857 0.23047619047619047 0.0064285714285714285 0.008571428571428572
3 0.6814285714285714 0.2704761904761905 0.0064285714285714285 0.008571428571428572
3 0.66 0.29333333333333333 0.0064285714285714285 0.010476190476190476
3 0.6392857142857142 0.3161904761904762 0.01 0.01619047619047619
3 0.6507142857142857 0.3028571428571429 0.007857142857142858 0.014285714285714285
3 0.6235714285714286 0.3314285714285714 0.015 0.024761904761904763
3 0.6742857142857143 0.2695238095238095 0.0064285714285714285 0.008571428571428572
3 0.675 0.2838095238095238 0.004285714285714286 0.005714285714285714
3 0.67 0.2895238095238095 0.005714285714285714 0.007619047619047619
3 0.6078571428571429 0.35904761904761906 0.007142857142857143 0.014285714285714285
6 0.5821428571428572 0.37523809523809526 0.025 0.030476190476190476
