3 0.3792857142857143 0.649746192893401 0.027142857142857142 0.08756345177664974
3 0.4185714285714286 0.35152284263959394 0.045 0.04060913705583756
3 0.48214285714285715 0.3350253807106599 0.04428571428571428 0.03934010152284264
3 0.3942857142857143 0.2753807106598985 0.045714285714285714 0.04187817258883249
3 0.6128571428571429 0.2868020304568528 0.045714285714285714 0.044416243654822336
3 0.6842857142857143 0.27411167512690354 0.03857142857142857 0.05964467005076142
3 0.7492857142857143 0.21192893401015228 0.045714285714285714 0.03426395939086294
3 0.8578571428571429 0.22588832487309646 0.03857142857142857 0.04568527918781726
3 0.7807142857142857 0.24873096446700507 0.045714285714285714 0.04568527918781726
3 0.7507142857142857 0.25380710659898476 0.04642857142857143 0.05456852791878172
3 0.715 0.2550761421319797 0.05071428571428571 0.06725888324873096
3 0.8871428571428571 0.21192893401015228 0.04857142857142857 0.05964467005076142
3 0.9071428571428571 0.19796954314720813 0.05142857142857143 0.0583756345177665
3 0.9385714285714286 0.1865482233502538 0.04857142857142857 0.046954314720812185
3 0.4042857142857143 0.22208121827411167 0.020714285714285713 0.04949238578680203
3 0.40714285714285714 0.16116751269035534 0.017857142857142856 0.04568527918781726
3 0.4085714285714286 0.11421319796954314 0.017857142857142856 0.04187817258883249
3 0.41285714285714287 0.06725888324873096 0.015 0.04060913705583756
3 0.37785714285714284 0.04060913705583756 0.017857142857142856 0.04060913705583756
3 0.41214285714285714 0.03299492385786802 0.018571428571428572 0.04187817258883249
3 0.3914285714285714 0.32741116751269034 0.041428571428571426 0.0532994923857868
3 0.395 0.4733502538071066 0.018571428571428572 0.06345177664974619
3 0.355 0.8324873096446701 0.035 0.11548223350253807
3 0.3628571428571429 0.9517766497461929 0.03214285714285714 0.046954314720812185
1 0.6485714285714286 0.23730964467005075 0.007142857142857143 0.03426395939086294
1 0.8507142857142858 0.16116751269035534 0.009285714285714286 0.031725888324873094
