3 0.2792857142857143 0.6209523809523809 0.062142857142857146 0.13047619047619047
3 0.2735714285714286 0.49142857142857144 0.04642857142857143 0.08857142857142856
3 0.16214285714285714 0.5190476190476191 0.05 0.08857142857142856
3 0.42 0.4552380952380952 0.07642857142857143 0.07714285714285714
3 0.45285714285714285 0.4866666666666667 0.08285714285714285 0.08476190476190476
3 0.5064285714285715 0.5133333333333333 0.08214285714285714 0.08857142857142856
3 0.6307142857142857 0.6885714285714286 0.13 0.11523809523809524
3 0.5635714285714286 0.6247619047619047 0.11642857142857142 0.09619047619047619
1 0.5621428571428572 0.6780952380952381 0.017857142857142856 0.05142857142857143
1 0.725 0.819047619047619 0.02142857142857143 0.054285714285714284
1 0.7121428571428572 0.5761904761904761 0.022857142857142857 0.049523809523809526
1 0.5735714285714286 0.28476190476190477 0.010714285714285714 0.03333333333333333
1 0.38642857142857145 0.1961904761904762 0.01 0.023809523809523808
3 0.27 0.41714285714285715 0.04071428571428572 0.06476190476190476
1 0.42642857142857143 0.15904761904761905 0.027142857142857142 0.03238095238095238
1 0.395 0.16 0.024285714285714285 0.03238095238095238
3 0.26071428571428573 0.3647619047619048 0.039285714285714285 0.05523809523809524
1 0.24 0.4066666666666667 0.012857142857142857 0.040952380952380955
1 0.26 0.31333333333333335 0.03214285714285714 0.04380952380952381
3 0.047142857142857146 0.10857142857142857 0.025 0.02761904761904762
3 0.11357142857142857 0.015238095238095238 0.010714285714285714 0.015238095238095238
8 0.030714285714285715 0.058095238095238096 0.02214285714285714 0.021904761904761906
3 0.0 0.054285714285714284 0.029285714285714286 0.015238095238095238
3 0.0 0.08476190476190476 0.014285714285714285 0.023809523809523808
3 0.0014285714285714286 0.04857142857142857 0.027857142857142858 0.013333333333333334
3 0.04071428571428572 0.039047619047619046 0.017857142857142856 0.015238095238095238
3 0.04928571428571429 0.03238095238095238 0.015714285714285715 0.015238095238095238
3 0.05285714285714286 0.024761904761904763 0.015714285714285715 0.017142857142857144
3 0.06 0.021904761904761906 0.013571428571428571 0.015238095238095238
3 0.065 0.014285714285714285 0.012857142857142857 0.01619047619047619
3 0.06857142857142857 0.006666666666666667 0.013571428571428571 0.018095238095238095
3 0.07285714285714286 0.005714285714285714 0.013571428571428571 0.014285714285714285
3 0.07928571428571428 0.002857142857142857 0.012142857142857143 0.013333333333333334
1 0.07357142857142857 0.02 0.004285714285714286 0.015238095238095238
1 0.8314285714285714 0.31238095238095237 0.01 0.024761904761904763
1 0.8378571428571429 0.30952380952380953 0.009285714285714286 0.029523809523809525
3 0.8514285714285714 0.43142857142857144 0.08357142857142857 0.09428571428571429
3 0.9314285714285714 0.8371428571428572 0.06857142857142857 0.12666666666666668
