1 0.005 0.7371428571428571 0.030714285714285715 0.021904761904761906
2 0.016428571428571428 0.7371428571428571 0.015 0.040952380952380955
2 0.2935714285714286 0.7647619047619048 0.016428571428571428 0.03333333333333333
2 0.3192857142857143 0.7028571428571428 0.011428571428571429 0.03333333333333333
1 0.2907142857142857 0.7666666666666667 0.020714285714285713 0.025714285714285714
1 0.33285714285714285 0.699047619047619 0.012142857142857143 0.02666666666666667
1 0.31142857142857144 0.6819047619047619 0.007857142857142858 0.02761904761904762
1 0.36357142857142855 0.5723809523809524 0.010714285714285714 0.02761904761904762
1 0.47785714285714287 0.46 0.008571428571428572 0.02666666666666667
1 0.4764285714285714 0.5028571428571429 0.011428571428571429 0.022857142857142857
2 0.4757142857142857 0.5114285714285715 0.012857142857142857 0.024761904761904763
2 0.5114285714285715 0.3914285714285714 0.0064285714285714285 0.023809523809523808
1 0.655 0.15333333333333332 0.002857142857142857 0.01619047619047619
1 0.6278571428571429 0.18857142857142858 0.0035714285714285713 0.02
1 0.5228571428571429 0.621904761904762 0.005 0.017142857142857144
1 0.7792857142857142 0.0 0.004285714285714286 0.010476190476190476
2 0.8442857142857143 0.5447619047619048 0.023571428571428573 0.02
2 0.8428571428571429 0.539047619047619 0.027857142857142858 0.015238095238095238
2 0.8435714285714285 0.5314285714285715 0.02642857142857143 0.013333333333333334
2 0.845 0.5114285714285715 0.03 0.022857142857142857
2 0.85 0.5038095238095238 0.03142857142857143 0.01904761904761905
2 0.8585714285714285 0.4961904761904762 0.024285714285714285 0.017142857142857144
2 0.8614285714285714 0.49047619047619045 0.022857142857142857 0.01619047619047619
