8 0.41285714285714287 0.14285714285714285 0.009285714285714286 0.030476190476190476
8 0.5207142857142857 0.9142857142857143 0.012857142857142857 0.047619047619047616
3 0.45571428571428574 0.19714285714285715 0.013571428571428571 0.02666666666666667
3 0.4807142857142857 0.22952380952380952 0.012142857142857143 0.03428571428571429
3 0.4907142857142857 0.1980952380952381 0.008571428571428572 0.029523809523809525
3 0.5314285714285715 0.08285714285714285 0.02142857142857143 0.01904761904761905
3 0.5128571428571429 0.21333333333333335 0.011428571428571429 0.030476190476190476
3 0.5064285714285715 0.24476190476190476 0.013571428571428571 0.02857142857142857
3 0.5021428571428571 0.28476190476190477 0.010714285714285714 0.029523809523809525
3 0.4757142857142857 0.2980952380952381 0.014285714285714285 0.029523809523809525
3 0.5057142857142857 0.32095238095238093 0.011428571428571429 0.02857142857142857
3 0.3157142857142857 0.1438095238095238 0.02142857142857143 0.017142857142857144
1 0.39571428571428574 0.18285714285714286 0.005 0.007619047619047619
1 0.4207142857142857 0.18285714285714286 0.002142857142857143 0.006666666666666667
1 0.4278571428571429 0.20666666666666667 0.0035714285714285713 0.006666666666666667
1 0.4257142857142857 0.18285714285714286 0.002857142857142857 0.007619047619047619
1 0.42642857142857143 0.1619047619047619 0.0035714285714285713 0.005714285714285714
1 0.4257142857142857 0.15619047619047619 0.0035714285714285713 0.008571428571428572
1 0.5528571428571428 0.05619047619047619 0.002857142857142857 0.009523809523809525
1 0.5542857142857143 0.058095238095238096 0.004285714285714286 0.007619047619047619
1 0.5042857142857143 0.22476190476190477 0.002857142857142857 0.007619047619047619
1 0.41785714285714287 0.3219047619047619 0.0035714285714285713 0.006666666666666667
1 0.4907142857142857 0.3161904761904762 0.002857142857142857 0.006666666666666667
1 0.49214285714285716 0.30666666666666664 0.002857142857142857 0.004761904761904762
3 0.5042857142857143 0.35523809523809524 0.01 0.022857142857142857
3 0.5078571428571429 0.4095238095238095 0.009285714285714286 0.02857142857142857
3 0.5078571428571429 0.44476190476190475 0.01 0.023809523809523808
3 0.5092857142857142 0.47714285714285715 0.01 0.02857142857142857
3 0.4471428571428571 0.47714285714285715 0.024285714285714285 0.015238095238095238
3 0.46714285714285714 0.49142857142857144 0.022857142857142857 0.012380952380952381
3 0.5092857142857142 0.518095238095238 0.01 0.02761904761904762
3 0.445 0.5095238095238095 0.022857142857142857 0.015238095238095238
3 0.415 0.5076190476190476 0.023571428571428573 0.013333333333333334
3 0.415 0.5304761904761904 0.020714285714285713 0.012380952380952381
3 0.51 0.56 0.01 0.02666666666666667
3 0.5142857142857142 0.7390476190476191 0.010714285714285714 0.03142857142857143
3 0.5185714285714286 0.8066666666666666 0.009285714285714286 0.029523809523809525
3 0.52 0.8790476190476191 0.011428571428571429 0.03142857142857143
3 0.5214285714285715 0.9619047619047619 0.010714285714285714 0.03142857142857143
1 0.5114285714285715 0.6828571428571428 0.0035714285714285713 0.006666666666666667
1 0.5042857142857143 0.9847619047619047 0.0035714285714285713 0.009523809523809525
1 0.5064285714285715 0.9895238095238095 0.0035714285714285713 0.008571428571428572
3 0.07214285714285715 0.8371428571428572 0.014285714285714285 0.03333333333333333
3 0.09785714285714285 0.88 0.025714285714285714 0.02
3 0.10214285714285715 0.8971428571428571 0.024285714285714285 0.01904761904761905
3 0.105 0.9152380952380952 0.024285714285714285 0.01904761904761905
3 0.10928571428571429 0.9314285714285714 0.024285714285714285 0.01904761904761905
3 0.19 0.9847619047619047 0.022857142857142857 0.015238095238095238
3 0.04857142857142857 0.9876190476190476 0.023571428571428573 0.012380952380952381
3 0.04642857142857143 0.9457142857142857 0.023571428571428573 0.018095238095238095
3 0.03428571428571429 0.9304761904761905 0.032857142857142856 0.021904761904761906
3 0.027142857142857142 0.8752380952380953 0.024285714285714285 0.017142857142857144
3 0.03428571428571429 0.9104761904761904 0.02142857142857143 0.017142857142857144
3 0.25642857142857145 0.9638095238095238 0.013571428571428571 0.03333333333333333
