8 0.37214285714285716 0.22952380952380952 0.008571428571428572 0.015238095238095238
8 0.38357142857142856 0.2523809523809524 0.005 0.009523809523809525
8 0.3757142857142857 0.3380952380952381 0.012857142857142857 0.04
8 0.28714285714285714 0.758095238095238 0.029285714285714286 0.08476190476190476
8 0.26 0.9514285714285714 0.03357142857142857 0.04857142857142857
3 0.32142857142857145 0.659047619047619 0.014285714285714285 0.04
3 0.3292857142857143 0.5971428571428572 0.017857142857142856 0.03333333333333333
3 0.3407142857142857 0.5457142857142857 0.012857142857142857 0.024761904761904763
3 0.29642857142857143 0.5038095238095238 0.012142857142857143 0.018095238095238095
3 0.26857142857142857 0.5819047619047619 0.015 0.02857142857142857
3 0.2671428571428571 0.5514285714285714 0.018571428571428572 0.02761904761904762
3 0.205 0.719047619047619 0.02 0.049523809523809526
4 0.20285714285714285 0.7676190476190476 0.015714285714285715 0.02095238095238095
4 0.295 0.7171428571428572 0.005 0.023809523809523808
4 0.32071428571428573 0.5847619047619048 0.005 0.01904761904761905
4 0.30857142857142855 0.5733333333333334 0.008571428571428572 0.013333333333333334
4 0.3442857142857143 0.5104761904761905 0.004285714285714286 0.013333333333333334
1 0.3435714285714286 0.5085714285714286 0.005714285714285714 0.009523809523809525
1 0.32071428571428573 0.5885714285714285 0.005714285714285714 0.009523809523809525
1 0.31 0.5714285714285714 0.005714285714285714 0.010476190476190476
1 0.295 0.7180952380952381 0.0064285714285714285 0.014285714285714285
1 0.49357142857142855 0.6647619047619048 0.007857142857142858 0.025714285714285714
1 0.44142857142857145 0.3466666666666667 0.002857142857142857 0.007619047619047619
1 0.43857142857142856 0.3466666666666667 0.002857142857142857 0.011428571428571429
3 0.2864285714285714 0.4961904761904762 0.011428571428571429 0.021904761904761906
1 0.35642857142857143 0.4361904761904762 0.004285714285714286 0.008571428571428572
1 0.38142857142857145 0.4342857142857143 0.002142857142857143 0.010476190476190476
1 0.3557142857142857 0.42095238095238097 0.002142857142857143 0.009523809523809525
8 0.31642857142857145 0.4342857142857143 0.025 0.015238095238095238
