1 0.6921428571428572 0.42095238095238097 0.005 0.012380952380952381
1 0.6292857142857143 0.4676190476190476 0.005714285714285714 0.014285714285714285
1 0.6142857142857143 0.41333333333333333 0.005 0.013333333333333334
1 0.6321428571428571 0.40476190476190477 0.002857142857142857 0.014285714285714285
1 0.6607142857142857 0.4228571428571429 0.004285714285714286 0.012380952380952381
1 0.6692857142857143 0.3952380952380952 0.0035714285714285713 0.009523809523809525
1 0.6857142857142857 0.4180952380952381 0.005 0.010476190476190476
1 0.6557142857142857 0.38 0.004285714285714286 0.012380952380952381
1 0.6442857142857142 0.40095238095238095 0.004285714285714286 0.011428571428571429
1 0.5771428571428572 0.38571428571428573 0.007142857142857143 0.015238095238095238
1 0.5642857142857143 0.43333333333333335 0.004285714285714286 0.014285714285714285
1 0.5392857142857143 0.44952380952380955 0.005714285714285714 0.015238095238095238
1 0.5678571428571428 0.4676190476190476 0.005 0.012380952380952381
1 0.5671428571428572 0.45904761904761904 0.0035714285714285713 0.014285714285714285
1 0.615 0.40476190476190477 0.002857142857142857 0.011428571428571429
1 0.645 0.3933333333333333 0.002857142857142857 0.011428571428571429
1 0.6921428571428572 0.41619047619047617 0.0035714285714285713 0.012380952380952381
1 0.5214285714285715 0.43523809523809526 0.004285714285714286 0.012380952380952381
1 0.6785714285714286 0.3476190476190476 0.004285714285714286 0.011428571428571429
1 0.35214285714285715 0.26857142857142857 0.0035714285714285713 0.011428571428571429
1 0.36142857142857143 0.2561904761904762 0.0035714285714285713 0.012380952380952381
1 0.3507142857142857 0.25523809523809526 0.0035714285714285713 0.009523809523809525
1 0.345 0.2733333333333333 0.002857142857142857 0.012380952380952381
1 0.3485714285714286 0.2761904761904762 0.002857142857142857 0.011428571428571429
1 0.49642857142857144 0.2819047619047619 0.005 0.011428571428571429
1 0.5407142857142857 0.28476190476190477 0.0035714285714285713 0.010476190476190476
1 0.5392857142857143 0.24761904761904763 0.002142857142857143 0.009523809523809525
