3 0.339 0.5693333333333334 0.0995 0.152
1 0.6635 0.49 0.0125 0.036
1 0.644 0.414 0.0175 0.030666666666666665
3 0.0 0.3993333333333333 0.0815 0.06066666666666667
3 0.0665 0.36533333333333334 0.0705 0.056666666666666664
3 0.1975 0.2713333333333333 0.0805 0.043333333333333335
3 0.275 0.20733333333333334 0.062 0.035333333333333335
3 0.358 0.14533333333333334 0.051 0.028
3 0.351 0.124 0.0395 0.029333333333333333
3 0.373 0.12066666666666667 0.04 0.024
3 0.3685 0.10933333333333334 0.0365 0.022
3 0.3795 0.08666666666666667 0.039 0.025333333333333333
3 0.4495 0.043333333333333335 0.033 0.02
3 0.485 0.008666666666666666 0.0215 0.013333333333333334
3 0.5425 0.058666666666666666 0.0335 0.018666666666666668
3 0.591 0.0 0.0215 0.008
6 0.56 0.0 0.017 0.014666666666666666
3 0.4105 0.282 0.0725 0.044
3 0.4535 0.216 0.057 0.036
3 0.4585 0.18533333333333332 0.0585 0.034666666666666665
3 0.6735 0.24933333333333332 0.069 0.04666666666666667
3 0.6735 0.22066666666666668 0.059 0.037333333333333336
3 0.669 0.192 0.0555 0.03333333333333333
1 0.582 0.10466666666666667 0.0055 0.018666666666666668
1 0.65 0.048666666666666664 0.006 0.020666666666666667
1 0.656 0.050666666666666665 0.0045 0.017333333333333333
3 0.6815 0.05733333333333333 0.015 0.020666666666666667
