3 0.9420668058455115 0.029684601113172542 0.012004175365344467 0.021335807050092765
3 0.9686847599164927 0.04638218923933209 0.013048016701461378 0.017625231910946195
3 0.925365344467641 0.026901669758812616 0.012526096033402923 0.01855287569573284
3 0.9405010438413361 0.20593692022263452 0.0255741127348643 0.032467532467532464
3 0.7406054279749478 0.20500927643784786 0.0255741127348643 0.032467532467532464
3 0.7776617954070981 0.24118738404452691 0.029749478079331943 0.03339517625231911
3 0.8131524008350731 0.2662337662337662 0.02870563674321503 0.03339517625231911
3 0.725991649269311 0.28014842300556586 0.0360125260960334 0.03339517625231911
2 0.6096033402922756 0.32560296846011133 0.011482254697286013 0.011131725417439703
3 0.6403966597077244 0.336734693877551 0.029749478079331943 0.039888682745825604
8 0.6351774530271399 0.4907235621521336 0.0360125260960334 0.06215213358070501
3 0.6163883089770354 0.47588126159554733 0.030271398747390398 0.055658627087198514
3 0.5955114822546973 0.4619666048237477 0.03444676409185804 0.05380333951762523
3 0.5777661795407099 0.44434137291280146 0.03496868475991649 0.04823747680890538
3 0.6049060542797495 0.4109461966604824 0.03288100208768267 0.04359925788497217
3 0.6602296450939458 0.4517625231910946 0.03444676409185804 0.05287569573283859
1 0.6163883089770354 0.39053803339517623 0.0041753653444676405 0.025974025974025976
1 0.7583507306889353 0.5890538033395176 0.007306889352818371 0.023191094619666047
3 0.7270354906054279 0.6660482374768089 0.03966597077244259 0.07884972170686456
3 0.5036534446764092 0.6103896103896104 0.04540709812108559 0.06771799628942486
3 0.36221294363256784 0.7912801484230055 0.050626304801670144 0.07606679035250463
3 0.43684759916492694 0.7801484230055659 0.05688935281837161 0.08348794063079777
3 0.40083507306889354 0.6827458256029685 0.05010438413361169 0.05658627087198516
3 0.33402922755741127 0.5454545454545454 0.037056367432150315 0.04267161410018553
1 0.5454070981210856 0.7940630797773655 0.008350730688935281 0.027829313543599257
2 0.11899791231732777 0.8589981447124304 0.043319415448851775 0.061224489795918366
