3 0.20142857142857143 0.940952380952381 0.065 0.04380952380952381
8 0.5814285714285714 0.9095238095238095 0.04428571428571428 0.09047619047619047
3 0.625 0.8980952380952381 0.04214285714285714 0.06571428571428571
3 0.8121428571428572 0.9476190476190476 0.047142857142857146 0.05142857142857143
8 0.7085714285714285 0.7923809523809524 0.047857142857142855 0.058095238095238096
3 0.6721428571428572 0.7485714285714286 0.022857142857142857 0.02761904761904762
3 0.635 0.7028571428571428 0.024285714285714285 0.024761904761904763
3 0.61 0.679047619047619 0.017857142857142856 0.02
3 0.5557142857142857 0.7228571428571429 0.022857142857142857 0.03238095238095238
3 0.5842857142857143 0.6542857142857142 0.015714285714285715 0.017142857142857144
3 0.5271428571428571 0.6390476190476191 0.016428571428571428 0.015238095238095238
3 0.5807142857142857 0.8885714285714286 0.03571428571428571 0.0380952380952381
3 0.585 0.8580952380952381 0.03142857142857143 0.03619047619047619
3 0.58 0.8266666666666667 0.03214285714285714 0.037142857142857144
3 0.5735714285714286 0.7971428571428572 0.025 0.037142857142857144
3 0.5692857142857143 0.7714285714285715 0.027142857142857142 0.035238095238095235
3 0.545 0.6961904761904761 0.020714285714285713 0.022857142857142857
3 0.5764285714285714 0.6447619047619048 0.015 0.02
3 0.565 0.6428571428571429 0.015 0.01619047619047619
3 0.505 0.6419047619047619 0.016428571428571428 0.015238095238095238
3 0.5 0.6352380952380953 0.010714285714285714 0.013333333333333334
3 0.4828571428571429 0.6371428571428571 0.012857142857142857 0.015238095238095238
