3 0.8314285714285714 0.8666666666666667 0.1442857142857143 0.13333333333333333
3 0.7435714285714285 0.6542857142857142 0.11857142857142858 0.1676190476190476
3 0.6664285714285715 0.49047619047619045 0.09571428571428571 0.1180952380952381
3 0.6278571428571429 0.3942857142857143 0.075 0.09047619047619047
3 0.5857142857142857 0.31333333333333335 0.07928571428571428 0.08857142857142856
3 0.5214285714285715 0.5361904761904762 0.085 0.16
3 0.5292857142857142 0.22 0.06928571428571428 0.07238095238095238
3 0.5192857142857142 0.14 0.035 0.049523809523809526
3 0.3271428571428571 0.7457142857142857 0.15785714285714286 0.2542857142857143
3 0.34285714285714286 0.6066666666666667 0.08285714285714285 0.16095238095238096
3 0.3414285714285714 0.44476190476190475 0.08571428571428572 0.15142857142857144
3 0.3271428571428571 0.35523809523809524 0.06 0.10761904761904761
3 0.3242857142857143 0.27714285714285714 0.05142857142857143 0.08857142857142856
3 0.31357142857142856 0.22 0.045 0.06285714285714286
8 0.29214285714285715 0.1361904761904762 0.06 0.08666666666666667
3 0.3435714285714286 0.11523809523809524 0.04 0.06476190476190476
8 0.41785714285714287 0.0 0.055 0.05619047619047619
3 0.2985714285714286 0.11619047619047619 0.032857142857142856 0.0380952380952381
3 0.29285714285714287 0.08190476190476191 0.03785714285714286 0.045714285714285714
3 0.2885714285714286 0.049523809523809526 0.03 0.035238095238095235
3 0.2814285714285714 0.02 0.024285714285714285 0.04
3 0.27285714285714285 0.002857142857142857 0.027142857142857142 0.03142857142857143
