3 0.781 0.56 0.115 0.19266666666666668
3 0.5745 0.474 0.131 0.162
3 0.4135 0.36733333333333335 0.1175 0.114
3 0.3605 0.346 0.11 0.09533333333333334
3 0.171 0.7286666666666667 0.239 0.26866666666666666
3 0.0 0.44666666666666666 0.143 0.128
3 0.0 0.36533333333333334 0.071 0.09533333333333334
3 0.1645 0.23533333333333334 0.108 0.06733333333333333
3 0.132 0.22066666666666668 0.108 0.06733333333333333
3 0.064 0.17733333333333334 0.09 0.05333333333333334
3 0.0035 0.136 0.0855 0.05266666666666667
4 0.2015 0.16066666666666668 0.042 0.04133333333333333
