3 0.013571428571428571 0.2131979695431472 0.017142857142857144 0.03553299492385787
3 0.11928571428571429 0.5393401015228426 0.03428571428571429 0.05710659898477157
3 0.15428571428571428 0.6243654822335025 0.030714285714285715 0.05964467005076142
3 0.1492857142857143 0.8591370558375635 0.03 0.08121827411167512
3 0.5221428571428571 0.6548223350253807 0.02142857142857143 0.08375634517766498
3 0.46285714285714286 0.43274111675126903 0.019285714285714285 0.04568527918781726
3 0.44142857142857145 0.3756345177664975 0.017857142857142856 0.04568527918781726
1 0.8528571428571429 0.43147208121827413 0.010714285714285714 0.03426395939086294
3 0.44785714285714284 0.06852791878172589 0.014285714285714285 0.02030456852791878
8 0.425 0.05203045685279188 0.02142857142857143 0.050761421319796954
3 0.4685714285714286 0.02918781725888325 0.013571428571428571 0.031725888324873094
4 0.45 0.618020304568528 0.01 0.030456852791878174
1 0.45071428571428573 0.6192893401015228 0.007857142857142858 0.021573604060913704
1 0.935 0.30583756345177665 0.007142857142857143 0.025380710659898477
1 0.9385714285714286 0.3032994923857868 0.005 0.027918781725888325
