3 0.5557142857142857 0.0012690355329949238 0.0064285714285714285 0.01015228426395939
3 0.5728571428571428 0.008883248730964468 0.005714285714285714 0.01015228426395939
3 0.5928571428571429 0.017766497461928935 0.005 0.011421319796954314
3 0.5792857142857143 0.0532994923857868 0.007857142857142858 0.013959390862944163
3 0.5407142857142857 0.07106598984771574 0.007857142857142858 0.011421319796954314
3 0.5178571428571429 0.09517766497461928 0.008571428571428572 0.011421319796954314
3 0.5157142857142857 0.11928934010152284 0.009285714285714286 0.012690355329949238
6 0.5885714285714285 0.11421319796954314 0.009285714285714286 0.04949238578680203
3 0.6228571428571429 0.08375634517766498 0.0064285714285714285 0.017766497461928935
3 0.6521428571428571 0.05964467005076142 0.010714285714285714 0.013959390862944163
3 0.6678571428571428 0.06598984771573604 0.013571428571428571 0.011421319796954314
3 0.6828571428571428 0.08248730964467005 0.007142857142857143 0.012690355329949238
6 0.7042857142857143 0.04187817258883249 0.03142857142857143 0.030456852791878174
3 0.7521428571428571 0.12436548223350254 0.015 0.013959390862944163
3 0.6985714285714286 0.16370558375634517 0.008571428571428572 0.012690355329949238
3 0.7028571428571428 0.1814720812182741 0.008571428571428572 0.017766497461928935
3 0.7064285714285714 0.2017766497461929 0.01 0.01649746192893401
3 0.715 0.22588832487309646 0.008571428571428572 0.017766497461928935
3 0.7185714285714285 0.25 0.010714285714285714 0.01903553299492386
3 0.7257142857142858 0.2753807106598985 0.010714285714285714 0.01903553299492386
6 0.7135714285714285 0.25380710659898476 0.02 0.06345177664974619
3 0.7371428571428571 0.38071065989847713 0.012142857142857143 0.021573604060913704
3 0.7428571428571429 0.20431472081218274 0.011428571428571429 0.02030456852791878
3 0.7478571428571429 0.2233502538071066 0.012857142857142857 0.02030456852791878
3 0.7557142857142857 0.24746192893401014 0.010714285714285714 0.01649746192893401
3 0.7592857142857142 0.2652284263959391 0.012857142857142857 0.02030456852791878
3 0.7657142857142857 0.2880710659898477 0.013571428571428571 0.024111675126903553
3 0.7771428571428571 0.31218274111675126 0.020714285714285713 0.01903553299492386
3 0.7814285714285715 0.3299492385786802 0.02142857142857143 0.02030456852791878
3 0.785 0.34517766497461927 0.019285714285714285 0.013959390862944163
3 0.7885714285714286 0.35406091370558374 0.019285714285714285 0.015228426395939087
3 0.7921428571428571 0.3616751269035533 0.02214285714285714 0.02030456852791878
3 0.8014285714285714 0.4022842639593909 0.023571428571428573 0.02030456852791878
3 0.7942857142857143 0.383248730964467 0.02214285714285714 0.015228426395939087
3 0.7985714285714286 0.39213197969543145 0.022857142857142857 0.02030456852791878
3 0.8085714285714286 0.4276649746192893 0.02142857142857143 0.017766497461928935
3 0.8135714285714286 0.44923857868020306 0.02214285714285714 0.017766497461928935
3 0.7685714285714286 0.5177664974619289 0.012857142857142857 0.02918781725888325
3 0.8178571428571428 0.46446700507614214 0.024285714285714285 0.021573604060913704
3 0.825 0.4847715736040609 0.024285714285714285 0.02030456852791878
3 0.8621428571428571 0.6142131979695431 0.029285714285714286 0.025380710659898477
3 0.8771428571428571 0.6598984771573604 0.030714285714285715 0.025380710659898477
3 0.8814285714285715 0.6802030456852792 0.029285714285714286 0.024111675126903553
3 0.8864285714285715 0.699238578680203 0.03142857142857143 0.027918781725888325
3 0.8 0.9137055837563451 0.025 0.04187817258883249
6 0.8021428571428572 0.7030456852791879 0.03 0.12055837563451777
8 0.7621428571428571 0.8451776649746193 0.024285714285714285 0.06345177664974619
6 0.5364285714285715 0.9695431472081218 0.05285714285714286 0.02918781725888325
6 0.6557142857142857 0.9784263959390863 0.04357142857142857 0.02030456852791878
3 0.39357142857142857 0.9720812182741116 0.037142857142857144 0.0266497461928934
3 0.10071428571428571 0.9708121827411168 0.032857142857142856 0.024111675126903553
3 0.24142857142857144 0.6967005076142132 0.017142857142857144 0.030456852791878174
6 0.13214285714285715 0.5406091370558376 0.04285714285714286 0.07106598984771574
8 0.3292857142857143 0.7055837563451777 0.030714285714285715 0.09263959390862944
3 0.30857142857142855 0.7728426395939086 0.017142857142857144 0.04314720812182741
6 0.2507142857142857 0.4631979695431472 0.04214285714285714 0.0799492385786802
3 0.265 0.5977157360406091 0.017142857142857144 0.02918781725888325
3 0.4035714285714286 0.5647208121827412 0.014285714285714285 0.031725888324873094
3 0.4185714285714286 0.6484771573604061 0.014285714285714285 0.03680203045685279
3 0.5007142857142857 0.8045685279187818 0.011428571428571429 0.044416243654822336
3 0.475 0.881979695431472 0.012142857142857143 0.04314720812182741
3 0.46 0.699238578680203 0.012142857142857143 0.03807106598984772
6 0.5021428571428571 0.5406091370558376 0.014285714285714285 0.08629441624365482
6 0.52 0.4873096446700508 0.016428571428571428 0.08248730964467005
1 0.6228571428571429 0.38578680203045684 0.002857142857142857 0.011421319796954314
1 0.6292857142857143 0.4035532994923858 0.002857142857142857 0.011421319796954314
1 0.6242857142857143 0.41243654822335024 0.0014285714285714286 0.01015228426395939
3 0.39357142857142857 0.5253807106598984 0.012142857142857143 0.024111675126903553
3 0.36 0.4365482233502538 0.014285714285714285 0.02284263959390863
1 0.31357142857142856 0.4149746192893401 0.002142857142857143 0.012690355329949238
1 0.2957142857142857 0.4403553299492386 0.002142857142857143 0.011421319796954314
1 0.30357142857142855 0.41624365482233505 0.004285714285714286 0.011421319796954314
1 0.3464285714285714 0.3604060913705584 0.002142857142857143 0.008883248730964468
1 0.3742857142857143 0.3248730964467005 0.002857142857142857 0.011421319796954314
1 0.385 0.31091370558375636 0.002142857142857143 0.008883248730964468
3 0.27071428571428574 0.3819796954314721 0.015 0.017766497461928935
3 0.3107142857142857 0.3350253807106599 0.016428571428571428 0.02030456852791878
3 0.3678571428571429 0.2753807106598985 0.014285714285714285 0.015228426395939087
6 0.4057142857142857 0.2182741116751269 0.032857142857142856 0.044416243654822336
6 0.40214285714285714 0.26903553299492383 0.037142857142857144 0.05456852791878172
6 0.4442857142857143 0.3464467005076142 0.019285714285714285 0.04314720812182741
8 0.42142857142857143 0.4086294416243655 0.023571428571428573 0.050761421319796954
3 0.40714285714285714 0.3680203045685279 0.014285714285714285 0.01903553299492386
3 0.42714285714285716 0.3147208121827411 0.012142857142857143 0.02030456852791878
3 0.4407142857142857 0.28426395939086296 0.011428571428571429 0.017766497461928935
3 0.44857142857142857 0.25888324873096447 0.010714285714285714 0.02030456852791878
3 0.4521428571428571 0.2817258883248731 0.012142857142857143 0.01903553299492386
3 0.4828571428571429 0.26903553299492383 0.01 0.017766497461928935
3 0.46785714285714286 0.23730964467005075 0.010714285714285714 0.017766497461928935
3 0.46285714285714286 0.37817258883248733 0.012142857142857143 0.0266497461928934
3 0.4357142857142857 0.32741116751269034 0.012857142857142857 0.017766497461928935
3 0.46214285714285713 0.25761421319796957 0.009285714285714286 0.017766497461928935
3 0.45785714285714285 0.23857868020304568 0.011428571428571429 0.017766497461928935
3 0.5228571428571429 0.3553299492385787 0.008571428571428572 0.02030456852791878
3 0.47785714285714287 0.23857868020304568 0.01 0.017766497461928935
3 0.4642857142857143 0.22208121827411167 0.007857142857142858 0.013959390862944163
3 0.48428571428571426 0.22208121827411167 0.008571428571428572 0.015228426395939087
3 0.4742857142857143 0.22208121827411167 0.008571428571428572 0.013959390862944163
3 0.8478571428571429 0.13578680203045684 0.013571428571428571 0.01903553299492386
3 0.8814285714285715 0.12690355329949238 0.016428571428571428 0.02918781725888325
3 0.905 0.13071065989847716 0.016428571428571428 0.021573604060913704
3 0.9121428571428571 0.1319796954314721 0.017142857142857144 0.021573604060913704
3 0.9378571428571428 0.12944162436548223 0.016428571428571428 0.02030456852791878
3 0.9521428571428572 0.12309644670050761 0.015 0.0266497461928934
3 0.8371428571428572 0.15355329949238578 0.018571428571428572 0.0266497461928934
3 0.8557142857142858 0.15862944162436549 0.012142857142857143 0.024111675126903553
3 0.8992857142857142 0.15228426395939088 0.016428571428571428 0.02918781725888325
3 0.7742857142857142 0.19416243654822335 0.016428571428571428 0.013959390862944163
3 0.7757142857142857 0.2017766497461929 0.018571428571428572 0.015228426395939087
3 0.7771428571428571 0.20939086294416243 0.018571428571428572 0.01649746192893401
3 0.7821428571428571 0.21954314720812182 0.017857142857142856 0.015228426395939087
3 0.7842857142857143 0.22715736040609136 0.018571428571428572 0.017766497461928935
3 0.7878571428571428 0.23730964467005075 0.015714285714285715 0.01649746192893401
3 0.7921428571428571 0.24619289340101522 0.018571428571428572 0.017766497461928935
3 0.8007142857142857 0.2779187817258883 0.018571428571428572 0.017766497461928935
3 0.7935714285714286 0.2639593908629442 0.017857142857142856 0.013959390862944163
3 0.8242857142857143 0.20812182741116753 0.012857142857142857 0.021573604060913704
3 0.8428571428571429 0.16243654822335024 0.013571428571428571 0.02030456852791878
3 0.9685714285714285 0.14974619289340102 0.014285714285714285 0.024111675126903553
3 0.9392857142857143 0.17639593908629442 0.017142857142857144 0.024111675126903553
3 0.9171428571428571 0.1814720812182741 0.013571428571428571 0.02030456852791878
3 0.8978571428571429 0.18401015228426396 0.013571428571428571 0.02030456852791878
3 0.9785714285714285 0.2017766497461929 0.017142857142857144 0.021573604060913704
3 0.8378571428571429 0.20939086294416243 0.012142857142857143 0.02030456852791878
3 0.8478571428571429 0.2068527918781726 0.012142857142857143 0.02284263959390863
3 0.8557142857142858 0.20558375634517767 0.014285714285714285 0.02284263959390863
3 0.8657142857142858 0.20558375634517767 0.016428571428571428 0.025380710659898477
3 0.8878571428571429 0.2068527918781726 0.017142857142857144 0.01903553299492386
3 0.8971428571428571 0.20812182741116753 0.017142857142857144 0.02030456852791878
3 0.9107142857142857 0.20558375634517767 0.013571428571428571 0.02030456852791878
3 0.9242857142857143 0.20558375634517767 0.012857142857142857 0.02030456852791878
3 0.9357142857142857 0.20558375634517767 0.013571428571428571 0.01903553299492386
3 0.9485714285714286 0.20304568527918782 0.01 0.021573604060913704
3 0.9571428571428572 0.20431472081218274 0.014285714285714285 0.021573604060913704
3 0.7578571428571429 0.031725888324873094 0.010714285714285714 0.01903553299492386
3 0.755 0.05456852791878172 0.007857142857142858 0.013959390862944163
3 0.7457142857142857 0.04949238578680203 0.013571428571428571 0.011421319796954314
3 0.82 0.23096446700507614 0.012857142857142857 0.021573604060913704
3 0.8278571428571428 0.2296954314720812 0.016428571428571428 0.024111675126903553
3 0.8428571428571429 0.233502538071066 0.012857142857142857 0.02030456852791878
3 0.8535714285714285 0.2296954314720812 0.012857142857142857 0.02030456852791878
3 0.8621428571428571 0.23096446700507614 0.012142857142857143 0.02030456852791878
3 0.8178571428571428 0.2550761421319797 0.011428571428571429 0.02284263959390863
3 0.8378571428571429 0.25380710659898476 0.014285714285714285 0.02284263959390863
3 0.8564285714285714 0.25380710659898476 0.015714285714285715 0.02284263959390863
3 0.8514285714285714 0.2512690355329949 0.012857142857142857 0.024111675126903553
3 0.8821428571428571 0.2512690355329949 0.012857142857142857 0.021573604060913704
3 0.8864285714285715 0.23096446700507614 0.013571428571428571 0.01903553299492386
3 0.8928571428571429 0.2296954314720812 0.016428571428571428 0.02284263959390863
3 0.9064285714285715 0.23096446700507614 0.015 0.01903553299492386
3 0.9014285714285715 0.25380710659898476 0.014285714285714285 0.01903553299492386
3 0.9185714285714286 0.22715736040609136 0.012857142857142857 0.021573604060913704
3 0.9307142857142857 0.22842639593908629 0.013571428571428571 0.021573604060913704
3 0.935 0.25 0.013571428571428571 0.02030456852791878
3 0.945 0.2512690355329949 0.014285714285714285 0.01903553299492386
3 0.975 0.22715736040609136 0.012142857142857143 0.02030456852791878
3 0.965 0.22842639593908629 0.009285714285714286 0.017766497461928935
3 0.9585714285714285 0.24619289340101522 0.012857142857142857 0.021573604060913704
3 0.9721428571428572 0.24746192893401014 0.011428571428571429 0.02030456852791878
3 0.9785714285714285 0.24619289340101522 0.015714285714285715 0.02284263959390863
3 0.9871428571428571 0.24873096446700507 0.012857142857142857 0.01903553299492386
3 0.815 0.2753807106598985 0.011428571428571429 0.021573604060913704
