3 0.318 0.7393333333333333 0.0845 0.13666666666666666
3 0.276 0.6393333333333333 0.057 0.07933333333333334
3 0.425 0.41933333333333334 0.0455 0.04733333333333333
3 0.3885 0.388 0.0435 0.042
3 0.3625 0.36333333333333334 0.0355 0.035333333333333335
3 0.3315 0.3393333333333333 0.0305 0.032
3 0.312 0.31533333333333335 0.028 0.03
3 0.2925 0.30466666666666664 0.0255 0.028666666666666667
3 0.2545 0.27266666666666667 0.023 0.022
3 0.2475 0.26266666666666666 0.0155 0.019333333333333334
3 0.24 0.254 0.018 0.014
1 0.236 0.2613333333333333 0.004 0.016666666666666666
4 0.2345 0.27 0.008 0.011333333333333334
3 0.2275 0.242 0.019 0.016666666666666666
3 0.2195 0.228 0.016 0.018666666666666668
3 0.2095 0.218 0.017 0.018666666666666668
3 0.1985 0.20066666666666666 0.012 0.016
3 0.1945 0.196 0.012 0.015333333333333332
3 0.109 0.27466666666666667 0.0205 0.026
3 0.049 0.30466666666666664 0.019 0.025333333333333333
3 0.0465 0.2853333333333333 0.0315 0.023333333333333334
3 0.044 0.27066666666666667 0.0355 0.018
3 0.034 0.2613333333333333 0.0265 0.014
3 0.0375 0.24933333333333332 0.0205 0.015333333333333332
3 0.0 0.3473333333333333 0.0245 0.028
3 0.0 0.32266666666666666 0.009 0.023333333333333334
3 0.0465 0.22 0.0185 0.018
3 0.046 0.214 0.016 0.008666666666666666
3 0.051 0.19266666666666668 0.014 0.016666666666666666
3 0.1185 0.13266666666666665 0.0105 0.009333333333333334
3 0.188 0.184 0.013 0.012666666666666666
3 0.185 0.16933333333333334 0.013 0.013333333333333334
3 0.1835 0.16266666666666665 0.0115 0.011333333333333334
1 0.1835 0.13533333333333333 0.0035 0.008666666666666666
1 0.1695 0.14866666666666667 0.003 0.006666666666666667
4 0.1695 0.15133333333333332 0.0045 0.006666666666666667
3 0.1305 0.11933333333333333 0.0085 0.01
3 0.138 0.11933333333333333 0.0045 0.006666666666666667
3 0.213 0.09466666666666666 0.006 0.006
