3 0.5105 0.0006666666666666666 0.0245 0.054
3 0.519 0.06 0.024 0.05533333333333333
3 0.5255 0.15333333333333332 0.024 0.076
3 0.4545 0.228 0.0235 0.064
3 0.4615 0.30533333333333335 0.029 0.07066666666666667
3 0.4465 0.38333333333333336 0.0465 0.04533333333333334
3 0.448 0.426 0.0475 0.056
3 0.5245 0.38 0.039 0.06533333333333333
3 0.643 0.45066666666666666 0.058 0.029333333333333333
3 0.564 0.464 0.0575 0.042666666666666665
3 0.5095 0.5313333333333333 0.0275 0.078
3 0.475 0.598 0.027 0.08533333333333333
3 0.5555 0.5993333333333334 0.0265 0.078
3 0.5625 0.684 0.0285 0.09533333333333334
3 0.468 0.7133333333333334 0.048 0.08466666666666667
3 0.507 0.92 0.033 0.08
3 0.5835 0.8293333333333334 0.0275 0.07933333333333334
3 0.5355 0.8066666666666666 0.0365 0.11133333333333334
3 0.6205 0.5726666666666667 0.0245 0.098
8 0.54 0.256 0.0295 0.08866666666666667
3 0.3685 0.20866666666666667 0.0195 0.06
4 0.452 0.19533333333333333 0.013 0.025333333333333333
1 0.507 0.30533333333333335 0.007 0.023333333333333334
1 0.5345 0.31933333333333336 0.007 0.021333333333333333
1 0.545 0.3406666666666667 0.0085 0.016666666666666666
1 0.5905 0.354 0.008 0.014666666666666666
8 0.574 0.272 0.0265 0.07333333333333333
1 0.5685 0.372 0.0085 0.016
4 0.562 0.38 0.019 0.016
4 0.634 0.41 0.0185 0.015333333333333332
4 0.626 0.422 0.0185 0.016
1 0.6065 0.396 0.013 0.018666666666666668
1 0.6665 0.4053333333333333 0.009 0.02
1 0.6775 0.414 0.013 0.014666666666666666
1 0.687 0.388 0.0095 0.017333333333333333
1 0.6935 0.39266666666666666 0.01 0.015333333333333332
8 0.6285 0.372 0.0635 0.03266666666666666
8 0.771 0.3353333333333333 0.0695 0.048666666666666664
1 0.786 0.418 0.011 0.015333333333333332
1 0.861 0.49533333333333335 0.016 0.016
1 0.805 0.422 0.012 0.014666666666666666
1 0.8905 0.4553333333333333 0.018 0.011333333333333334
1 0.888 0.44866666666666666 0.015 0.012
1 0.9055 0.43066666666666664 0.018 0.015333333333333332
1 0.889 0.42533333333333334 0.009 0.017333333333333333
1 0.897 0.43266666666666664 0.0125 0.012666666666666666
1 0.871 0.4066666666666667 0.0185 0.013333333333333334
2 0.9095 0.44 0.026 0.014
2 0.9315 0.446 0.022 0.012
1 0.9405 0.44 0.0165 0.013333333333333334
1 0.99 0.4553333333333333 0.01 0.014
4 0.9815 0.458 0.0185 0.015333333333333332
1 0.949 0.462 0.0175 0.012
1 0.9495 0.456 0.018 0.012666666666666666
1 0.951 0.48533333333333334 0.0135 0.014
2 0.9425 0.48333333333333334 0.034 0.022
2 0.9395 0.5966666666666667 0.0125 0.029333333333333333
8 0.8555 0.5746666666666667 0.0745 0.04133333333333333
8 0.734 0.528 0.0675 0.068
1 0.663 0.4866666666666667 0.009 0.015333333333333332
1 0.638 0.49066666666666664 0.0095 0.019333333333333334
1 0.568 0.5326666666666666 0.0075 0.013333333333333334
1 0.566 0.5206666666666667 0.0085 0.012666666666666666
1 0.5615 0.52 0.007 0.009333333333333334
1 0.5985 0.5026666666666667 0.0085 0.013333333333333334
4 0.595 0.506 0.0155 0.020666666666666667
4 0.489 0.892 0.013 0.025333333333333333
1 0.465 0.6906666666666667 0.009 0.011333333333333334
1 0.4765 0.5126666666666667 0.008 0.013333333333333334
1 0.4595 0.5266666666666666 0.008 0.014
1 0.471 0.5333333333333333 0.01 0.014
1 0.4545 0.5013333333333333 0.0115 0.016666666666666666
1 0.326 0.4033333333333333 0.009 0.021333333333333333
1 0.3055 0.43066666666666664 0.017 0.018666666666666668
1 0.313 0.5246666666666666 0.009 0.014
1 0.3015 0.564 0.0125 0.014666666666666666
1 0.2995 0.6026666666666667 0.0105 0.012
1 0.3025 0.6513333333333333 0.0125 0.014666666666666666
1 0.3695 0.5986666666666667 0.0125 0.014
1 0.279 0.598 0.011 0.012666666666666666
1 0.2755 0.6033333333333334 0.0115 0.016
1 0.2625 0.5726666666666667 0.013 0.014
1 0.3175 0.5073333333333333 0.007 0.007333333333333333
1 0.315 0.5106666666666667 0.008 0.007333333333333333
1 0.3115 0.514 0.014 0.010666666666666666
1 0.3085 0.608 0.0115 0.013333333333333334
4 0.3065 0.608 0.0165 0.021333333333333333
1 0.273 0.7073333333333334 0.0125 0.015333333333333332
1 0.2255 0.7086666666666667 0.013 0.013333333333333334
1 0.1915 0.734 0.018 0.013333333333333334
1 0.191 0.7793333333333333 0.0165 0.010666666666666666
1 0.1675 0.7766666666666666 0.0215 0.01
1 0.2395 0.7953333333333333 0.0135 0.01
4 0.1385 0.7686666666666667 0.027 0.018666666666666668
2 0.1675 0.8186666666666667 0.033 0.032
3 0.068 0.6886666666666666 0.0555 0.06266666666666666
4 0.042 0.704 0.0225 0.016666666666666666
4 0.1165 0.6206666666666667 0.016 0.019333333333333334
4 0.1025 0.6033333333333334 0.0165 0.02266666666666667
2 0.1105 0.61 0.016 0.022
2 0.0485 0.5446666666666666 0.033 0.048
3 0.012 0.5073333333333333 0.052 0.05333333333333334
2 0.146 0.618 0.01 0.02666666666666667
1 0.257 0.7733333333333333 0.013 0.018666666666666668
1 0.276 0.7726666666666666 0.0115 0.017333333333333333
1 0.2725 0.7966666666666666 0.0145 0.014666666666666666
1 0.276 0.8073333333333333 0.011 0.015333333333333332
1 0.276 0.82 0.0125 0.012666666666666666
1 0.276 0.8373333333333334 0.01 0.016
1 0.2785 0.858 0.01 0.015333333333333332
1 0.2525 0.8386666666666667 0.0145 0.018
2 0.254 0.8813333333333333 0.0095 0.04
1 0.259 0.9233333333333333 0.0125 0.016
1 0.2425 0.902 0.0155 0.014
1 0.234 0.9193333333333333 0.019 0.012666666666666666
1 0.25 0.9833333333333333 0.017 0.014
1 0.2395 0.95 0.02 0.018
1 0.2235 0.94 0.0135 0.018
1 0.224 0.9166666666666666 0.0125 0.016
1 0.2175 0.9206666666666666 0.0105 0.008666666666666666
1 0.211 0.9193333333333333 0.011 0.012666666666666666
4 0.238 0.92 0.0105 0.028
4 0.251 0.9666666666666667 0.015 0.03333333333333333
