8 0.0 0.0 0.07254697286012526 0.06957328385899815
8 0.1951983298538622 0.02040816326530612 0.06941544885177453 0.05844155844155844
4 0.4462421711899791 0.00927643784786642 0.019311064718162838 0.023191094619666047
4 0.5594989561586639 0.039888682745825604 0.022964509394572025 0.022263450834879406
4 0.6022964509394572 0.07884972170686456 0.014613778705636743 0.027829313543599257
2 0.5563674321503131 0.06215213358070501 0.014613778705636743 0.04638218923933209
1 0.6805845511482255 0.0 0.012004175365344467 0.012987012987012988
3 0.6717118997912317 0.06771799628942486 0.06419624217118998 0.06029684601113173
3 0.7776617954070981 0.08163265306122448 0.05897703549060543 0.059369202226345084
8 0.94258872651357 0.05380333951762523 0.055845511482254695 0.1150278293135436
1 0.8152400835073069 0.4536178107606679 0.015657620041753653 0.03339517625231911
3 0.7233820459290188 0.274582560296846 0.048538622129436326 0.10482374768089053
3 0.826722338204593 0.2680890538033395 0.05793319415448852 0.1280148423005566
3 0.8961377870563675 0.29591836734693877 0.054279749478079335 0.09461966604823747
2 0.8820459290187892 0.32560296846011133 0.019311064718162838 0.05658627087198516
4 0.8919624217118998 0.37662337662337664 0.015135699373695199 0.04081632653061224
4 0.8648225469728601 0.42207792207792205 0.018789144050104383 0.05287569573283859
4 0.9457202505219207 0.4424860853432282 0.01826722338204593 0.055658627087198514
4 0.9650313152400835 0.2764378478664193 0.030271398747390398 0.038033395176252316
1 0.7286012526096033 0.6985157699443414 0.02139874739039666 0.038033395176252316
3 0.3559498956158664 0.4035250463821892 0.05219206680584551 0.13172541743970315
8 0.11847599164926931 0.7068645640074211 0.09551148225469729 0.18831168831168832
