1 0.074 0.722 0.0055 0.016
3 0.274 0.7406666666666667 0.024 0.017333333333333333
3 0.301 0.75 0.025 0.018
3 0.3275 0.7553333333333333 0.028 0.018666666666666668
3 0.4115 0.766 0.0265 0.017333333333333333
3 0.414 0.7806666666666666 0.033 0.019333333333333334
1 0.5755 0.794 0.0055 0.015333333333333332
2 0.5725 0.802 0.0165 0.017333333333333333
1 0.6655 0.846 0.0065 0.017333333333333333
3 0.7135 0.8593333333333333 0.052 0.034666666666666665
3 0.8075 0.8706666666666667 0.0295 0.028666666666666667
