1 0.5942857142857143 0.6571428571428571 0.012857142857142857 0.030476190476190476
1 0.6192857142857143 0.6580952380952381 0.015 0.03142857142857143
1 0.625 0.6561904761904762 0.012142857142857143 0.02666666666666667
1 0.6 0.638095238095238 0.01 0.03333333333333333
1 0.6057142857142858 0.6342857142857142 0.011428571428571429 0.03333333333333333
1 0.505 0.5847619047619048 0.009285714285714286 0.02666666666666667
1 0.48714285714285716 0.5723809523809524 0.013571428571428571 0.02857142857142857
1 0.5007142857142857 0.5666666666666667 0.008571428571428572 0.02761904761904762
1 0.5078571428571429 0.5619047619047619 0.009285714285714286 0.02666666666666667
1 0.48 0.5561904761904762 0.012142857142857143 0.02666666666666667
1 0.44 0.5095238095238095 0.008571428571428572 0.025714285714285714
1 0.5721428571428572 0.31047619047619046 0.0064285714285714285 0.024761904761904763
1 0.5792857142857143 0.31238095238095237 0.0064285714285714285 0.01904761904761905
1 0.5835714285714285 0.31523809523809526 0.005714285714285714 0.018095238095238095
1 0.5964285714285714 0.3019047619047619 0.005714285714285714 0.01904761904761905
1 0.5992857142857143 0.3028571428571429 0.005714285714285714 0.01904761904761905
1 0.6042857142857143 0.2980952380952381 0.005 0.021904761904761906
1 0.6071428571428571 0.3 0.0064285714285714285 0.01904761904761905
1 0.6135714285714285 0.2923809523809524 0.005 0.01904761904761905
1 0.6164285714285714 0.29428571428571426 0.0064285714285714285 0.017142857142857144
1 0.5692857142857143 0.25523809523809526 0.0064285714285714285 0.01904761904761905
1 0.5735714285714286 0.2561904761904762 0.008571428571428572 0.02
4 0.07785714285714286 0.5352380952380953 0.030714285714285715 0.02857142857142857
1 0.09142857142857143 0.5295238095238095 0.012857142857142857 0.025714285714285714
1 0.08357142857142857 0.5323809523809524 0.013571428571428571 0.022857142857142857
1 0.06642857142857143 0.52 0.017142857142857144 0.02857142857142857
1 0.025714285714285714 0.5104761904761905 0.02 0.025714285714285714
1 0.009285714285714286 0.5152380952380953 0.018571428571428572 0.023809523809523808
1 0.16071428571428573 0.4742857142857143 0.012857142857142857 0.02666666666666667
1 0.15714285714285714 0.4742857142857143 0.012142857142857143 0.025714285714285714
2 0.7028571428571428 0.2695238095238095 0.023571428571428573 0.024761904761904763
