3 0.598 0.7026666666666667 0.071 0.17066666666666666
1 0.5115 0.7793333333333333 0.016 0.029333333333333333
4 0.4355 0.8393333333333334 0.025 0.056
1 0.4435 0.808 0.017 0.025333333333333333
1 0.3905 0.788 0.01 0.019333333333333334
1 0.3965 0.7953333333333333 0.0255 0.029333333333333333
1 0.4375 0.786 0.015 0.027333333333333334
1 0.44 0.7633333333333333 0.014 0.023333333333333334
8 0.2655 0.692 0.0955 0.308
2 0.4945 0.6566666666666666 0.0155 0.058
1 0.494 0.6633333333333333 0.017 0.025333333333333333
1 0.4615 0.5713333333333334 0.0095 0.037333333333333336
1 0.4505 0.5166666666666667 0.018 0.028
8 0.411 0.456 0.0525 0.16133333333333333
4 0.5365 0.4673333333333333 0.0145 0.04733333333333333
1 0.536 0.47333333333333333 0.0155 0.021333333333333333
8 0.421 0.32466666666666666 0.04 0.11466666666666667
1 0.4625 0.30133333333333334 0.0115 0.038
4 0.416 0.24 0.0165 0.034
1 0.4195 0.212 0.0105 0.021333333333333333
1 0.4545 0.16466666666666666 0.011 0.036
1 0.464 0.16466666666666666 0.01 0.03666666666666667
3 0.3535 0.10266666666666667 0.0735 0.06133333333333333
3 0.42 0.03866666666666667 0.0305 0.062
1 0.4535 0.11466666666666667 0.011 0.035333333333333335
4 0.4415 0.12533333333333332 0.012 0.02666666666666667
1 0.441 0.11533333333333333 0.0125 0.03133333333333333
3 0.457 0.0 0.0285 0.048
4 0.439 0.008 0.009 0.024
1 0.4345 0.0 0.0145 0.026
1 0.4195 0.008666666666666666 0.01 0.028666666666666667
1 0.418 0.0 0.0055 0.03
8 0.3765 0.0 0.062 0.03
1 0.539 0.134 0.0155 0.034
1 0.501 0.13266666666666665 0.011 0.019333333333333334
1 0.5 0.12133333333333333 0.0115 0.03
4 0.5005 0.12666666666666668 0.0115 0.03133333333333333
8 0.5175 0.07066666666666667 0.034 0.07866666666666666
3 0.5515 0.2793333333333333 0.036 0.08666666666666667
8 0.573 0.3586666666666667 0.083 0.08933333333333333
