1 0.4365 0.013333333333333334 0.005 0.02
3 0.4205 0.052 0.0085 0.019333333333333334
3 0.4185 0.06666666666666667 0.008 0.017333333333333333
3 0.415 0.08133333333333333 0.0105 0.019333333333333334
4 0.431 0.11533333333333333 0.005 0.016666666666666666
6 0.52 0.042 0.0175 0.050666666666666665
3 0.549 0.009333333333333334 0.0095 0.014
3 0.551 0.022 0.0085 0.012666666666666666
3 0.552 0.03266666666666666 0.01 0.013333333333333334
3 0.553 0.042666666666666665 0.0105 0.017333333333333333
3 0.5565 0.056666666666666664 0.009 0.018
3 0.557 0.07333333333333333 0.0115 0.017333333333333333
3 0.5595 0.08733333333333333 0.0125 0.015333333333333332
3 0.563 0.10066666666666667 0.013 0.016
3 0.627 0.10533333333333333 0.0235 0.013333333333333334
3 0.6275 0.126 0.024 0.015333333333333332
3 0.652 0.128 0.0225 0.014
3 0.6385 0.14133333333333334 0.024 0.015333333333333332
3 0.51 0.12266666666666666 0.0105 0.02
3 0.562 0.16933333333333334 0.0245 0.02
3 0.54 0.202 0.0135 0.019333333333333334
3 0.538 0.248 0.0155 0.028666666666666667
3 0.544 0.2986666666666667 0.0165 0.03133333333333333
3 0.5875 0.29333333333333333 0.015 0.027333333333333334
3 0.6 0.3873333333333333 0.018 0.03666666666666667
3 0.606 0.42733333333333334 0.017 0.03266666666666666
3 0.597 0.47333333333333333 0.0205 0.04533333333333334
3 0.729 0.45266666666666666 0.028 0.037333333333333336
3 0.716 0.518 0.028 0.048
1 0.7215 0.5073333333333333 0.0085 0.015333333333333332
3 0.783 0.452 0.024 0.034
1 0.6245 0.52 0.0075 0.021333333333333333
1 0.5915 0.514 0.0065 0.020666666666666667
1 0.581 0.514 0.006 0.020666666666666667
3 0.6265 0.5706666666666667 0.0205 0.037333333333333336
3 0.632 0.6246666666666667 0.024 0.05
3 0.6405 0.6946666666666667 0.028 0.06
3 0.658 0.784 0.031 0.059333333333333335
3 0.697 0.966 0.0305 0.034
3 0.4525 0.21933333333333332 0.016 0.03266666666666666
3 0.4545 0.3006666666666667 0.0155 0.03666666666666667
3 0.392 0.262 0.013 0.025333333333333333
3 0.389 0.288 0.0135 0.028666666666666667
3 0.3835 0.332 0.0145 0.03266666666666666
3 0.379 0.3606666666666667 0.0175 0.035333333333333335
1 0.4035 0.322 0.005 0.017333333333333333
1 0.352 0.4126666666666667 0.0055 0.016
1 0.3485 0.412 0.005 0.016
3 0.3715 0.414 0.0175 0.04066666666666666
3 0.3675 0.44733333333333336 0.018 0.037333333333333336
3 0.358 0.4886666666666667 0.0215 0.056666666666666664
3 0.3535 0.562 0.0195 0.05733333333333333
1 0.3355 0.5873333333333334 0.0055 0.015333333333333332
1 0.329 0.59 0.005 0.016666666666666666
3 0.334 0.698 0.025 0.06533333333333333
3 0.324 0.7746666666666666 0.0285 0.06733333333333333
1 0.348 0.84 0.008 0.018666666666666668
3 0.307 0.8626666666666667 0.033 0.09666666666666666
3 0.429 0.916 0.0245 0.084
6 0.3905 0.6866666666666666 0.037 0.17133333333333334
3 0.4385 0.6993333333333334 0.0215 0.07066666666666667
3 0.4705 0.7533333333333333 0.0245 0.08266666666666667
3 0.0585 0.5146666666666667 0.044 0.03
3 0.071 0.4846666666666667 0.0425 0.03
