1 0.6021428571428571 0.8685714285714285 0.013571428571428571 0.047619047619047616
2 0.5842857142857143 0.8933333333333333 0.019285714285714285 0.035238095238095235
1 0.5171428571428571 0.6971428571428572 0.005714285714285714 0.021904761904761906
1 0.5214285714285715 0.7047619047619048 0.0035714285714285713 0.01619047619047619
1 0.625 0.7066666666666667 0.005 0.02095238095238095
1 0.6285714285714286 0.7076190476190476 0.005714285714285714 0.021904761904761906
1 0.5228571428571429 0.5895238095238096 0.002857142857142857 0.013333333333333334
1 0.5271428571428571 0.5876190476190476 0.002857142857142857 0.014285714285714285
3 0.695 0.8228571428571428 0.07285714285714286 0.039047619047619046
3 0.7171428571428572 0.7342857142857143 0.05071428571428571 0.025714285714285714
3 0.7014285714285714 0.7238095238095238 0.04357142857142857 0.02666666666666667
3 0.6878571428571428 0.7133333333333334 0.04214285714285714 0.02761904761904762
3 0.6757142857142857 0.7057142857142857 0.04285714285714286 0.021904761904761906
3 0.6564285714285715 0.6904761904761905 0.04642857142857143 0.02666666666666667
3 0.6442857142857142 0.679047619047619 0.03857142857142857 0.023809523809523808
3 0.6271428571428571 0.6723809523809524 0.03857142857142857 0.023809523809523808
3 0.6185714285714285 0.6628571428571428 0.03857142857142857 0.023809523809523808
3 0.6064285714285714 0.6523809523809524 0.03857142857142857 0.023809523809523808
3 0.5985714285714285 0.6476190476190476 0.03785714285714286 0.02
3 0.5921428571428572 0.6419047619047619 0.03785714285714286 0.02
3 0.5828571428571429 0.6333333333333333 0.03785714285714286 0.02
3 0.5778571428571428 0.6304761904761905 0.03785714285714286 0.02
3 0.5728571428571428 0.6257142857142857 0.03785714285714286 0.02
1 0.6042857142857143 0.7676190476190476 0.010714285714285714 0.017142857142857144
3 0.6078571428571429 0.7571428571428571 0.05785714285714286 0.03333333333333333
3 0.5964285714285714 0.7447619047619047 0.052142857142857144 0.025714285714285714
3 0.5864285714285714 0.7304761904761905 0.04857142857142857 0.02761904761904762
3 0.5721428571428572 0.7171428571428572 0.04928571428571429 0.02666666666666667
3 0.5692857142857143 0.7076190476190476 0.04285714285714286 0.022857142857142857
3 0.5664285714285714 0.6971428571428572 0.04071428571428572 0.02095238095238095
3 0.5621428571428572 0.6895238095238095 0.04071428571428572 0.02
3 0.48714285714285716 0.66 0.03428571428571429 0.01904761904761905
3 0.48142857142857143 0.6542857142857142 0.03214285714285714 0.017142857142857144
3 0.4807142857142857 0.6504761904761904 0.03142857142857143 0.01619047619047619
3 0.4828571428571429 0.6428571428571429 0.03142857142857143 0.017142857142857144
3 0.5021428571428571 0.6361904761904762 0.03 0.015238095238095238
3 0.49857142857142855 0.6304761904761905 0.03 0.014285714285714285
3 0.495 0.6257142857142857 0.03 0.015238095238095238
3 0.495 0.6228571428571429 0.030714285714285715 0.014285714285714285
3 0.49142857142857144 0.6209523809523809 0.027857142857142858 0.013333333333333334
3 0.49142857142857144 0.6171428571428571 0.027142857142857142 0.013333333333333334
3 0.4857142857142857 0.6133333333333333 0.027857142857142858 0.013333333333333334
3 0.48214285714285715 0.6104761904761905 0.027142857142857142 0.013333333333333334
3 0.4828571428571429 0.6066666666666667 0.02214285714285714 0.013333333333333334
3 0.47785714285714287 0.6038095238095238 0.02214285714285714 0.012380952380952381
3 0.4514285714285714 0.6123809523809524 0.025 0.011428571428571429
3 0.45285714285714285 0.6076190476190476 0.022857142857142857 0.009523809523809525
3 0.5421428571428571 0.6104761904761905 0.025714285714285714 0.012380952380952381
3 0.5371428571428571 0.6009523809523809 0.018571428571428572 0.012380952380952381
3 0.4521428571428571 0.5771428571428572 0.016428571428571428 0.006666666666666667
1 0.4492857142857143 0.5723809523809524 0.002142857142857143 0.008571428571428572
1 0.4492857142857143 0.5523809523809524 0.002142857142857143 0.006666666666666667
1 0.45714285714285713 0.5495238095238095 0.002142857142857143 0.005714285714285714
3 0.5007142857142857 0.58 0.014285714285714285 0.007619047619047619
3 0.49642857142857144 0.5771428571428572 0.016428571428571428 0.007619047619047619
3 0.4942857142857143 0.5742857142857143 0.016428571428571428 0.007619047619047619
3 0.43357142857142855 0.579047619047619 0.015714285714285715 0.007619047619047619
3 0.43357142857142855 0.5733333333333334 0.012857142857142857 0.007619047619047619
3 0.4328571428571429 0.5723809523809524 0.015714285714285715 0.008571428571428572
3 0.49214285714285716 0.5723809523809524 0.015714285714285715 0.007619047619047619
3 0.49 0.5704761904761905 0.015714285714285715 0.007619047619047619
3 0.4878571428571429 0.5695238095238095 0.016428571428571428 0.007619047619047619
3 0.48642857142857143 0.5685714285714286 0.015714285714285715 0.007619047619047619
3 0.4828571428571429 0.5666666666666667 0.015714285714285715 0.007619047619047619
3 0.48 0.5638095238095238 0.015714285714285715 0.008571428571428572
3 0.4757142857142857 0.5619047619047619 0.016428571428571428 0.008571428571428572
3 0.47714285714285715 0.559047619047619 0.016428571428571428 0.008571428571428572
3 0.4735714285714286 0.5561904761904762 0.015714285714285715 0.008571428571428572
3 0.4707142857142857 0.5552380952380952 0.015714285714285715 0.008571428571428572
3 0.4685714285714286 0.5542857142857143 0.016428571428571428 0.007619047619047619
3 0.4664285714285714 0.5523809523809524 0.015714285714285715 0.008571428571428572
3 0.4664285714285714 0.5504761904761905 0.015714285714285715 0.008571428571428572
3 0.4635714285714286 0.5495238095238095 0.016428571428571428 0.008571428571428572
3 0.46 0.5476190476190477 0.016428571428571428 0.007619047619047619
3 0.45285714285714285 0.5714285714285714 0.012857142857142857 0.007619047619047619
3 0.45071428571428573 0.5685714285714286 0.012857142857142857 0.008571428571428572
3 0.44857142857142857 0.5676190476190476 0.012857142857142857 0.007619047619047619
3 0.44357142857142856 0.5628571428571428 0.012857142857142857 0.007619047619047619
3 0.445 0.5638095238095238 0.012857142857142857 0.008571428571428572
3 0.44 0.559047619047619 0.012857142857142857 0.008571428571428572
3 0.44142857142857145 0.56 0.012857142857142857 0.007619047619047619
3 0.43714285714285717 0.5542857142857143 0.012857142857142857 0.007619047619047619
3 0.43714285714285717 0.5514285714285714 0.012857142857142857 0.008571428571428572
3 0.43642857142857144 0.5533333333333333 0.012857142857142857 0.007619047619047619
3 0.43642857142857144 0.5495238095238095 0.012857142857142857 0.007619047619047619
3 0.41928571428571426 0.5514285714285714 0.012857142857142857 0.007619047619047619
3 0.4207142857142857 0.5533333333333333 0.012857142857142857 0.009523809523809525
3 0.42142857142857143 0.5552380952380952 0.012857142857142857 0.009523809523809525
3 0.42214285714285715 0.5571428571428572 0.012857142857142857 0.009523809523809525
3 0.4235714285714286 0.56 0.012857142857142857 0.008571428571428572
3 0.425 0.560952380952381 0.012857142857142857 0.008571428571428572
3 0.4257142857142857 0.5619047619047619 0.012857142857142857 0.009523809523809525
3 0.42642857142857143 0.5647619047619048 0.012857142857142857 0.008571428571428572
3 0.4278571428571429 0.5666666666666667 0.012857142857142857 0.008571428571428572
3 0.42214285714285715 0.5904761904761905 0.009285714285714286 0.009523809523809525
3 0.39357142857142857 0.5257142857142857 0.002857142857142857 0.0038095238095238095
3 0.4014285714285714 0.5295238095238095 0.002857142857142857 0.0038095238095238095
3 0.4 0.5276190476190477 0.002857142857142857 0.004761904761904762
3 0.4057142857142857 0.54 0.0035714285714285713 0.004761904761904762
3 0.40714285714285714 0.5466666666666666 0.005 0.004761904761904762
3 0.40714285714285714 0.5485714285714286 0.005 0.004761904761904762
3 0.40714285714285714 0.5504761904761905 0.005 0.004761904761904762
3 0.4085714285714286 0.5542857142857143 0.004285714285714286 0.004761904761904762
3 0.40285714285714286 0.579047619047619 0.007857142857142858 0.009523809523809525
3 0.39785714285714285 0.5523809523809524 0.005 0.006666666666666667
3 0.39714285714285713 0.5447619047619048 0.004285714285714286 0.004761904761904762
6 0.38785714285714284 0.5228571428571429 0.002857142857142857 0.0038095238095238095
3 0.38357142857142856 0.5228571428571429 0.002857142857142857 0.004761904761904762
3 0.38642857142857145 0.5295238095238095 0.0035714285714285713 0.0038095238095238095
3 0.38857142857142857 0.5314285714285715 0.002857142857142857 0.0038095238095238095
3 0.38285714285714284 0.5371428571428571 0.0035714285714285713 0.004761904761904762
6 0.38642857142857145 0.539047619047619 0.004285714285714286 0.006666666666666667
3 0.37642857142857145 0.5447619047619048 0.0035714285714285713 0.004761904761904762
6 0.37642857142857145 0.5419047619047619 0.0035714285714285713 0.005714285714285714
3 0.38357142857142856 0.5485714285714286 0.005 0.006666666666666667
1 0.35428571428571426 0.5914285714285714 0.002857142857142857 0.011428571428571429
1 0.35285714285714287 0.5885714285714285 0.002857142857142857 0.012380952380952381
3 0.36 0.5447619047619048 0.011428571428571429 0.006666666666666667
3 0.35642857142857143 0.5523809523809524 0.01 0.006666666666666667
3 0.3607142857142857 0.5476190476190477 0.011428571428571429 0.006666666666666667
3 0.32571428571428573 0.559047619047619 0.007857142857142858 0.008571428571428572
6 0.32785714285714285 0.5638095238095238 0.010714285714285714 0.015238095238095238
3 0.32 0.6333333333333333 0.015714285714285715 0.017142857142857144
3 0.4107142857142857 0.6361904761904762 0.014285714285714285 0.018095238095238095
3 0.3364285714285714 0.6847619047619048 0.018571428571428572 0.02666666666666667
