3 0.5092857142857142 0.19543147208121828 0.015 0.03426395939086294
3 0.49357142857142855 0.15101522842639595 0.013571428571428571 0.027918781725888325
3 0.5178571428571429 0.13451776649746192 0.01 0.025380710659898477
3 0.5357142857142857 0.09390862944162437 0.014285714285714285 0.024111675126903553
3 0.5464285714285714 0.02030456852791878 0.015714285714285715 0.024111675126903553
3 0.5264285714285715 0.027918781725888325 0.011428571428571429 0.017766497461928935
3 0.5835714285714285 0.0038071065989847717 0.011428571428571429 0.02284263959390863
3 0.595 0.25 0.015714285714285715 0.03807106598984772
3 0.47714285714285715 0.24873096446700507 0.015 0.03680203045685279
3 0.44571428571428573 0.41116751269035534 0.03 0.08375634517766498
6 0.3914285714285714 0.516497461928934 0.03857142857142857 0.1116751269035533
3 0.395 0.7068527918781726 0.027857142857142858 0.06852791878172589
3 0.34214285714285714 0.7398477157360406 0.03642857142857143 0.07614213197969544
3 0.6992857142857143 0.43908629441624364 0.030714285714285715 0.050761421319796954
1 0.65 0.1548223350253807 0.004285714285714286 0.02030456852791878
1 0.5985714285714285 0.027918781725888325 0.0035714285714285713 0.013959390862944163
4 0.5971428571428572 0.03299492385786802 0.005 0.013959390862944163
