3 0.4707142857142857 0.8972081218274112 0.02214285714285714 0.06472081218274112
3 0.5264285714285715 0.6916243654822335 0.018571428571428572 0.048223350253807105
3 0.5557142857142857 0.6104060913705583 0.017142857142857144 0.04314720812182741
3 0.515 0.5380710659898477 0.012857142857142857 0.027918781725888325
3 0.3357142857142857 0.44923857868020306 0.024285714285714285 0.021573604060913704
3 0.5335714285714286 0.4543147208121827 0.012142857142857143 0.02918781725888325
3 0.5142857142857142 0.45558375634517767 0.010714285714285714 0.031725888324873094
3 0.5107142857142857 0.4086294416243655 0.01 0.01903553299492386
3 0.5228571428571429 0.38071065989847713 0.009285714285714286 0.02030456852791878
3 0.5071428571428571 0.36928934010152287 0.008571428571428572 0.01903553299492386
3 0.4942857142857143 0.4073604060913706 0.010714285714285714 0.02030456852791878
3 0.5007142857142857 0.31725888324873097 0.008571428571428572 0.017766497461928935
3 0.4692857142857143 0.3350253807106599 0.008571428571428572 0.017766497461928935
3 0.5 0.28426395939086296 0.0064285714285714285 0.01649746192893401
3 0.49785714285714283 0.26649746192893403 0.007142857142857143 0.01649746192893401
3 0.4692857142857143 0.27411167512690354 0.0064285714285714285 0.012690355329949238
3 0.49214285714285716 0.3883248730964467 0.007857142857142858 0.01649746192893401
3 0.4878571428571429 0.4302030456852792 0.015 0.0266497461928934
6 0.49142857142857144 0.35152284263959394 0.010714285714285714 0.03680203045685279
3 0.48714285714285716 0.2703045685279188 0.007142857142857143 0.02030456852791878
3 0.46785714285714286 0.22461928934010153 0.005714285714285714 0.01649746192893401
3 0.5442857142857143 0.5088832487309645 0.012142857142857143 0.03807106598984772
3 0.5764285714285714 0.7715736040609137 0.022857142857142857 0.06091370558375635
3 0.5157142857142857 0.8261421319796954 0.02142857142857143 0.06598984771573604
3 0.43642857142857144 0.8565989847715736 0.02 0.06725888324873096
3 0.6035714285714285 0.9593908629441624 0.027142857142857142 0.03934010152284264
3 0.9542857142857143 0.6129441624365483 0.045714285714285714 0.03807106598984772
