3 0.38142857142857145 0.72 0.045714285714285714 0.054285714285714284
3 0.4257142857142857 0.6152380952380953 0.025714285714285714 0.03142857142857143
3 0.4635714285714286 0.579047619047619 0.020714285714285713 0.025714285714285714
3 0.49357142857142855 0.5533333333333333 0.017857142857142856 0.018095238095238095
3 0.5378571428571428 0.518095238095238 0.013571428571428571 0.014285714285714285
3 0.5635714285714286 0.49523809523809526 0.014285714285714285 0.01904761904761905
3 0.32357142857142857 0.7352380952380952 0.055 0.06190476190476191
3 0.2742857142857143 0.7438095238095238 0.055 0.06190476190476191
3 0.4107142857142857 0.6580952380952381 0.03357142857142857 0.03428571428571429
3 0.3742857142857143 0.6819047619047619 0.039285714285714285 0.05047619047619047
3 0.33714285714285713 0.6904761904761905 0.045 0.05047619047619047
3 0.10714285714285714 0.7628571428571429 0.08 0.04666666666666667
3 0.15428571428571428 0.7333333333333333 0.054285714285714284 0.037142857142857144
3 0.22071428571428572 0.7038095238095238 0.04642857142857143 0.047619047619047616
3 0.19714285714285715 0.7019047619047619 0.045714285714285714 0.04
3 0.16857142857142857 0.6961904761904761 0.04857142857142857 0.04857142857142857
3 0.145 0.6952380952380952 0.04642857142857143 0.05238095238095238
3 0.29642857142857143 0.6447619047619048 0.03642857142857143 0.03619047619047619
3 0.2735714285714286 0.6447619047619048 0.037142857142857144 0.03142857142857143
3 0.2557142857142857 0.6447619047619048 0.03142857142857143 0.025714285714285714
1 0.23214285714285715 0.6704761904761904 0.01 0.025714285714285714
1 0.21571428571428572 0.6628571428571428 0.010714285714285714 0.03142857142857143
1 0.20214285714285715 0.6742857142857143 0.007142857142857143 0.03142857142857143
1 0.16642857142857143 0.6628571428571428 0.009285714285714286 0.02857142857142857
1 0.3192857142857143 0.86 0.011428571428571429 0.03333333333333333
1 0.32142857142857145 0.8476190476190476 0.009285714285714286 0.03428571428571429
1 0.37714285714285717 0.8733333333333333 0.010714285714285714 0.04380952380952381
1 0.15428571428571428 0.8180952380952381 0.012142857142857143 0.030476190476190476
1 0.16142857142857142 0.8180952380952381 0.01 0.02761904761904762
1 0.13428571428571429 0.819047619047619 0.012142857142857143 0.03142857142857143
1 0.14285714285714285 0.8161904761904762 0.010714285714285714 0.030476190476190476
4 0.15214285714285714 0.8304761904761905 0.02 0.03428571428571429
4 0.13 0.8333333333333334 0.024285714285714285 0.03142857142857143
3 0.5771428571428572 0.4780952380952381 0.013571428571428571 0.01904761904761905
1 0.7221428571428572 0.8847619047619047 0.015 0.035238095238095235
1 0.7407142857142858 0.8942857142857142 0.016428571428571428 0.03428571428571429
