8 0.0014285714285714286 0.9247619047619048 0.15 0.07523809523809524
1 0.12571428571428572 0.799047619047619 0.02857142857142857 0.05142857142857143
1 0.4857142857142857 0.49523809523809526 0.014285714285714285 0.03238095238095238
1 0.5242857142857142 0.44857142857142857 0.011428571428571429 0.029523809523809525
1 0.57 0.5190476190476191 0.014285714285714285 0.03619047619047619
1 0.7207142857142858 0.45904761904761904 0.007857142857142858 0.02666666666666667
1 0.7957142857142857 0.38571428571428573 0.010714285714285714 0.025714285714285714
1 0.9807142857142858 0.2695238095238095 0.005 0.011428571428571429
4 0.9771428571428571 0.2742857142857143 0.013571428571428571 0.006666666666666667
3 0.7214285714285714 0.28 0.022857142857142857 0.017142857142857144
3 0.7357142857142858 0.2857142857142857 0.017857142857142856 0.013333333333333334
3 0.7464285714285714 0.2866666666666667 0.023571428571428573 0.014285714285714285
3 0.7228571428571429 0.3 0.02142857142857143 0.01904761904761905
3 0.7664285714285715 0.2876190476190476 0.02142857142857143 0.015238095238095238
3 0.78 0.2885714285714286 0.023571428571428573 0.01619047619047619
3 0.7985714285714286 0.29333333333333333 0.02142857142857143 0.015238095238095238
3 0.8157142857142857 0.29619047619047617 0.024285714285714285 0.01619047619047619
3 0.8421428571428572 0.2980952380952381 0.027857142857142858 0.015238095238095238
3 0.6607142857142857 0.49523809523809526 0.047142857142857146 0.040952380952380955
3 0.5807142857142857 0.5171428571428571 0.056428571428571425 0.06476190476190476
3 0.465 0.6123809523809524 0.07571428571428572 0.07523809523809524
4 0.49714285714285716 0.46190476190476193 0.010714285714285714 0.024761904761904763
1 0.5492857142857143 0.3838095238095238 0.0064285714285714285 0.02095238095238095
1 0.5557142857142857 0.38476190476190475 0.0064285714285714285 0.021904761904761906
3 0.5357142857142857 0.3761904761904762 0.022857142857142857 0.02666666666666667
3 0.4042857142857143 0.4542857142857143 0.05357142857142857 0.037142857142857144
3 0.5528571428571428 0.41523809523809524 0.032857142857142856 0.0380952380952381
3 0.6242857142857143 0.44761904761904764 0.05 0.0380952380952381
3 0.3742857142857143 0.6838095238095238 0.09214285714285714 0.08761904761904762
