3 0.07285714285714286 0.0 0.03785714285714286 0.05714285714285714
3 0.06571428571428571 0.05714285714285714 0.04285714285714286 0.06476190476190476
3 0.052142857142857144 0.11428571428571428 0.047857142857142855 0.07238095238095238
3 0.03642857142857143 0.16857142857142857 0.05142857142857143 0.09142857142857143
3 0.019285714285714285 0.26285714285714284 0.056428571428571425 0.10285714285714286
3 0.08428571428571428 0.2885714285714286 0.05785714285714286 0.11238095238095239
3 0.19857142857142857 0.21333333333333335 0.04642857142857143 0.1019047619047619
1 0.25285714285714284 0.23904761904761904 0.02 0.05619047619047619
1 0.24642857142857144 0.10666666666666667 0.018571428571428572 0.039047619047619046
1 0.2571428571428571 0.09523809523809523 0.017142857142857144 0.040952380952380955
3 0.0 0.38476190476190475 0.06 0.12857142857142856
6 0.2914285714285714 0.0 0.045714285714285714 0.0380952380952381
3 0.33214285714285713 0.1580952380952381 0.04357142857142857 0.07904761904761905
3 0.38642857142857145 0.018095238095238095 0.04642857142857143 0.06666666666666667
3 0.415 0.07904761904761905 0.041428571428571426 0.05904761904761905
3 0.45357142857142857 0.07047619047619047 0.03857142857142857 0.05619047619047619
3 0.5014285714285714 0.010476190476190476 0.06785714285714285 0.039047619047619046
3 0.5307142857142857 0.03428571428571429 0.06571428571428571 0.05142857142857143
3 0.5021428571428571 0.28 0.065 0.09619047619047619
3 0.4542857142857143 0.38476190476190475 0.056428571428571425 0.11619047619047619
3 0.5885714285714285 0.3457142857142857 0.06785714285714285 0.10095238095238095
3 0.6228571428571429 0.2761904761904762 0.07214285714285715 0.10952380952380952
3 0.5278571428571428 0.36952380952380953 0.06571428571428571 0.10095238095238095
3 0.5528571428571428 0.2523809523809524 0.05928571428571429 0.10761904761904761
4 0.6057142857142858 0.11428571428571428 0.04071428571428572 0.045714285714285714
3 0.6142857142857143 0.14857142857142858 0.07642857142857143 0.05904761904761905
3 0.6392857142857142 0.18857142857142858 0.07857142857142857 0.05619047619047619
3 0.7885714285714286 0.43714285714285717 0.11428571428571428 0.14952380952380953
3 0.6471428571428571 0.6676190476190477 0.12 0.19523809523809524
3 0.5364285714285715 0.5866666666666667 0.08142857142857143 0.15904761904761905
8 0.5778571428571428 0.48095238095238096 0.10928571428571429 0.18095238095238095
1 0.56 0.7695238095238095 0.023571428571428573 0.054285714285714284
3 0.0 0.5238095238095238 0.04642857142857143 0.12380952380952381
3 0.0 0.6447619047619048 0.030714285714285715 0.19428571428571428
3 0.0 0.8666666666666667 0.025714285714285714 0.13142857142857142
3 0.7407142857142858 0.66 0.15928571428571428 0.2276190476190476
4 0.8578571428571429 0.66 0.04285714285714286 0.06857142857142857
1 0.8664285714285714 0.6523809523809524 0.02642857142857143 0.03619047619047619
3 0.635 0.8838095238095238 0.10571428571428572 0.11619047619047619
3 0.7492857142857143 0.9419047619047619 0.09857142857142857 0.05714285714285714
