3 0.4592857142857143 0.5888324873096447 0.023571428571428573 0.05583756345177665
3 0.355 0.5532994923857868 0.027142857142857142 0.046954314720812185
3 0.45 0.350253807106599 0.017857142857142856 0.025380710659898477
3 0.5364285714285715 0.34390862944162437 0.015 0.0266497461928934
8 0.5107142857142857 0.3197969543147208 0.02214285714285714 0.04949238578680203
3 0.6078571428571429 0.23477157360406092 0.01 0.017766497461928935
3 0.5314285714285715 0.2131979695431472 0.009285714285714286 0.015228426395939087
3 0.5464285714285714 0.18527918781725888 0.009285714285714286 0.015228426395939087
3 0.595 0.16751269035532995 0.009285714285714286 0.01903553299492386
3 0.5914285714285714 0.12436548223350254 0.007857142857142858 0.012690355329949238
3 0.585 0.11928934010152284 0.007142857142857143 0.012690355329949238
3 0.5885714285714285 0.11294416243654823 0.007142857142857143 0.01015228426395939
3 0.6021428571428571 0.1065989847715736 0.005714285714285714 0.008883248730964468
