3 0.0 0.47714285714285715 0.075 0.08857142857142856
3 0.29428571428571426 0.5657142857142857 0.12285714285714286 0.12095238095238095
1 0.28785714285714287 0.6180952380952381 0.02214285714285714 0.047619047619047616
1 0.28214285714285714 0.6457142857142857 0.018571428571428572 0.0419047619047619
1 0.10357142857142858 0.9466666666666667 0.04071428571428572 0.0380952380952381
1 0.795 0.6838095238095238 0.08785714285714286 0.17142857142857143
3 0.5842857142857143 0.5523809523809524 0.08142857142857143 0.1438095238095238
3 0.44857142857142857 0.4828571428571429 0.09428571428571429 0.1380952380952381
3 0.3964285714285714 0.439047619047619 0.09071428571428572 0.12857142857142856
8 0.5057142857142857 0.47714285714285715 0.10714285714285714 0.18761904761904763
8 0.20357142857142857 0.26285714285714284 0.08571428571428572 0.09523809523809523
3 0.25214285714285717 0.2895238095238095 0.07857142857142857 0.09047619047619047
1 0.27785714285714286 0.14857142857142858 0.015714285714285715 0.0419047619047619
3 0.12142857142857143 0.29428571428571426 0.09142857142857143 0.08857142857142856
3 0.11 0.1438095238095238 0.07071428571428572 0.07142857142857142
8 0.10571428571428572 0.17238095238095238 0.13357142857142856 0.13238095238095238
4 0.002142857142857143 0.13714285714285715 0.027142857142857142 0.037142857142857144
1 0.0 0.1 0.019285714285714285 0.03238095238095238
4 0.6585714285714286 0.31047619047619046 0.03357142857142857 0.02857142857142857
