3 0.6578571428571428 0.7466666666666667 0.054285714285714284 0.04
3 0.48928571428571427 0.2857142857142857 0.007857142857142858 0.014285714285714285
3 0.5257142857142857 0.15428571428571428 0.005 0.008571428571428572
3 0.37214285714285716 0.2580952380952381 0.014285714285714285 0.010476190476190476
3 0.35214285714285715 0.2904761904761905 0.018571428571428572 0.012380952380952381
6 0.09571428571428571 0.42095238095238097 0.125 0.07714285714285714
6 0.06571428571428571 0.4238095238095238 0.10785714285714286 0.08
6 0.025714285714285714 0.42857142857142855 0.10785714285714286 0.07523809523809524
6 0.0007142857142857143 0.43142857142857144 0.09642857142857143 0.09238095238095238
6 0.0 0.43047619047619046 0.06428571428571428 0.06095238095238095
6 0.0 0.4276190476190476 0.041428571428571426 0.04285714285714286
6 0.0 0.4219047619047619 0.018571428571428572 0.025714285714285714
1 0.31357142857142856 0.2638095238095238 0.002857142857142857 0.007619047619047619
1 0.31785714285714284 0.26761904761904765 0.004285714285714286 0.008571428571428572
1 0.31285714285714283 0.2885714285714286 0.005 0.010476190476190476
1 0.31285714285714283 0.2761904761904762 0.0035714285714285713 0.007619047619047619
1 0.3007142857142857 0.2752380952380952 0.004285714285714286 0.010476190476190476
1 0.2957142857142857 0.28 0.004285714285714286 0.009523809523809525
1 0.2914285714285714 0.2885714285714286 0.005 0.008571428571428572
1 0.2692857142857143 0.32095238095238093 0.004285714285714286 0.011428571428571429
1 0.2642857142857143 0.32 0.004285714285714286 0.012380952380952381
1 0.2571428571428571 0.32761904761904764 0.0064285714285714285 0.012380952380952381
1 0.25357142857142856 0.32857142857142857 0.005 0.011428571428571429
1 0.24857142857142858 0.3314285714285714 0.004285714285714286 0.011428571428571429
1 0.26142857142857145 0.38571428571428573 0.004285714285714286 0.011428571428571429
1 0.26 0.37333333333333335 0.005 0.013333333333333334
1 0.2671428571428571 0.3628571428571429 0.005 0.012380952380952381
1 0.2764285714285714 0.3485714285714286 0.0035714285714285713 0.011428571428571429
1 0.28 0.3485714285714286 0.004285714285714286 0.010476190476190476
1 0.2885714285714286 0.3523809523809524 0.004285714285714286 0.014285714285714285
1 0.2857142857142857 0.35333333333333333 0.0035714285714285713 0.014285714285714285
1 0.07428571428571429 0.4114285714285714 0.007142857142857143 0.012380952380952381
1 0.14285714285714285 0.36666666666666664 0.005 0.013333333333333334
1 0.1407142857142857 0.3657142857142857 0.0035714285714285713 0.012380952380952381
1 0.12214285714285714 0.4114285714285714 0.0064285714285714285 0.014285714285714285
