3 0.2035 0.8026666666666666 0.041 0.1
3 0.1305 0.5666666666666667 0.058 0.04533333333333334
3 0.1135 0.532 0.074 0.05
3 0.091 0.49066666666666664 0.081 0.07466666666666667
3 0.0985 0.4593333333333333 0.0565 0.03933333333333333
3 0.107 0.44133333333333336 0.0515 0.034666666666666665
3 0.2665 0.406 0.0415 0.024666666666666667
3 0.411 0.7133333333333334 0.062 0.072
3 0.4035 0.5726666666666667 0.046 0.06533333333333333
3 0.48 0.4073333333333333 0.0405 0.030666666666666665
3 0.808 0.4073333333333333 0.0475 0.032
3 0.472 0.6166666666666667 0.046 0.06133333333333333
8 0.491 0.584 0.077 0.08866666666666667
8 0.43 0.55 0.0465 0.064
8 0.4525 0.5393333333333333 0.0415 0.058
3 0.466 0.5173333333333333 0.0475 0.059333333333333335
3 0.4995 0.5006666666666667 0.042 0.052
3 0.519 0.4666666666666667 0.038 0.04733333333333333
3 0.5705 0.44866666666666666 0.042 0.051333333333333335
3 0.5175 0.5746666666666667 0.0465 0.044
3 0.548 0.5573333333333333 0.045 0.05466666666666667
8 0.5675 0.5193333333333333 0.0625 0.07
8 0.6065 0.4806666666666667 0.067 0.07533333333333334
3 0.6275 0.4726666666666667 0.06 0.05733333333333333
8 0.6595 0.4666666666666667 0.053 0.048666666666666664
3 0.6985 0.4026666666666667 0.0375 0.038
3 0.7665 0.44533333333333336 0.0625 0.03333333333333333
8 0.4095 0.45066666666666666 0.053 0.052
3 0.439 0.3873333333333333 0.023 0.042666666666666665
2 0.0715 0.6426666666666667 0.053 0.04666666666666667
1 0.705 0.9046666666666666 0.022 0.03266666666666666
1 0.175 0.9586666666666667 0.022 0.032
8 0.6205 0.5526666666666666 0.0735 0.07933333333333334
