3 0.0 0.6780952380952381 0.12 0.16095238095238096
3 0.03357142857142857 0.5523809523809524 0.17214285714285715 0.15714285714285714
3 0.2842857142857143 0.43142857142857144 0.12785714285714286 0.17523809523809525
3 0.7214285714285714 0.7742857142857142 0.12428571428571429 0.2257142857142857
3 0.4085714285714286 0.5457142857142857 0.13642857142857143 0.20857142857142857
3 0.5757142857142857 0.5171428571428571 0.09571428571428571 0.15047619047619049
3 0.5178571428571429 0.4038095238095238 0.09785714285714285 0.15047619047619049
3 0.6328571428571429 0.3952380952380952 0.085 0.12666666666666668
1 0.5207142857142857 0.37238095238095237 0.018571428571428572 0.05714285714285714
3 0.45714285714285713 0.23714285714285716 0.10071428571428571 0.12285714285714286
3 0.5835714285714285 0.29333333333333333 0.08928571428571429 0.12476190476190477
3 0.5585714285714286 0.15523809523809523 0.06785714285714285 0.08571428571428572
3 0.6521428571428571 0.20476190476190476 0.06571428571428571 0.09619047619047619
3 0.6935714285714286 0.2838095238095238 0.07642857142857143 0.1
3 0.7457142857142857 0.17714285714285713 0.060714285714285714 0.07523809523809524
3 0.7 0.11714285714285715 0.05857142857142857 0.09238095238095238
3 0.7785714285714286 0.11714285714285715 0.04428571428571428 0.06190476190476191
3 0.7607142857142857 0.039047619047619046 0.039285714285714285 0.05904761904761905
3 0.8007142857142857 0.06476190476190476 0.04857142857142857 0.058095238095238096
3 0.84 0.32285714285714284 0.08428571428571428 0.12095238095238095
3 0.8835714285714286 0.22476190476190477 0.05142857142857143 0.09523809523809523
3 0.8885714285714286 0.15333333333333332 0.054285714285714284 0.08
3 0.9071428571428571 0.11714285714285715 0.04 0.04857142857142857
3 0.9114285714285715 0.07333333333333333 0.04357142857142857 0.04857142857142857
3 0.8357142857142857 0.002857142857142857 0.04214285714285714 0.05238095238095238
3 0.7821428571428571 0.007619047619047619 0.035 0.047619047619047616
3 0.6207142857142857 0.08476190476190476 0.055714285714285716 0.07523809523809524
3 0.5971428571428572 0.04476190476190476 0.07 0.045714285714285714
3 0.6214285714285714 0.03333333333333333 0.065 0.04
3 0.6214285714285714 0.012380952380952381 0.05928571428571429 0.037142857142857144
