3 0.4707142857142857 0.5780952380952381 0.039285714285714285 0.06
3 0.565 0.7609523809523809 0.05714285714285714 0.09523809523809523
3 0.05857142857142857 0.9323809523809524 0.11785714285714285 0.06476190476190476
3 0.54 0.4542857142857143 0.023571428571428573 0.035238095238095235
1 0.29214285714285715 0.54 0.009285714285714286 0.02761904761904762
1 0.22642857142857142 0.6314285714285715 0.013571428571428571 0.03142857142857143
1 0.30357142857142855 0.6361904761904762 0.005 0.025714285714285714
1 0.16714285714285715 0.6209523809523809 0.007857142857142858 0.02761904761904762
1 0.17142857142857143 0.6142857142857143 0.007142857142857143 0.02857142857142857
1 0.2357142857142857 0.6295238095238095 0.007142857142857143 0.02761904761904762
1 0.30714285714285716 0.6342857142857142 0.005714285714285714 0.025714285714285714
4 0.19642857142857142 0.74 0.041428571428571426 0.035238095238095235
1 0.2042857142857143 0.74 0.014285714285714285 0.02
4 0.39071428571428574 0.5428571428571428 0.014285714285714285 0.030476190476190476
4 0.49214285714285716 0.35428571428571426 0.011428571428571429 0.011428571428571429
4 0.9207142857142857 0.8742857142857143 0.041428571428571426 0.03142857142857143
1 0.3964285714285714 0.5428571428571428 0.007857142857142858 0.013333333333333334
3 0.5428571428571428 0.3047619047619048 0.016428571428571428 0.018095238095238095
3 0.5714285714285714 0.26095238095238094 0.014285714285714285 0.015238095238095238
3 0.5635714285714286 0.2742857142857143 0.012857142857142857 0.015238095238095238
3 0.6271428571428571 0.26857142857142857 0.014285714285714285 0.015238095238095238
3 0.6592857142857143 0.21142857142857144 0.010714285714285714 0.011428571428571429
3 0.6507142857142857 0.22857142857142856 0.012142857142857143 0.013333333333333334
3 0.6571428571428571 0.18857142857142858 0.010714285714285714 0.010476190476190476
3 0.6785714285714286 0.17047619047619048 0.007142857142857143 0.008571428571428572
3 0.7092857142857143 0.12 0.004285714285714286 0.005714285714285714
3 0.6971428571428572 0.12 0.004285714285714286 0.006666666666666667
3 0.7264285714285714 0.24952380952380954 0.009285714285714286 0.014285714285714285
1 0.5514285714285714 0.2561904761904762 0.002857142857142857 0.010476190476190476
1 0.555 0.25333333333333335 0.002142857142857143 0.010476190476190476
1 0.5585714285714286 0.2523809523809524 0.002857142857142857 0.010476190476190476
3 0.5292857142857142 0.4066666666666667 0.025714285714285714 0.03333333333333333
3 0.6328571428571429 0.1819047619047619 0.008571428571428572 0.011428571428571429
3 0.6414285714285715 0.1657142857142857 0.008571428571428572 0.012380952380952381
3 0.6178571428571429 0.2057142857142857 0.007857142857142858 0.007619047619047619
3 0.7 0.14095238095238094 0.005714285714285714 0.007619047619047619
3 0.6935714285714286 0.13714285714285715 0.005 0.008571428571428572
3 0.6535714285714286 0.15523809523809523 0.007142857142857143 0.006666666666666667
3 0.6635714285714286 0.14285714285714285 0.005 0.004761904761904762
3 0.6707142857142857 0.13523809523809524 0.005 0.005714285714285714
3 0.6721428571428572 0.13142857142857142 0.005 0.004761904761904762
3 0.6792857142857143 0.12285714285714286 0.0035714285714285713 0.0038095238095238095
3 0.6007142857142858 0.21428571428571427 0.007857142857142858 0.008571428571428572
1 0.7228571428571429 0.7238095238095238 0.009285714285714286 0.03619047619047619
1 0.73 0.7095238095238096 0.009285714285714286 0.03142857142857143
1 0.7264285714285714 0.1457142857142857 0.002857142857142857 0.006666666666666667
4 0.7228571428571429 0.14476190476190476 0.002857142857142857 0.007619047619047619
1 0.7235714285714285 0.1457142857142857 0.002142857142857143 0.0019047619047619048
1 0.94 0.8666666666666667 0.011428571428571429 0.01619047619047619
3 0.8492857142857143 0.33714285714285713 0.018571428571428572 0.01904761904761905
3 0.8785714285714286 0.30857142857142855 0.015 0.017142857142857144
3 0.8721428571428571 0.2980952380952381 0.015 0.015238095238095238
3 0.8478571428571429 0.32476190476190475 0.015714285714285715 0.015238095238095238
3 0.83 0.2866666666666667 0.015 0.017142857142857144
