3 0.43785714285714283 0.4533333333333333 0.09642857142857143 0.07047619047619047
3 0.3364285714285714 0.41714285714285715 0.08428571428571428 0.06857142857142857
3 0.38785714285714284 0.319047619047619 0.04071428571428572 0.10285714285714286
3 0.3192857142857143 0.30952380952380953 0.04357142857142857 0.08761904761904762
3 0.25214285714285717 0.2857142857142857 0.03857142857142857 0.07238095238095238
3 0.17214285714285715 0.3342857142857143 0.06928571428571428 0.058095238095238096
3 0.1 0.2980952380952381 0.07142857142857142 0.058095238095238096
3 0.03428571428571429 0.2761904761904762 0.06428571428571428 0.04857142857142857
3 0.5535714285714286 0.49333333333333335 0.09785714285714285 0.08095238095238096
3 0.4928571428571429 0.36857142857142855 0.04857142857142857 0.09238095238095238
3 0.575 0.3942857142857143 0.05071428571428571 0.10952380952380952
3 0.6535714285714286 0.5476190476190477 0.11428571428571428 0.08857142857142856
3 0.6671428571428571 0.4542857142857143 0.09571428571428571 0.08952380952380952
3 0.6342857142857142 0.4228571428571429 0.09142857142857143 0.07428571428571429
3 0.8278571428571428 0.4990476190476191 0.10214285714285715 0.08
3 0.8721428571428571 0.31047619047619046 0.047857142857142855 0.08952380952380952
3 0.7857142857142857 0.2885714285714286 0.047857142857142855 0.08095238095238096
3 0.6135714285714285 0.24095238095238095 0.04214285714285714 0.06761904761904762
3 0.4992857142857143 0.21333333333333335 0.06571428571428571 0.05523809523809524
3 0.5064285714285715 0.18285714285714286 0.07142857142857142 0.05142857142857143
3 0.21142857142857144 0.14761904761904762 0.054285714285714284 0.05142857142857143
3 0.18785714285714286 0.14666666666666667 0.045 0.04285714285714286
3 0.03428571428571429 0.09428571428571429 0.052142857142857144 0.04476190476190476
3 0.012857142857142857 0.08095238095238096 0.04928571428571429 0.049523809523809526
3 0.1392857142857143 0.2419047619047619 0.06571428571428571 0.06095238095238095
3 0.11571428571428571 0.21904761904761905 0.05071428571428571 0.06380952380952382
3 0.07785714285714286 0.2276190476190476 0.056428571428571425 0.058095238095238096
3 0.03357142857142857 0.20952380952380953 0.054285714285714284 0.05142857142857143
3 0.002142857142857143 0.1961904761904762 0.060714285714285714 0.05333333333333334
3 0.24785714285714286 0.3761904761904762 0.07357142857142857 0.06095238095238095
3 0.5821428571428572 0.22 0.04214285714285714 0.06857142857142857
3 0.06285714285714286 0.20952380952380953 0.05857142857142857 0.047619047619047616
3 0.1 0.10095238095238095 0.05285714285714286 0.04380952380952381
3 0.475 0.23904761904761904 0.07571428571428572 0.05619047619047619
3 0.7628571428571429 0.46476190476190476 0.09285714285714286 0.08857142857142856
3 0.795 0.5961904761904762 0.14142857142857143 0.10095238095238095
3 0.44285714285714284 0.34095238095238095 0.047142857142857146 0.08857142857142856
3 0.19285714285714287 0.2638095238095238 0.045 0.06952380952380953
3 0.0 0.24571428571428572 0.037142857142857144 0.054285714285714284
3 0.9235714285714286 0.5485714285714286 0.07642857142857143 0.08190476190476191
3 0.9771428571428571 0.3380952380952381 0.022857142857142857 0.08476190476190476
1 0.9371428571428572 0.7038095238095238 0.029285714285714286 0.05333333333333334
3 0.0 0.8571428571428571 0.04428571428571428 0.11428571428571428
3 0.02642857142857143 0.9495238095238095 0.11 0.05047619047619047
1 0.6885714285714286 0.38761904761904764 0.013571428571428571 0.04285714285714286
1 0.26 0.12380952380952381 0.011428571428571429 0.03428571428571429
4 0.18142857142857144 0.10666666666666667 0.017142857142857144 0.023809523809523808
4 0.3157142857142857 0.16095238095238096 0.017142857142857144 0.025714285714285714
2 0.235 0.12 0.016428571428571428 0.022857142857142857
2 0.2892857142857143 0.13428571428571429 0.01 0.023809523809523808
2 0.2814285714285714 0.1295238095238095 0.009285714285714286 0.024761904761904763
2 0.3364285714285714 0.1438095238095238 0.015714285714285715 0.02666666666666667
2 0.31785714285714284 0.14 0.018571428571428572 0.02761904761904762
4 0.2985714285714286 0.13238095238095238 0.014285714285714285 0.021904761904761906
3 0.24785714285714286 0.22380952380952382 0.05071428571428571 0.049523809523809526
3 0.0 0.08857142857142856 0.03857142857142857 0.0380952380952381
