1 0.06857142857142857 0.5171428571428571 0.02214285714285714 0.030476190476190476
1 0.1707142857142857 0.5152380952380953 0.019285714285714285 0.029523809523809525
1 0.1742857142857143 0.4828571428571429 0.02214285714285714 0.023809523809523808
1 0.5935714285714285 0.5276190476190477 0.012857142857142857 0.023809523809523808
1 0.48642857142857143 0.5542857142857143 0.017857142857142856 0.023809523809523808
1 0.5835714285714285 0.5961904761904762 0.015 0.021904761904761906
1 0.8192857142857143 0.8580952380952381 0.018571428571428572 0.024761904761904763
4 0.1692857142857143 0.4057142857142857 0.013571428571428571 0.05523809523809524
4 0.18642857142857142 0.4066666666666667 0.014285714285714285 0.05238095238095238
4 0.2007142857142857 0.4038095238095238 0.013571428571428571 0.05333333333333334
4 0.21642857142857144 0.40285714285714286 0.017142857142857144 0.05333333333333334
4 0.17214285714285715 0.34476190476190477 0.017142857142857144 0.05619047619047619
4 0.18642857142857142 0.3438095238095238 0.015 0.05714285714285714
4 0.2007142857142857 0.3438095238095238 0.016428571428571428 0.05619047619047619
4 0.215 0.3438095238095238 0.015714285714285715 0.05333333333333334
4 0.22785714285714287 0.33904761904761904 0.019285714285714285 0.05523809523809524
4 0.30714285714285716 0.3342857142857143 0.013571428571428571 0.05142857142857143
4 0.3242857142857143 0.3304761904761905 0.015714285714285715 0.05142857142857143
4 0.3442857142857143 0.32761904761904764 0.014285714285714285 0.054285714285714284
4 0.36142857142857143 0.32285714285714284 0.013571428571428571 0.054285714285714284
4 0.38642857142857145 0.4361904761904762 0.011428571428571429 0.04857142857142857
4 0.38357142857142856 0.3352380952380952 0.027142857142857142 0.02095238095238095
4 0.5192857142857142 0.43047619047619046 0.011428571428571429 0.05142857142857143
4 0.5328571428571428 0.42857142857142855 0.012142857142857143 0.037142857142857144
4 0.47214285714285714 0.560952380952381 0.04285714285714286 0.01904761904761905
4 0.57 0.599047619047619 0.041428571428571426 0.02095238095238095
1 0.43142857142857144 0.7628571428571429 0.02 0.03333333333333333
4 0.8007142857142857 0.8609523809523809 0.045714285714285714 0.023809523809523808
4 0.8228571428571428 0.4523809523809524 0.016428571428571428 0.04857142857142857
4 0.72 0.38571428571428573 0.03571428571428571 0.023809523809523808
4 0.7164285714285714 0.379047619047619 0.03357142857142857 0.01619047619047619
4 0.7164285714285714 0.3504761904761905 0.03214285714285714 0.024761904761904763
4 0.7092857142857143 0.3361904761904762 0.03642857142857143 0.022857142857142857
4 0.7157142857142857 0.3638095238095238 0.03357142857142857 0.021904761904761906
3 0.0 0.7047619047619048 0.08642857142857142 0.07142857142857142
3 0.0 0.35428571428571426 0.039285714285714285 0.058095238095238096
3 0.48214285714285715 0.4942857142857143 0.07928571428571428 0.05142857142857143
3 0.7271428571428571 0.4504761904761905 0.09428571428571429 0.06380952380952382
3 0.845 0.44285714285714284 0.09142857142857143 0.05904761904761905
3 0.9464285714285714 0.5285714285714286 0.05357142857142857 0.054285714285714284
2 0.9414285714285714 0.41904761904761906 0.05857142857142857 0.06285714285714286
3 0.6957142857142857 0.72 0.08285714285714285 0.06380952380952382
4 0.5314285714285715 0.28476190476190477 0.012142857142857143 0.049523809523809526
