3 0.4085714285714286 0.8133333333333334 0.020714285714285713 0.025714285714285714
3 0.545 0.8257142857142857 0.024285714285714285 0.024761904761904763
3 0.36214285714285716 0.7352380952380952 0.017142857142857144 0.01904761904761905
3 0.4421428571428571 0.580952380952381 0.009285714285714286 0.02095238095238095
3 0.8078571428571428 0.6142857142857143 0.012857142857142857 0.015238095238095238
3 0.82 0.5971428571428572 0.015 0.01904761904761905
8 0.7728571428571429 0.6485714285714286 0.02 0.02095238095238095
3 0.6364285714285715 0.7466666666666667 0.02 0.021904761904761906
8 0.04285714285714286 0.3580952380952381 0.015714285714285715 0.02
3 0.07928571428571428 0.3914285714285714 0.01 0.011428571428571429
3 0.09928571428571428 0.4114285714285714 0.012142857142857143 0.012380952380952381
3 0.03857142857142857 0.32095238095238093 0.008571428571428572 0.010476190476190476
3 0.12357142857142857 0.27904761904761904 0.0064285714285714285 0.009523809523809525
3 0.016428571428571428 0.26571428571428574 0.007857142857142858 0.008571428571428572
3 0.02642857142857143 0.2885714285714286 0.0064285714285714285 0.010476190476190476
8 0.13142857142857142 0.2695238095238095 0.010714285714285714 0.014285714285714285
3 0.11928571428571429 0.2714285714285714 0.0064285714285714285 0.009523809523809525
4 0.4807142857142857 0.9657142857142857 0.008571428571428572 0.010476190476190476
4 0.48714285714285716 0.9638095238095238 0.0064285714285714285 0.009523809523809525
3 0.5835714285714285 0.8085714285714286 0.018571428571428572 0.02761904761904762
8 0.5021428571428571 0.31238095238095237 0.015 0.012380952380952381
3 0.48857142857142855 0.2619047619047619 0.010714285714285714 0.006666666666666667
8 0.42428571428571427 0.29904761904761906 0.010714285714285714 0.017142857142857144
3 0.009285714285714286 0.24 0.007857142857142858 0.008571428571428572
3 0.0064285714285714285 0.16095238095238096 0.005 0.007619047619047619
6 0.017857142857142856 0.21428571428571427 0.01 0.02
3 0.6678571428571428 0.4342857142857143 0.014285714285714285 0.007619047619047619
8 0.9164285714285715 0.5276190476190477 0.014285714285714285 0.017142857142857144
