3 0.4725 0.6186666666666667 0.1665 0.15466666666666667
3 0.5795 0.7806666666666666 0.145 0.21933333333333332
3 0.3835 0.7666666666666667 0.2105 0.15066666666666667
3 0.288 0.942 0.233 0.058
2 0.2115 0.8213333333333334 0.075 0.062
2 0.942 0.67 0.058 0.052
2 0.8805 0.5386666666666666 0.0615 0.048666666666666664
1 0.8945 0.35733333333333334 0.037 0.056666666666666664
1 0.8935 0.3253333333333333 0.034 0.058666666666666666
1 0.8475 0.238 0.03 0.05733333333333333
1 0.6435 0.4226666666666667 0.0265 0.05466666666666667
1 0.7175 0.38666666666666666 0.03 0.059333333333333335
4 0.4135 0.6093333333333333 0.032 0.09533333333333334
1 0.336 0.5873333333333334 0.022 0.043333333333333335
1 0.39 0.5813333333333334 0.029 0.042666666666666665
1 0.301 0.404 0.018 0.06266666666666666
1 0.2645 0.324 0.0225 0.05733333333333333
1 0.2885 0.30466666666666664 0.0225 0.056
1 0.3645 0.32133333333333336 0.017 0.06133333333333333
1 0.4395 0.33266666666666667 0.019 0.051333333333333335
1 0.464 0.32 0.019 0.06066666666666667
1 0.475 0.3626666666666667 0.0225 0.06333333333333334
1 0.495 0.39266666666666666 0.01 0.036
1 0.482 0.342 0.0165 0.06266666666666666
1 0.1225 0.3313333333333333 0.0215 0.064
1 0.093 0.34933333333333333 0.028 0.06266666666666666
