1 0.399 0.636 0.03 0.10133333333333333
1 0.7485 0.702 0.05 0.11866666666666667
3 0.4325 0.5266666666666666 0.1095 0.218
1 0.634 0.4066666666666667 0.0215 0.07
1 0.621 0.4086666666666667 0.015 0.06
4 0.6665 0.4073333333333333 0.0495 0.054
3 0.62 0.31933333333333336 0.059 0.08133333333333333
1 0.555 0.36666666666666664 0.0195 0.04066666666666666
2 0.432 0.37333333333333335 0.043 0.07666666666666666
1 0.449 0.36666666666666664 0.023 0.03666666666666667
1 0.325 0.328 0.03 0.06466666666666666
8 0.2665 0.29533333333333334 0.095 0.11466666666666667
8 0.5315 0.21933333333333332 0.1015 0.07133333333333333
1 0.521 0.23066666666666666 0.01 0.04066666666666666
3 0.524 0.19533333333333333 0.037 0.048666666666666664
3 0.4715 0.21666666666666667 0.0435 0.051333333333333335
8 0.428 0.15666666666666668 0.0385 0.052
8 0.568 0.15866666666666668 0.07 0.04133333333333333
3 0.572 0.152 0.0515 0.032
2 0.4895 0.144 0.0085 0.025333333333333333
1 0.49 0.13466666666666666 0.008 0.025333333333333333
4 0.478 0.142 0.015 0.02266666666666667
1 0.4805 0.132 0.0105 0.024
1 0.486 0.12466666666666666 0.0095 0.019333333333333334
3 0.466 0.10866666666666666 0.0215 0.03666666666666667
8 0.4365 0.08466666666666667 0.0545 0.04666666666666667
1 0.516 0.11533333333333333 0.0085 0.027333333333333334
3 0.4935 0.07533333333333334 0.02 0.028
4 0.512 0.09533333333333334 0.009 0.020666666666666667
1 0.5135 0.09 0.0075 0.024666666666666667
8 0.5435 0.10066666666666667 0.026 0.03866666666666667
8 0.591 0.048666666666666664 0.0275 0.054
3 0.4885 0.066 0.0345 0.02
3 0.516 0.05 0.0125 0.018
3 0.5225 0.04666666666666667 0.012 0.015333333333333332
3 0.5235 0.04066666666666666 0.0125 0.014666666666666666
