4 0.9415 0.6053333333333333 0.051 0.04133333333333333
3 0.871 0.6226666666666667 0.128 0.09
3 0.8535 0.7973333333333333 0.075 0.17666666666666667
3 0.948 0.89 0.052 0.10866666666666666
3 0.6285 0.452 0.091 0.08866666666666667
3 0.251 0.54 0.0825 0.13533333333333333
3 0.3145 0.5826666666666667 0.088 0.122
2 0.5755 0.37333333333333335 0.026 0.034666666666666665
1 0.4775 0.292 0.012 0.035333333333333335
3 0.4585 0.3453333333333333 0.0835 0.07
3 0.2905 0.37 0.052 0.07066666666666667
3 0.1225 0.48933333333333334 0.1015 0.114
3 0.3525 0.294 0.0695 0.05333333333333334
3 0.0 0.43133333333333335 0.0565 0.07266666666666667
2 0.2775 0.19066666666666668 0.013 0.030666666666666665
4 0.351 0.23266666666666666 0.018 0.03133333333333333
8 0.166 0.2826666666666667 0.11 0.07933333333333334
3 0.0155 0.04933333333333333 0.055 0.034
