3 0.05357142857142857 0.23223350253807107 0.047142857142857146 0.08375634517766498
3 0.12857142857142856 0.1116751269035533 0.05285714285714286 0.0532994923857868
6 0.09285714285714286 0.5088832487309645 0.04928571428571429 0.15228426395939088
6 0.5685714285714286 0.26776649746192893 0.14 0.11421319796954314
6 0.5785714285714286 0.20304568527918782 0.1457142857142857 0.12563451776649745
6 0.615 0.0 0.054285714285714284 0.1548223350253807
1 0.6392857142857142 0.17385786802030456 0.007142857142857143 0.02284263959390863
1 0.65 0.17639593908629442 0.007857142857142858 0.02284263959390863
8 0.002857142857142857 0.31852791878172587 0.07642857142857143 0.07868020304568528
8 0.4607142857142857 0.0 0.09428571428571429 0.06979695431472081
3 0.77 0.011421319796954314 0.05357142857142857 0.05964467005076142
8 0.9171428571428571 0.07868020304568528 0.08285714285714285 0.08756345177664974
3 0.7585714285714286 0.565989847715736 0.055714285714285716 0.05710659898477157
8 0.8242857142857143 0.6053299492385786 0.05785714285714286 0.05710659898477157
8 0.8978571428571429 0.6459390862944162 0.055 0.05456852791878172
1 0.8707142857142857 0.7931472081218274 0.014285714285714285 0.013959390862944163
1 0.875 0.8083756345177665 0.01 0.012690355329949238
1 0.9028571428571428 0.8071065989847716 0.01 0.011421319796954314
1 0.8964285714285715 0.815989847715736 0.014285714285714285 0.013959390862944163
