3 0.02142857142857143 0.13523809523809524 0.013571428571428571 0.018095238095238095
3 0.03142857142857143 0.15142857142857144 0.012857142857142857 0.01619047619047619
3 0.15428571428571428 0.23047619047619047 0.015 0.018095238095238095
3 0.21 0.2980952380952381 0.013571428571428571 0.01904761904761905
3 0.19714285714285715 0.28285714285714286 0.01 0.014285714285714285
3 0.22 0.3142857142857143 0.016428571428571428 0.02
3 0.235 0.3323809523809524 0.017142857142857144 0.02
3 0.24785714285714286 0.3485714285714286 0.015714285714285715 0.02095238095238095
3 0.23857142857142857 0.43142857142857144 0.023571428571428573 0.029523809523809525
3 0.24785714285714286 0.4142857142857143 0.017142857142857144 0.021904761904761906
3 0.31142857142857144 0.43047619047619046 0.017142857142857144 0.02095238095238095
3 0.33071428571428574 0.48095238095238096 0.016428571428571428 0.021904761904761906
3 0.35714285714285715 0.49047619047619045 0.02142857142857143 0.021904761904761906
3 0.3157142857142857 0.5361904761904762 0.02 0.024761904761904763
3 0.37642857142857145 0.5114285714285715 0.019285714285714285 0.023809523809523808
3 0.435 0.5876190476190476 0.02142857142857143 0.02666666666666667
3 0.4564285714285714 0.6161904761904762 0.020714285714285713 0.02666666666666667
3 0.44285714285714284 0.7066666666666667 0.022857142857142857 0.030476190476190476
3 0.5214285714285715 0.7266666666666667 0.020714285714285713 0.03142857142857143
3 0.5585714285714286 0.6676190476190477 0.02 0.022857142857142857
3 0.57 0.6438095238095238 0.025714285714285714 0.029523809523809525
3 0.5778571428571428 0.6304761904761905 0.027857142857142858 0.03238095238095238
3 0.58 0.6085714285714285 0.02214285714285714 0.02857142857142857
3 0.5907142857142857 0.5961904761904762 0.024285714285714285 0.02761904761904762
3 0.5985714285714285 0.58 0.023571428571428573 0.02666666666666667
3 0.6121428571428571 0.5733333333333334 0.016428571428571428 0.02
3 0.6542857142857142 0.5628571428571428 0.016428571428571428 0.029523809523809525
3 0.8807142857142857 0.02 0.010714285714285714 0.017142857142857144
3 0.8685714285714285 0.010476190476190476 0.009285714285714286 0.01619047619047619
3 0.8892857142857142 0.02857142857142857 0.009285714285714286 0.013333333333333334
3 0.9471428571428572 0.1657142857142857 0.01 0.01904761904761905
8 0.9342857142857143 0.1438095238095238 0.017142857142857144 0.035238095238095235
3 0.795 0.11238095238095239 0.010714285714285714 0.01619047619047619
3 0.8057142857142857 0.11333333333333333 0.008571428571428572 0.015238095238095238
3 0.9157142857142857 0.26 0.010714285714285714 0.018095238095238095
3 0.6735714285714286 0.3476190476190476 0.018571428571428572 0.023809523809523808
8 0.69 0.3342857142857143 0.023571428571428573 0.022857142857142857
3 0.715 0.35619047619047617 0.016428571428571428 0.025714285714285714
3 0.7207142857142858 0.38095238095238093 0.014285714285714285 0.022857142857142857
3 0.9742857142857143 0.3485714285714286 0.015 0.02095238095238095
3 0.6478571428571429 0.4380952380952381 0.017142857142857144 0.024761904761904763
3 0.66 0.44666666666666666 0.017142857142857144 0.023809523809523808
3 0.8692857142857143 0.5009523809523809 0.015714285714285715 0.025714285714285714
8 0.8571428571428571 0.5514285714285714 0.017857142857142856 0.030476190476190476
3 0.8621428571428571 0.5323809523809524 0.014285714285714285 0.021904761904761906
3 0.8492857142857143 0.5876190476190476 0.015 0.02857142857142857
3 0.8721428571428571 0.8019047619047619 0.032857142857142856 0.023809523809523808
3 0.79 0.8609523809523809 0.019285714285714285 0.04285714285714286
3 0.7764285714285715 0.920952380952381 0.02 0.04666666666666667
4 0.7992857142857143 0.14857142857142858 0.0035714285714285713 0.010476190476190476
4 0.8235714285714286 0.0761904761904762 0.004285714285714286 0.010476190476190476
4 0.8628571428571429 0.0019047619047619048 0.0064285714285714285 0.006666666666666667
4 0.9528571428571428 0.022857142857142857 0.007142857142857143 0.007619047619047619
4 0.9557142857142857 0.38857142857142857 0.007142857142857143 0.012380952380952381
4 0.9421428571428572 0.379047619047619 0.005714285714285714 0.013333333333333334
1 0.8814285714285715 0.35428571428571426 0.005 0.011428571428571429
1 0.8892857142857142 0.35714285714285715 0.005714285714285714 0.010476190476190476
1 0.8642857142857143 0.44 0.0064285714285714285 0.010476190476190476
4 0.5535714285714286 0.8761904761904762 0.007142857142857143 0.015238095238095238
1 0.5678571428571428 0.9647619047619047 0.0035714285714285713 0.009523809523809525
1 0.5628571428571428 0.9666666666666667 0.004285714285714286 0.005714285714285714
4 0.64 0.6495238095238095 0.0064285714285714285 0.011428571428571429
4 0.6178571428571429 0.7142857142857143 0.0064285714285714285 0.010476190476190476
4 0.6792857142857143 0.5295238095238095 0.007142857142857143 0.012380952380952381
3 0.047857142857142855 0.6352380952380953 0.02214285714285714 0.03142857142857143
3 0.145 0.8133333333333334 0.023571428571428573 0.0380952380952381
3 0.12285714285714286 0.7714285714285715 0.02 0.03142857142857143
3 0.10428571428571429 0.7428571428571429 0.02142857142857143 0.02857142857142857
