8 0.13517745302713988 0.9294990723562152 0.1289144050104384 0.06957328385899815
3 0.23068893528183715 0.7959183673469388 0.09081419624217119 0.09554730983302412
1 0.1487473903966597 0.8385899814471243 0.016179540709812108 0.06493506493506493
1 0.1544885177453027 0.8246753246753247 0.017745302713987474 0.06029684601113173
1 0.15918580375782881 0.8098330241187384 0.021920668058455117 0.06679035250463822
3 0.2881002087682672 0.62152133580705 0.07620041753653445 0.055658627087198514
2 0.33402922755741127 0.7226345083487941 0.05636743215031315 0.06679035250463822
3 0.42171189979123175 0.5862708719851577 0.06367432150313153 0.0575139146567718
8 0.5882045929018789 0.5435992578849722 0.06315240083507306 0.07699443413729128
8 0.5897703549060542 0.4907235621521336 0.05167014613778706 0.06957328385899815
2 0.44780793319415446 0.48794063079777367 0.042275574112734866 0.04638218923933209
4 0.3606471816283925 0.49443413729128016 0.016179540709812108 0.02504638218923933
4 0.3627348643006263 0.49165120593692024 0.019311064718162838 0.025974025974025976
1 0.3903966597077244 0.48794063079777367 0.008872651356993737 0.027829313543599257
8 0.35386221294363257 0.4322820037105751 0.13883089770354906 0.07606679035250463
8 0.36795407098121086 0.42115027829313545 0.06732776617954071 0.04823747680890538
8 0.37004175365344466 0.4230055658627087 0.08977035490605428 0.05380333951762523
8 0.4133611691022965 0.36363636363636365 0.04540709812108559 0.038033395176252316
4 0.4201461377870564 0.35064935064935066 0.015135699373695199 0.01855287569573284
3 0.42171189979123175 0.34137291280148424 0.031837160751565764 0.025974025974025976
4 0.43475991649269313 0.31910946196660483 0.011482254697286013 0.012987012987012988
4 0.42693110647181626 0.30612244897959184 0.007306889352818371 0.017625231910946195
3 0.44676409185803756 0.30241187384044527 0.029749478079331943 0.023191094619666047
3 0.4525052192066806 0.2680890538033395 0.025052192066805846 0.016697588126159554
3 0.4718162839248434 0.25510204081632654 0.024008350730688934 0.01855287569573284
2 0.5511482254697286 0.4489795918367347 0.016179540709812108 0.04081632653061224
1 0.5553235908141962 0.45083487940630795 0.007828810020876827 0.016697588126159554
8 0.5835073068893528 0.38404452690166974 0.026096033402922755 0.05844155844155844
2 0.574634655532359 0.3450834879406308 0.021920668058455117 0.027829313543599257
3 0.5422755741127349 0.23283858998144713 0.007828810020876827 0.01948051948051948
8 0.5078288100208769 0.23933209647495363 0.013569937369519834 0.0287569573283859
1 0.47755741127348644 0.23562152133580705 0.003131524008350731 0.01020408163265306
1 0.4859081419624217 0.23283858998144713 0.0026096033402922755 0.012987012987012988
2 0.4932150313152401 0.23562152133580705 0.009394572025052192 0.015769944341372914
3 0.4780793319415449 0.21335807050092764 0.021920668058455117 0.015769944341372914
3 0.47964509394572025 0.2077922077922078 0.021920668058455117 0.015769944341372914
2 0.4932150313152401 0.2012987012987013 0.011482254697286013 0.011131725417439703
8 0.558455114822547 0.19851576994434136 0.013048016701461378 0.032467532467532464
4 0.5548016701461378 0.19666048237476808 0.003131524008350731 0.00927643784786642
1 0.5548016701461378 0.19387755102040816 0.003131524008350731 0.012059369202226345
1 0.5501043841336117 0.18274582560296845 0.0015657620041753654 0.006493506493506494
4 0.5490605427974948 0.18460111317254174 0.003131524008350731 0.0074211502782931356
3 0.5605427974947808 0.19294990723562153 0.007306889352818371 0.013914656771799629
8 0.5318371607515657 0.15862708719851576 0.014091858037578288 0.026901669758812616
8 0.4890396659707724 0.1679035250463822 0.04801670146137787 0.021335807050092765
3 0.5224425887265136 0.16419294990723562 0.008350730688935281 0.012059369202226345
3 0.5224425887265136 0.15769944341372913 0.010438413361169102 0.00927643784786642
3 0.5088726513569938 0.1567717996289425 0.005219206680584551 0.008348794063079777
3 0.5161795407098121 0.15584415584415584 0.005219206680584551 0.011131725417439703
8 0.5568893528183716 0.16326530612244897 0.010960334029227558 0.025974025974025976
8 0.558455114822547 0.15769944341372913 0.009394572025052192 0.023191094619666047
2 0.5673277661795407 0.17532467532467533 0.0041753653444676405 0.011131725417439703
