1 0.016428571428571428 0.03553299492385787 0.007857142857142858 0.012690355329949238
3 0.022857142857142857 0.5850253807106599 0.027857142857142858 0.03680203045685279
3 0.07714285714285714 0.6370558375634517 0.029285714285714286 0.04060913705583756
3 0.015714285714285715 0.6269035532994924 0.029285714285714286 0.04187817258883249
3 0.0 0.7030456852791879 0.013571428571428571 0.048223350253807105
3 0.012857142857142857 0.7360406091370558 0.027857142857142858 0.05456852791878172
3 0.03357142857142857 0.748730964467005 0.02 0.04568527918781726
3 0.06785714285714285 0.8109137055837563 0.02214285714285714 0.04949238578680203
3 0.08071428571428571 0.833756345177665 0.022857142857142857 0.04568527918781726
3 0.05071428571428571 0.7868020304568528 0.027142857142857142 0.0583756345177665
4 0.12214285714285714 0.9035532994923858 0.015 0.021573604060913704
4 0.12642857142857142 0.9302030456852792 0.017857142857142856 0.015228426395939087
3 0.13 0.9568527918781726 0.03642857142857143 0.031725888324873094
3 0.14785714285714285 0.7030456852791879 0.03 0.03807106598984772
3 0.22142857142857142 0.7652284263959391 0.032857142857142856 0.04187817258883249
3 0.2735714285714286 0.8248730964467005 0.03142857142857143 0.03934010152284264
3 0.17642857142857143 0.7525380710659898 0.02857142857142857 0.04060913705583756
3 0.3435714285714286 0.7284263959390863 0.035 0.04568527918781726
3 0.4057142857142857 0.8083756345177665 0.03571428571428571 0.04314720812182741
3 0.5757142857142857 0.7829949238578681 0.03142857142857143 0.03426395939086294
4 0.5607142857142857 0.8769035532994924 0.016428571428571428 0.01903553299492386
1 0.5657142857142857 0.881979695431472 0.007142857142857143 0.013959390862944163
6 0.9 0.8565989847715736 0.1 0.10532994923857868
6 0.7957142857142857 0.4302030456852792 0.05785714285714286 0.03680203045685279
3 0.9078571428571428 0.41243654822335024 0.035 0.031725888324873094
3 0.8571428571428571 0.4352791878172589 0.030714285714285715 0.02918781725888325
1 0.7292857142857143 0.3934010152284264 0.007857142857142858 0.01015228426395939
3 0.75 0.4352791878172589 0.03357142857142857 0.027918781725888325
3 0.695 0.4251269035532995 0.032857142857142856 0.027918781725888325
3 0.6464285714285715 0.41624365482233505 0.03428571428571429 0.030456852791878174
3 0.5185714285714286 0.3756345177664975 0.03428571428571429 0.031725888324873094
6 0.5757142857142857 0.38578680203045684 0.05357142857142857 0.044416243654822336
1 0.53 0.2715736040609137 0.005 0.012690355329949238
4 0.6271428571428571 0.12690355329949238 0.0064285714285714285 0.02918781725888325
4 0.6378571428571429 0.22081218274111675 0.005 0.021573604060913704
4 0.6235714285714286 0.07868020304568528 0.0064285714285714285 0.031725888324873094
