3 0.22714285714285715 0.9628571428571429 0.014285714285714285 0.030476190476190476
3 0.255 0.9428571428571428 0.015 0.025714285714285714
8 0.4142857142857143 0.8609523809523809 0.016428571428571428 0.04285714285714286
3 0.42142857142857143 0.7742857142857142 0.011428571428571429 0.02095238095238095
3 0.41928571428571426 0.7485714285714286 0.01 0.01904761904761905
3 0.4328571428571429 0.8228571428571428 0.018571428571428572 0.022857142857142857
3 0.43857142857142856 0.8123809523809524 0.016428571428571428 0.01904761904761905
8 0.3921428571428571 0.7038095238095238 0.020714285714285713 0.02
8 0.37642857142857145 0.5961904761904762 0.015714285714285715 0.02761904761904762
8 0.2664285714285714 0.5514285714285714 0.012857142857142857 0.018095238095238095
3 0.4042857142857143 0.5580952380952381 0.007142857142857143 0.010476190476190476
3 0.4228571428571429 0.6847619047619048 0.014285714285714285 0.011428571428571429
3 0.44285714285714284 0.6761904761904762 0.007142857142857143 0.015238095238095238
3 0.40714285714285714 0.6676190476190477 0.007857142857142858 0.014285714285714285
8 0.4635714285714286 0.6133333333333333 0.012857142857142857 0.03142857142857143
3 0.46 0.7438095238095238 0.014285714285714285 0.011428571428571429
3 0.46 0.7571428571428571 0.012857142857142857 0.011428571428571429
3 0.4607142857142857 0.7495238095238095 0.014285714285714285 0.012380952380952381
8 0.4957142857142857 0.559047619047619 0.020714285714285713 0.01904761904761905
8 0.41214285714285714 0.5352380952380953 0.007142857142857143 0.013333333333333334
3 0.5035714285714286 0.5295238095238095 0.01 0.007619047619047619
3 0.5021428571428571 0.5266666666666666 0.01 0.008571428571428572
3 0.5042857142857143 0.5228571428571429 0.01 0.007619047619047619
8 0.48928571428571427 0.4961904761904762 0.010714285714285714 0.023809523809523808
8 0.5057142857142857 0.4561904761904762 0.007142857142857143 0.013333333333333334
8 0.4828571428571429 0.4076190476190476 0.01 0.01619047619047619
6 0.4664285714285714 0.41619047619047617 0.008571428571428572 0.015238095238095238
3 0.4878571428571429 0.38761904761904764 0.005 0.004761904761904762
3 0.5121428571428571 0.34 0.002857142857142857 0.0038095238095238095
6 0.5278571428571428 0.30857142857142855 0.005 0.007619047619047619
3 0.5092857142857142 0.3761904761904762 0.004285714285714286 0.005714285714285714
3 0.5135714285714286 0.35714285714285715 0.0035714285714285713 0.0038095238095238095
3 0.5164285714285715 0.35428571428571426 0.002857142857142857 0.004761904761904762
3 0.5171428571428571 0.3514285714285714 0.0035714285714285713 0.0038095238095238095
