3 0.04928571428571429 0.17333333333333334 0.08285714285714285 0.04285714285714286
1 0.005 0.23333333333333334 0.02214285714285714 0.05047619047619047
1 0.03428571428571429 0.24857142857142858 0.02 0.045714285714285714
1 0.08428571428571428 0.21047619047619048 0.017142857142857144 0.049523809523809526
3 0.14714285714285713 0.16285714285714287 0.04928571428571429 0.08571428571428572
3 0.21071428571428572 0.17523809523809525 0.04214285714285714 0.06952380952380953
3 0.26285714285714284 0.19047619047619047 0.037142857142857144 0.05904761904761905
3 0.07214285714285715 0.1419047619047619 0.05071428571428571 0.03142857142857143
4 0.22428571428571428 0.16 0.013571428571428571 0.023809523809523808
4 0.3292857142857143 0.1619047619047619 0.012857142857142857 0.023809523809523808
4 0.31785714285714284 0.1619047619047619 0.01 0.02761904761904762
3 0.30857142857142855 0.2895238095238095 0.05142857142857143 0.07047619047619047
2 0.30642857142857144 0.16095238095238096 0.011428571428571429 0.024761904761904763
3 0.22857142857142856 0.35428571428571426 0.06785714285714285 0.10952380952380952
3 0.24 0.29714285714285715 0.052142857142857144 0.06666666666666667
3 0.1742857142857143 0.30095238095238097 0.062142857142857146 0.07523809523809524
3 0.09571428571428571 0.3 0.07 0.0761904761904762
3 0.007857142857142858 0.2914285714285714 0.08571428571428572 0.09619047619047619
3 0.0 0.36952380952380953 0.04357142857142857 0.10666666666666667
3 0.04285714285714286 0.34285714285714286 0.09857142857142857 0.13523809523809524
3 0.14357142857142857 0.08285714285714285 0.03142857142857143 0.018095238095238095
3 0.15785714285714286 0.08 0.030714285714285715 0.01619047619047619
3 0.15571428571428572 0.06761904761904762 0.030714285714285715 0.017142857142857144
3 0.17 0.06761904761904762 0.025 0.01904761904761905
3 0.1707142857142857 0.06 0.027142857142857142 0.02095238095238095
3 0.175 0.05714285714285714 0.025 0.02
3 0.17857142857142858 0.049523809523809526 0.017142857142857144 0.013333333333333334
3 0.17714285714285713 0.037142857142857144 0.017142857142857144 0.01619047619047619
3 0.12571428571428572 0.06 0.02214285714285714 0.018095238095238095
3 0.15 0.05333333333333334 0.019285714285714285 0.013333333333333334
3 0.4542857142857143 0.03238095238095238 0.010714285714285714 0.008571428571428572
6 0.42428571428571427 0.0419047619047619 0.02142857142857143 0.030476190476190476
8 0.43857142857142856 0.037142857142857144 0.015714285714285715 0.029523809523809525
3 0.43357142857142855 0.07333333333333333 0.018571428571428572 0.02095238095238095
1 0.3507142857142857 0.0380952380952381 0.005714285714285714 0.014285714285714285
1 0.35928571428571426 0.049523809523809526 0.005 0.017142857142857144
1 0.36428571428571427 0.05142857142857143 0.002142857142857143 0.018095238095238095
1 0.37214285714285716 0.05904761904761905 0.002142857142857143 0.014285714285714285
1 0.3757142857142857 0.06285714285714286 0.005 0.014285714285714285
1 0.3392857142857143 0.259047619047619 0.02 0.05619047619047619
1 0.43857142857142856 0.1380952380952381 0.008571428571428572 0.023809523809523808
1 0.4185714285714286 0.09047619047619047 0.0064285714285714285 0.015238095238095238
1 0.4357142857142857 0.1419047619047619 0.008571428571428572 0.02761904761904762
1 0.4392857142857143 0.17238095238095238 0.010714285714285714 0.039047619047619046
1 0.45071428571428573 0.17333333333333334 0.012142857142857143 0.037142857142857144
1 0.4757142857142857 0.2057142857142857 0.012857142857142857 0.04285714285714286
1 0.42214285714285715 0.2914285714285714 0.019285714285714285 0.05904761904761905
1 0.45 0.2904761904761905 0.014285714285714285 0.05904761904761905
1 0.47214285714285714 0.2895238095238095 0.010714285714285714 0.058095238095238096
1 0.46 0.2819047619047619 0.014285714285714285 0.05333333333333334
1 0.4957142857142857 0.2761904761904762 0.01 0.05238095238095238
1 0.5007142857142857 0.28476190476190477 0.011428571428571429 0.04380952380952381
1 0.6178571428571429 0.27714285714285714 0.012142857142857143 0.058095238095238096
1 0.5185714285714286 0.35523809523809524 0.014285714285714285 0.07047619047619047
4 0.5292857142857142 0.19047619047619047 0.011428571428571429 0.01904761904761905
1 0.5314285714285715 0.18 0.0064285714285714285 0.01904761904761905
6 0.4928571428571429 0.03619047619047619 0.023571428571428573 0.02095238095238095
3 0.4685714285714286 0.03142857142857143 0.01 0.008571428571428572
3 0.5607142857142857 0.040952380952380955 0.014285714285714285 0.018095238095238095
1 0.5207142857142857 0.047619047619047616 0.004285714285714286 0.011428571428571429
1 0.5278571428571428 0.0419047619047619 0.002142857142857143 0.012380952380952381
1 0.53 0.045714285714285714 0.005714285714285714 0.017142857142857144
3 0.0 0.5580952380952381 0.15857142857142856 0.32095238095238093
3 0.32 0.5666666666666667 0.10714285714285714 0.22380952380952382
3 0.275 0.799047619047619 0.1442857142857143 0.20095238095238097
3 0.4407142857142857 0.48857142857142855 0.19142857142857142 0.2638095238095238
3 0.6164285714285714 0.23809523809523808 0.06785714285714285 0.05047619047619047
3 0.7507142857142857 0.2714285714285714 0.1757142857142857 0.1295238095238095
3 0.735 0.1380952380952381 0.037142857142857144 0.02666666666666667
4 0.6771428571428572 0.10571428571428572 0.018571428571428572 0.02
1 0.6814285714285714 0.10476190476190476 0.008571428571428572 0.013333333333333334
3 0.7207142857142858 0.1 0.03214285714285714 0.018095238095238095
1 0.8207142857142857 0.13714285714285715 0.007857142857142858 0.021904761904761906
3 0.37142857142857144 0.18666666666666668 0.05857142857142857 0.06857142857142857
