4 0.011428571428571429 0.4514285714285714 0.035 0.037142857142857144
1 0.2542857142857143 0.047619047619047616 0.016428571428571428 0.0419047619047619
3 0.32357142857142857 0.0 0.03571428571428571 0.04380952380952381
8 0.2007142857142857 0.0380952380952381 0.05714285714285714 0.11714285714285715
3 0.20642857142857143 0.1361904761904762 0.045 0.08
3 0.205 0.30857142857142855 0.05285714285714286 0.11238095238095239
1 0.24928571428571428 0.29523809523809524 0.025714285714285714 0.05047619047619047
3 0.2 0.4228571428571429 0.060714285714285714 0.1361904761904762
1 0.07642857142857143 0.5028571428571429 0.032857142857142856 0.047619047619047616
3 0.20642857142857143 0.5866666666666667 0.07 0.1657142857142857
3 0.21071428571428572 0.7952380952380952 0.08214285714285714 0.2038095238095238
3 0.5021428571428571 0.0 0.032857142857142856 0.018095238095238095
2 0.4664285714285714 0.04666666666666667 0.010714285714285714 0.02761904761904762
4 0.5114285714285715 0.09523809523809523 0.01 0.037142857142857144
1 0.4664285714285714 0.03238095238095238 0.010714285714285714 0.02
1 0.5114285714285715 0.08476190476190476 0.015 0.02761904761904762
3 0.4421428571428571 0.1295238095238095 0.04285714285714286 0.06952380952380953
3 0.5064285714285715 0.22095238095238096 0.09357142857142857 0.07047619047619047
3 0.5157142857142857 0.007619047619047619 0.06 0.040952380952380955
3 0.58 0.0 0.05071428571428571 0.021904761904761906
3 0.6085714285714285 0.0009523809523809524 0.07 0.037142857142857144
4 0.68 0.0 0.02 0.021904761904761906
4 0.6878571428571428 0.004761904761904762 0.02142857142857143 0.023809523809523808
3 0.5335714285714286 0.04476190476190476 0.047142857142857146 0.05523809523809524
3 0.5771428571428572 0.02761904761904762 0.045 0.06190476190476191
3 0.55 0.14952380952380953 0.05857142857142857 0.06952380952380953
1 0.6314285714285715 0.23333333333333334 0.011428571428571429 0.04476190476190476
3 0.5721428571428572 0.11714285714285715 0.055 0.06476190476190476
3 0.6521428571428571 0.2580952380952381 0.075 0.09142857142857143
3 0.6135714285714285 0.08285714285714285 0.05714285714285714 0.05523809523809524
3 0.6114285714285714 0.16666666666666666 0.056428571428571425 0.07047619047619047
8 0.6635714285714286 0.11714285714285715 0.08214285714285714 0.0980952380952381
2 0.6421428571428571 0.23523809523809525 0.030714285714285715 0.02761904761904762
4 0.7592857142857142 0.10380952380952381 0.025714285714285714 0.03333333333333333
4 0.7578571428571429 0.09714285714285714 0.020714285714285713 0.02857142857142857
1 0.7585714285714286 0.14095238095238094 0.016428571428571428 0.0419047619047619
3 0.74 0.23238095238095238 0.06714285714285714 0.08285714285714285
3 0.7314285714285714 0.4104761904761905 0.09214285714285714 0.13714285714285715
3 0.6864285714285714 0.4866666666666667 0.08785714285714286 0.14285714285714285
3 0.8185714285714286 0.3457142857142857 0.08357142857142857 0.10952380952380952
3 0.8807142857142857 0.25333333333333335 0.09785714285714285 0.11047619047619048
3 0.8321428571428572 0.6285714285714286 0.13857142857142857 0.18761904761904763
3 0.8857142857142857 0.5914285714285714 0.11214285714285714 0.17809523809523808
3 0.9535714285714286 0.5685714285714286 0.04214285714285714 0.1
