3 0.002 0.71 0.112 0.13666666666666666
3 0.202 0.738 0.107 0.14533333333333334
3 0.2875 0.7573333333333333 0.103 0.15066666666666667
3 0.396 0.75 0.075 0.18533333333333332
3 0.486 0.762 0.0945 0.15866666666666668
3 0.6015 0.732 0.096 0.19066666666666668
3 0.716 0.752 0.0855 0.182
3 0.806 0.776 0.147 0.16
2 0.8495 0.584 0.0225 0.04666666666666667
2 0.822 0.582 0.029 0.03933333333333333
4 0.785 0.5886666666666667 0.0235 0.05
8 0.726 0.5813333333333334 0.0655 0.092
3 0.658 0.5653333333333334 0.057 0.10266666666666667
1 0.5555 0.5426666666666666 0.013 0.03333333333333333
1 0.5455 0.5666666666666667 0.017 0.04733333333333333
2 0.4705 0.59 0.037 0.068
1 0.403 0.5466666666666666 0.012 0.04466666666666667
4 0.099 0.6246666666666667 0.032 0.042
1 0.104 0.6046666666666667 0.022 0.048666666666666664
1 0.305 0.48933333333333334 0.0115 0.03933333333333333
2 0.334 0.5133333333333333 0.027 0.04066666666666666
1 0.3435 0.5033333333333333 0.0145 0.03333333333333333
1 0.334 0.49866666666666665 0.0115 0.028666666666666667
4 0.331 0.5053333333333333 0.0175 0.032
1 0.359 0.4046666666666667 0.006 0.03
3 0.446 0.4026666666666667 0.024 0.026
3 0.3775 0.38133333333333336 0.0575 0.028666666666666667
3 0.4095 0.374 0.047 0.024666666666666667
3 0.475 0.37 0.0285 0.028
3 0.449 0.3446666666666667 0.0355 0.020666666666666667
3 0.502 0.382 0.0465 0.03133333333333333
3 0.546 0.3953333333333333 0.043 0.024666666666666667
1 0.589 0.39666666666666667 0.006 0.02
3 0.5295 0.37 0.0395 0.028666666666666667
3 0.56 0.39 0.0575 0.022
3 0.562 0.36 0.0575 0.034
3 0.5565 0.35733333333333334 0.037 0.02
3 0.553 0.3546666666666667 0.0335 0.018666666666666668
3 0.5245 0.36133333333333334 0.0275 0.023333333333333334
3 0.5385 0.348 0.0265 0.018
3 0.5775 0.3413333333333333 0.0415 0.024666666666666667
3 0.5875 0.3426666666666667 0.0405 0.019333333333333334
3 0.567 0.3373333333333333 0.041 0.018
3 0.5945 0.328 0.0295 0.022
3 0.5915 0.33 0.038 0.018
3 0.5895 0.3253333333333333 0.0325 0.015333333333333332
3 0.4545 0.334 0.0365 0.02266666666666667
3 0.456 0.3373333333333333 0.038 0.015333333333333332
3 0.47 0.3313333333333333 0.0345 0.018666666666666668
3 0.5055 0.33066666666666666 0.0185 0.019333333333333334
3 0.4805 0.31133333333333335 0.0385 0.024666666666666667
3 0.4965 0.31333333333333335 0.0265 0.018666666666666668
3 0.504 0.312 0.0275 0.013333333333333334
3 0.4965 0.306 0.0325 0.016
3 0.502 0.304 0.032 0.014
3 0.5125 0.30133333333333334 0.033 0.014
3 0.514 0.29733333333333334 0.031 0.012666666666666666
3 0.513 0.29533333333333334 0.0285 0.012
3 0.519 0.2906666666666667 0.025 0.015333333333333332
3 0.5935 0.32133333333333336 0.0325 0.014
3 0.6 0.318 0.018 0.012
3 0.596 0.31266666666666665 0.0325 0.014
3 0.598 0.31 0.033 0.014
3 0.6015 0.30266666666666664 0.0275 0.016666666666666666
3 0.58 0.306 0.0155 0.014666666666666666
3 0.586 0.2986666666666667 0.0215 0.016
3 0.604 0.29933333333333334 0.029 0.014
3 0.605 0.29533333333333334 0.026 0.015333333333333332
3 0.6055 0.292 0.024 0.015333333333333332
3 0.6025 0.29 0.025 0.016666666666666666
3 0.599 0.288 0.0285 0.021333333333333333
8 0.531 0.27466666666666667 0.035 0.02666666666666667
1 0.5665 0.2906666666666667 0.0025 0.007333333333333333
1 0.569 0.2886666666666667 0.0025 0.01
1 0.5715 0.2866666666666667 0.003 0.012666666666666666
3 0.55 0.278 0.02 0.010666666666666666
3 0.552 0.27266666666666667 0.0205 0.012
3 0.5495 0.26466666666666666 0.028 0.014666666666666666
3 0.556 0.2633333333333333 0.0235 0.010666666666666666
3 0.5685 0.258 0.0155 0.010666666666666666
3 0.578 0.25 0.006 0.010666666666666666
3 0.5895 0.29333333333333333 0.0095 0.013333333333333334
3 0.6105 0.286 0.0195 0.012666666666666666
3 0.61 0.2846666666666667 0.022 0.012666666666666666
3 0.608 0.282 0.025 0.013333333333333334
3 0.6125 0.2793333333333333 0.019 0.014
3 0.6115 0.2806666666666667 0.023 0.010666666666666666
3 0.614 0.27666666666666667 0.0215 0.011333333333333334
3 0.6125 0.2733333333333333 0.0225 0.010666666666666666
3 0.615 0.2713333333333333 0.0215 0.01
3 0.6175 0.2673333333333333 0.018 0.011333333333333334
3 0.6155 0.2653333333333333 0.0175 0.009333333333333334
3 0.6215 0.25733333333333336 0.016 0.011333333333333334
1 0.623 0.26066666666666666 0.0025 0.008666666666666666
8 0.608 0.24733333333333332 0.0115 0.013333333333333334
1 0.5955 0.25866666666666666 0.0025 0.009333333333333334
2 0.598 0.2673333333333333 0.002 0.006666666666666667
1 0.598 0.264 0.002 0.008666666666666666
