1 0.29928571428571427 0.3657142857142857 0.02 0.07428571428571429
1 0.25642857142857145 0.32761904761904764 0.020714285714285713 0.05714285714285714
3 0.3435714285714286 0.5142857142857142 0.11642857142857142 0.18571428571428572
3 0.43357142857142855 0.4714285714285714 0.09 0.12380952380952381
3 0.7157142857142857 0.5971428571428572 0.2042857142857143 0.21714285714285714
3 0.5828571428571429 0.41904761904761906 0.12571428571428572 0.1438095238095238
3 0.5278571428571428 0.35714285714285715 0.08071428571428571 0.07809523809523809
3 0.54 0.2752380952380952 0.10142857142857142 0.05714285714285714
3 0.52 0.23714285714285716 0.07714285714285714 0.039047619047619046
3 0.40285714285714286 0.34285714285714286 0.062142857142857146 0.07714285714285714
3 0.3871428571428571 0.26285714285714284 0.04928571428571429 0.07428571428571429
3 0.3271428571428571 0.31142857142857144 0.052142857142857144 0.07904761904761905
3 0.0 0.43047619047619046 0.13285714285714287 0.1
3 0.0 0.3933333333333333 0.17642857142857143 0.07428571428571429
3 0.0 0.3647619047619048 0.16357142857142856 0.05619047619047619
3 0.02142857142857143 0.32476190476190475 0.14214285714285715 0.06761904761904762
3 0.05928571428571429 0.3019047619047619 0.11928571428571429 0.05714285714285714
3 0.18928571428571428 0.2561904761904762 0.05071428571428571 0.06571428571428571
1 0.2642857142857143 0.18 0.020714285714285713 0.04
1 0.24928571428571428 0.17523809523809525 0.013571428571428571 0.04380952380952381
3 0.33 0.25047619047619046 0.047857142857142855 0.06285714285714286
3 0.34285714285714286 0.19523809523809524 0.03571428571428571 0.054285714285714284
3 0.3792857142857143 0.2276190476190476 0.04071428571428572 0.047619047619047616
3 0.3842857142857143 0.17333333333333334 0.032857142857142856 0.039047619047619046
3 0.38285714285714284 0.15904761904761905 0.027142857142857142 0.025714285714285714
3 0.48 0.22 0.06571428571428571 0.05619047619047619
3 0.29 0.12380952380952381 0.032857142857142856 0.0380952380952381
3 0.30142857142857143 0.11142857142857143 0.02642857142857143 0.03428571428571429
3 0.26071428571428573 0.1 0.04428571428571428 0.023809523809523808
3 0.28 0.08095238095238096 0.03357142857142857 0.023809523809523808
3 0.29642857142857143 0.07523809523809524 0.027142857142857142 0.02
3 0.3507142857142857 0.15523809523809523 0.025714285714285714 0.037142857142857144
3 0.3492857142857143 0.13047619047619047 0.025 0.02666666666666667
3 0.35214285714285715 0.11047619047619048 0.02 0.025714285714285714
3 0.35714285714285715 0.09523809523809523 0.02 0.023809523809523808
3 0.35428571428571426 0.08666666666666667 0.018571428571428572 0.018095238095238095
3 0.3792857142857143 0.1 0.017857142857142856 0.023809523809523808
3 0.3692857142857143 0.0761904761904762 0.017142857142857144 0.023809523809523808
3 0.34785714285714286 0.06190476190476191 0.02642857142857143 0.02
3 0.3757142857142857 0.05523809523809524 0.02642857142857143 0.02
3 0.44357142857142856 0.11619047619047619 0.024285714285714285 0.03238095238095238
3 0.42928571428571427 0.10666666666666667 0.018571428571428572 0.023809523809523808
3 0.4207142857142857 0.0980952380952381 0.016428571428571428 0.02
3 0.4207142857142857 0.07904761904761905 0.019285714285714285 0.021904761904761906
3 0.4757142857142857 0.1457142857142857 0.06 0.03428571428571429
3 0.49 0.16952380952380952 0.07642857142857143 0.040952380952380955
3 0.5 0.19047619047619047 0.07714285714285714 0.04476190476190476
