1 0.020714285714285713 0.27714285714285714 0.024285714285714285 0.037142857142857144
1 0.08928571428571429 0.19142857142857142 0.016428571428571428 0.03428571428571429
1 0.10785714285714286 0.022857142857142857 0.012142857142857143 0.025714285714285714
1 0.16785714285714284 0.05523809523809524 0.014285714285714285 0.02761904761904762
3 0.16642857142857143 0.07238095238095238 0.03857142857142857 0.04476190476190476
3 0.255 0.0761904761904762 0.02642857142857143 0.040952380952380955
3 0.2892857142857143 0.13142857142857142 0.037142857142857144 0.06571428571428571
3 0.145 0.2904761904761905 0.016428571428571428 0.035238095238095235
3 0.12857142857142856 0.2980952380952381 0.017142857142857144 0.039047619047619046
3 0.14285714285714285 0.21047619047619048 0.016428571428571428 0.0380952380952381
4 0.2542857142857143 0.3514285714285714 0.018571428571428572 0.03238095238095238
1 0.24928571428571428 0.3323809523809524 0.015 0.025714285714285714
1 0.047142857142857146 0.2180952380952381 0.017142857142857144 0.037142857142857144
1 0.03642857142857143 0.2180952380952381 0.012857142857142857 0.04
1 0.16 0.4990476190476191 0.023571428571428573 0.0419047619047619
1 0.08785714285714286 0.6152380952380953 0.025 0.05142857142857143
3 0.0 0.5876190476190476 0.08571428571428572 0.08761904761904762
3 0.4992857142857143 0.6828571428571428 0.125 0.22666666666666666
3 0.35714285714285715 0.3219047619047619 0.06785714285714285 0.09523809523809523
3 0.5014285714285714 0.20285714285714285 0.05071428571428571 0.06285714285714286
3 0.4257142857142857 0.09904761904761905 0.03785714285714286 0.04
3 0.3464285714285714 0.04857142857142857 0.03142857142857143 0.040952380952380955
3 0.31642857142857145 0.01619047619047619 0.029285714285714286 0.037142857142857144
3 0.30428571428571427 0.0 0.025 0.021904761904761906
3 0.3578571428571429 0.0 0.027142857142857142 0.022857142857142857
1 0.6307142857142857 0.07428571428571429 0.008571428571428572 0.0380952380952381
1 0.6385714285714286 0.07523809523809524 0.009285714285714286 0.03238095238095238
3 0.705 0.011428571428571429 0.04642857142857143 0.03238095238095238
3 0.6507142857142857 0.14476190476190476 0.047857142857142855 0.047619047619047616
3 0.7492857142857143 0.030476190476190476 0.04928571428571429 0.035238095238095235
3 0.7835714285714286 0.08095238095238096 0.05357142857142857 0.037142857142857144
8 0.7728571428571429 0.1380952380952381 0.06785714285714285 0.04285714285714286
1 0.755 0.14761904761904762 0.014285714285714285 0.045714285714285714
1 0.8178571428571428 0.22095238095238096 0.012142857142857143 0.04666666666666667
1 0.8221428571428572 0.17523809523809525 0.012142857142857143 0.030476190476190476
1 0.7521428571428571 0.2838095238095238 0.02 0.035238095238095235
1 0.75 0.26857142857142857 0.012857142857142857 0.030476190476190476
3 0.89 0.23333333333333334 0.07714285714285714 0.05142857142857143
6 0.9692857142857143 0.1838095238095238 0.030714285714285715 0.06190476190476191
3 0.3078571428571429 0.7076190476190476 0.07285714285714286 0.1523809523809524
4 0.7214285714285714 0.4038095238095238 0.024285714285714285 0.035238095238095235
1 0.725 0.3761904761904762 0.017142857142857144 0.05047619047619047
