2 0.9690576652601969 0.7425925925925926 0.02812939521800281 0.05185185185185185
2 0.9774964838255977 0.7527777777777778 0.01969057665260197 0.04814814814814815
1 0.8037974683544303 0.8009259259259259 0.02250351617440225 0.03518518518518519
1 0.0 0.6842592592592592 0.01617440225035162 0.04351851851851852
1 0.5 0.29259259259259257 0.023206751054852322 0.044444444444444446
1 0.5232067510548524 0.2490740740740741 0.01828410689170183 0.03796296296296296
1 0.23417721518987342 0.04351851851851852 0.03234880450070324 0.03888888888888889
2 0.40646976090014064 0.9629629629629629 0.02250351617440225 0.02962962962962963
1 0.16104078762306612 0.4675925925925926 0.02180028129395218 0.03333333333333333
1 0.1540084388185654 0.4388888888888889 0.017580872011251757 0.026851851851851852
2 0.7180028129395218 0.9657407407407408 0.027426160337552744 0.030555555555555555
1 0.8509142053445851 0.9675925925925926 0.02109704641350211 0.025
1 0.8720112517580872 0.9777777777777777 0.026019690576652602 0.018518518518518517
1 0.8368495077355836 0.9740740740740741 0.02109704641350211 0.022222222222222223
1 0.006329113924050633 0.41203703703703703 0.012658227848101266 0.041666666666666664
1 0.03305203938115331 0.4787037037037037 0.016877637130801686 0.037037037037037035
1 0.5443037974683544 0.2657407407407407 0.023206751054852322 0.04351851851851852
1 0.9718706047819972 0.16203703703703703 0.02531645569620253 0.037037037037037035
