1 0.6717095310136157 0.1824074074074074 0.029500756429652043 0.041666666666666664
2 0.5385779122541604 0.0 0.046142208774583963 0.026851851851851852
2 0.8373676248108926 0.024074074074074074 0.0416036308623298 0.044444444444444446
6 0.0 0.049074074074074076 0.012102874432677761 0.041666666666666664
2 0.3774583963691377 0.003703703703703704 0.030257186081694403 0.04537037037037037
1 0.0007564296520423601 0.11388888888888889 0.02798789712556732 0.05
1 0.4886535552193646 0.05555555555555555 0.037065052950075644 0.03518518518518519
1 0.49546142208774585 0.032407407407407406 0.03479576399394856 0.03333333333333333
1 0.7133131618759455 0.17407407407407408 0.03177004538577912 0.03611111111111111
1 0.859304084720121 0.04722222222222222 0.04311649016641452 0.03796296296296296
