1 0.8776371308016878 0.6027777777777777 0.034458509142053444 0.0712962962962963
1 0.44936708860759494 0.337037037037037 0.035161744022503515 0.03888888888888889
1 0.5260196905766527 0.2574074074074074 0.014064697609001406 0.03796296296296296
1 0.9592123769338959 0.8592592592592593 0.0379746835443038 0.053703703703703705
1 0.4578059071729958 0.9490740740740741 0.02390998593530239 0.030555555555555555
6 0.339662447257384 0.9657407407407408 0.07383966244725738 0.030555555555555555
1 0.0 0.0 0.03164556962025317 0.032407407407407406
2 0.9521800281293952 0.8546296296296296 0.046413502109704644 0.046296296296296294
1 0.4451476793248945 0.32222222222222224 0.03375527426160337 0.028703703703703703
2 0.8333333333333334 0.9175925925925926 0.04430379746835443 0.058333333333333334
2 0.22081575246132207 0.5425925925925926 0.034458509142053444 0.0712962962962963
1 0.38959212376933894 0.9546296296296296 0.03656821378340366 0.03796296296296296
1 0.21659634317862167 0.7527777777777778 0.02180028129395218 0.025
2 0.43319268635724334 0.9861111111111112 0.03164556962025317 0.008333333333333333
1 0.6610407876230661 0.5009259259259259 0.03305203938115331 0.06851851851851852
1 0.17440225035161744 0.8574074074074074 0.016877637130801686 0.03333333333333333
2 0.15541490857946555 0.026851851851851852 0.04430379746835443 0.07222222222222222
1 0.18143459915611815 0.9629629629629629 0.030942334739803096 0.03148148148148148
1 0.4620253164556962 0.8194444444444444 0.047116736990154715 0.05
1 0.21940928270042195 0.7342592592592593 0.030239099859353025 0.028703703703703703
1 0.15963431786216598 0.46574074074074073 0.02180028129395218 0.03333333333333333
1 0.9690576652601969 0.1935185185185185 0.016877637130801686 0.030555555555555555
1 0.9831223628691983 0.19537037037037036 0.015471167369901548 0.037037037037037035
