1 0.8545197740112994 0.4722222222222222 0.0211864406779661 0.04537037037037037
1 0.5028248587570622 0.5916666666666667 0.024717514124293787 0.03333333333333333
1 0.3290960451977401 0.5138888888888888 0.01694915254237288 0.02962962962962963
1 0.5028248587570622 0.6546296296296297 0.02754237288135593 0.046296296296296294
1 0.7372881355932204 0.9712962962962963 0.04307909604519774 0.03333333333333333
1 0.2916666666666667 0.22870370370370371 0.04449152542372881 0.04351851851851852
1 0.481638418079096 0.8305555555555556 0.024717514124293787 0.05092592592592592
1 0.0 0.2972222222222222 0.01765536723163842 0.03796296296296296
1 0.8757062146892656 0.4861111111111111 0.03177966101694915 0.049074074074074076
1 0.4032485875706215 0.6981481481481482 0.026836158192090395 0.03611111111111111
1 0.07909604519774012 0.24074074074074073 0.03672316384180791 0.04814814814814815
1 0.2930790960451977 0.9185185185185185 0.023305084745762712 0.03425925925925926
1 0.3361581920903955 0.8833333333333333 0.0211864406779661 0.041666666666666664
1 0.3742937853107345 0.8916666666666667 0.026129943502824857 0.03148148148148148
1 0.0035310734463276836 0.36018518518518516 0.01977401129943503 0.046296296296296294
2 0.0 0.22407407407407406 0.023305084745762712 0.02962962962962963
2 0.0 0.8268518518518518 0.020480225988700564 0.041666666666666664
1 0.019067796610169493 0.9796296296296296 0.02824858757062147 0.023148148148148147
1 0.5218926553672316 0.19722222222222222 0.02401129943502825 0.037037037037037035
1 0.3990112994350282 0.9462962962962963 0.026836158192090395 0.03796296296296296
1 0.393361581920904 0.6861111111111111 0.02824858757062147 0.025
