2 0.07203389830508475 0.05648148148148148 0.026836158192090395 0.041666666666666664
2 0.9844632768361582 0.6416666666666667 0.01977401129943503 0.03796296296296296
1 0.6031073446327684 0.4212962962962963 0.022598870056497175 0.041666666666666664
2 0.2062146892655367 0.3055555555555556 0.04096045197740113 0.06574074074074074
2 0.10028248587570622 0.975925925925926 0.048728813559322036 0.028703703703703703
2 0.981638418079096 0.5518518518518518 0.0211864406779661 0.041666666666666664
3 0.06002824858757062 0.6981481481481482 0.036016949152542374 0.05740740740740741
1 0.3862994350282486 0.8870370370370371 0.031073446327683617 0.046296296296296294
2 0.04025423728813559 0.0 0.022598870056497175 0.022222222222222223
1 0.009180790960451978 0.7592592592592593 0.02824858757062147 0.03981481481481482
1 0.021892655367231638 0.7805555555555556 0.02824858757062147 0.03518518518518519
2 0.06285310734463277 0.31666666666666665 0.03884180790960452 0.04814814814814815
2 0.09463276836158192 0.7212962962962963 0.04731638418079096 0.046296296296296294
1 0.057203389830508475 0.9777777777777777 0.021892655367231638 0.026851851851851852
1 0.1306497175141243 0.07685185185185185 0.03531073446327684 0.05092592592592592
1 0.3862994350282486 0.9351851851851852 0.038135593220338986 0.027777777777777776
2 0.08615819209039548 0.9583333333333334 0.03954802259887006 0.03796296296296296
2 0.9774011299435028 0.5981481481481481 0.025423728813559324 0.04351851851851852
1 0.864406779661017 0.03333333333333333 0.03742937853107345 0.03333333333333333
2 0.9844632768361582 0.5407407407407407 0.018361581920903956 0.04814814814814815
1 0.6257062146892656 0.43796296296296294 0.036016949152542374 0.03796296296296296
1 0.0 0.5175925925925926 0.024717514124293787 0.04259259259259259
2 0.6504237288135594 0.975925925925926 0.03248587570621469 0.028703703703703703
1 0.7471751412429378 0.9731481481481481 0.023305084745762712 0.02962962962962963
2 0.00211864406779661 0.7777777777777778 0.018361581920903956 0.040740740740740744
1 0.3862994350282486 0.9 0.02824858757062147 0.026851851851851852
1 0.5988700564971752 0.5324074074074074 0.02824858757062147 0.03796296296296296
1 0.033192090395480225 0.8666666666666667 0.02824858757062147 0.058333333333333334
1 0.4173728813559322 0.8981481481481481 0.03177966101694915 0.041666666666666664
1 0.4004237288135593 0.9416666666666667 0.029661016949152543 0.044444444444444446
1 0.3990112994350282 0.700925925925926 0.03672316384180791 0.04537037037037037
1 0.6362994350282486 0.8638888888888889 0.022598870056497175 0.03425925925925926
1 0.663135593220339 0.862037037037037 0.02401129943502825 0.03981481481481482
