1 0.2180028129395218 0.6657407407407407 0.0189873417721519 0.03981481481481482
1 0.011954992967651195 0.6759259259259259 0.02109704641350211 0.03333333333333333
1 0.80098452883263 0.4675925925925926 0.02812939521800281 0.05
1 0.8874824191279888 0.7611111111111111 0.034458509142053444 0.03796296296296296
1 0.9831223628691983 0.8592592592592593 0.015471167369901548 0.062037037037037036
1 0.9845288326300985 0.8842592592592593 0.014064697609001406 0.03333333333333333
1 0.9859353023909986 0.9009259259259259 0.012658227848101266 0.037037037037037035
1 0.9360056258790436 0.9009259259259259 0.023206751054852322 0.025
1 0.7609001406469761 0.9675925925925926 0.02461322081575246 0.026851851851851852
1 0.46624472573839665 0.32407407407407407 0.03375527426160337 0.03148148148148148
1 0.7651195499296765 0.29074074074074074 0.02461322081575246 0.041666666666666664
1 0.940225035161744 0.6592592592592592 0.026019690576652602 0.041666666666666664
1 0.9634317862165963 0.14907407407407408 0.02531645569620253 0.05
1 0.5232067510548524 0.28888888888888886 0.02531645569620253 0.028703703703703703
1 0.6856540084388185 0.9694444444444444 0.02812939521800281 0.025
1 0.6673699015471167 0.9629629629629629 0.026722925457102673 0.03611111111111111
2 0.9563994374120957 0.7509259259259259 0.040787623066104076 0.028703703703703703
2 0.07313642756680731 0.9592592592592593 0.029535864978902954 0.03518518518518519
2 0.2011251758087201 0.003703703703703704 0.028832630098452883 0.04351851851851852
1 0.5372714486638537 0.2638888888888889 0.01828410689170183 0.020370370370370372
1 0.5218002812939522 0.25092592592592594 0.02812939521800281 0.02962962962962963
1 0.44936708860759494 0.3472222222222222 0.0379746835443038 0.03518518518518519
1 0.24964838255977498 0.2675925925925926 0.02250351617440225 0.03796296296296296
1 0.4388185654008439 0.5842592592592593 0.023206751054852322 0.03981481481481482
1 0.8952180028129395 0.9657407407407408 0.03234880450070324 0.026851851851851852
1 0.23136427566807313 0.6722222222222223 0.02250351617440225 0.053703703703703705
