1 0.27987897125567324 0.06018518518518518 0.03252647503782148 0.04537037037037037
2 0.17473524962178516 0.032407407407407406 0.040090771558245086 0.041666666666666664
1 0.5506807866868382 0.05185185185185185 0.0529500756429652 0.05185185185185185
1 0.8827534039334342 0.0 0.039334341906202726 0.040740740740740744
2 0.09379727685325265 0.010185185185185186 0.0416036308623298 0.041666666666666664
2 0.27987897125567324 0.01574074074074074 0.0416036308623298 0.046296296296296294
2 0.0 0.037037037037037035 0.037065052950075644 0.03518518518518519
1 0.9576399394856279 0.1935185185185185 0.04084720121028744 0.037037037037037035
1 0.0 0.3537037037037037 0.02042360060514372 0.04537037037037037
2 0.7662632375189108 0.022222222222222223 0.03479576399394856 0.05
2 0.9659606656580938 0.19722222222222222 0.03252647503782148 0.053703703703703705
1 0.7095310136157338 0.6361111111111111 0.046898638426626324 0.041666666666666664
