2 0.22433192686357242 0.37222222222222223 0.0379746835443038 0.05
1 0.18143459915611815 0.5324074074074074 0.03938115330520394 0.04537037037037037
1 0.0 0.8629629629629629 0.047116736990154715 0.03333333333333333
1 0.6082981715893109 0.9111111111111111 0.03305203938115331 0.03796296296296296
1 0.38959212376933894 0.9259259259259259 0.0450070323488045 0.04537037037037037
1 0.10407876230661041 0.5509259259259259 0.035864978902953586 0.03518518518518519
1 0.4873417721518987 0.31203703703703706 0.028832630098452883 0.04351851851851852
2 0.9050632911392406 0.8611111111111112 0.01969057665260197 0.05
2 0.9163150492264416 0.8092592592592592 0.03164556962025317 0.04814814814814815
1 0.9535864978902954 0.4842592592592593 0.029535864978902954 0.05462962962962963
1 0.960618846694796 0.44722222222222224 0.030942334739803096 0.028703703703703703
1 0.5274261603375527 0.2574074074074074 0.02250351617440225 0.03333333333333333
1 0.5147679324894515 0.262037037037037 0.030942334739803096 0.03518518518518519
1 0.9634317862165963 0.41388888888888886 0.029535864978902954 0.03518518518518519
