1 0.24261603375527427 0.22870370370370371 0.01969057665260197 0.037037037037037035
1 0.23417721518987342 0.5805555555555556 0.01969057665260197 0.025
1 0.009142053445850914 0.05555555555555555 0.02531645569620253 0.03148148148148148
1 0.3952180028129395 0.12037037037037036 0.02812939521800281 0.037037037037037035
1 0.6188466947960619 0.09907407407407408 0.02531645569620253 0.03148148148148148
1 0.06891701828410689 0.17037037037037037 0.02812939521800281 0.037037037037037035
1 0.05907172995780591 0.1388888888888889 0.0379746835443038 0.03148148148148148
2 0.41350210970464135 0.21574074074074073 0.04149085794655415 0.05
1 0.15260196905766527 0.41759259259259257 0.0189873417721519 0.025
1 0.13431786216596342 0.3574074074074074 0.02250351617440225 0.03148148148148148
1 0.24261603375527427 0.5555555555555556 0.02531645569620253 0.022222222222222223
1 0.1729957805907173 0.774074074074074 0.01969057665260197 0.028703703703703703
2 0.8938115330520394 0.06388888888888888 0.03375527426160337 0.03148148148148148
2 0.9205344585091421 0.005555555555555556 0.02461322081575246 0.026851851851851852
1 0.139943741209564 0.3888888888888889 0.02531645569620253 0.023148148148148147
1 0.12306610407876231 0.40555555555555556 0.02531645569620253 0.028703703703703703
1 0.10407876230661041 0.3824074074074074 0.02461322081575246 0.03148148148148148
1 0.8909985935302391 0.31203703703703706 0.02812939521800281 0.037037037037037035
