1 0.12708018154311648 0.7194444444444444 0.0226928895612708 0.03796296296296296
1 0.12329803328290469 0.7527777777777778 0.02798789712556732 0.026851851851851852
1 0.12178517397881997 0.7712962962962963 0.03177004538577912 0.027777777777777776
2 0.10816944024205749 0.8490740740740741 0.03479576399394856 0.05
1 0.0 0.8611111111111112 0.00680786686838124 0.046296296296296294
1 0.7526475037821483 0.07222222222222222 0.02723146747352496 0.02962962962962963
1 0.7450832072617246 0.05555555555555555 0.024205748865355523 0.03148148148148148
1 0.7360060514372163 0.03888888888888889 0.03479576399394856 0.026851851851851852
1 0.81089258698941 0.0 0.040090771558245086 0.020370370370370372
1 0.8260211800302572 0.005555555555555556 0.046142208774583963 0.041666666666666664
1 0.45915279878971255 0.14351851851851852 0.02118003025718608 0.026851851851851852
1 0.8540090771558245 0.07685185185185185 0.030257186081694403 0.041666666666666664
1 0.14145234493192133 0.1537037037037037 0.03479576399394856 0.05
1 0.8774583963691377 0.5259259259259259 0.036308623298033284 0.07685185185185185
1 0.9568835098335855 0.05555555555555555 0.038577912254160365 0.05462962962962963
1 0.7284417549167927 0.14722222222222223 0.04236006051437216 0.05185185185185185
1 0.5385779122541604 0.28703703703703703 0.028744326777609682 0.03888888888888889
1 0.1928895612708018 0.24537037037037038 0.03177004538577912 0.030555555555555555
