1 0.6860816944024206 0.024074074074074074 0.02723146747352496 0.03981481481481482
2 0.6928895612708018 0.5657407407407408 0.04387291981845688 0.037037037037037035
1 0.4402420574886536 0.35555555555555557 0.049924357034795766 0.06481481481481481
1 0.4258698940998487 0.3675925925925926 0.036308623298033284 0.046296296296296294
1 0.6732223903177005 0.5888888888888889 0.03479576399394856 0.04537037037037037
2 0.6845688350983359 0.040740740740740744 0.037065052950075644 0.06111111111111111
2 0.5816944024205749 0.5694444444444444 0.04462934947049924 0.03981481481481482
1 0.5718608169440242 0.5944444444444444 0.0264750378214826 0.044444444444444446
1 0.2980332829046899 0.4074074074074074 0.0264750378214826 0.03796296296296296
2 0.04387291981845688 0.3509259259259259 0.0416036308623298 0.044444444444444446
2 0.9508320726172466 0.30092592592592593 0.04311649016641452 0.05648148148148148
