1 0.5438729198184569 0.8740740740740741 0.036308623298033284 0.041666666666666664
1 0.22995461422087746 0.8907407407407407 0.029500756429652043 0.030555555555555555
1 0.6482602118003026 0.001851851851851852 0.03479576399394856 0.03518518518518519
2 0.8078668683812406 0.09074074074074075 0.05143721633888049 0.06481481481481481
6 0.2844175491679274 0.7388888888888889 0.09682299546142209 0.08055555555555556
2 0.4909228441754917 0.8361111111111111 0.029500756429652043 0.03518518518518519
2 0.5635400907715582 0.8277777777777777 0.038577912254160365 0.03333333333333333
2 0.05219364599092285 0.7925925925925926 0.047655068078668684 0.041666666666666664
1 0.056732223903177004 0.8157407407407408 0.04311649016641452 0.037037037037037035
1 0.8161875945537065 0.0 0.039334341906202726 0.030555555555555555
2 0.8524962178517398 0.7842592592592592 0.040090771558245086 0.03981481481481482
1 0.962178517397882 0.5259259259259259 0.03479576399394856 0.06018518518518518
2 0.29122541603630864 0.2490740740740741 0.05143721633888049 0.058333333333333334
1 0.15809379727685324 0.5472222222222223 0.0264750378214826 0.041666666666666664
2 0.025718608169440244 0.9407407407407408 0.0416036308623298 0.053703703703703705
2 0.9039334341906202 0.8240740740740741 0.04462934947049924 0.062037037037037036
1 0.7299546142208775 0.1388888888888889 0.0264750378214826 0.05648148148148148
2 0.9205748865355522 0.0 0.049924357034795766 0.037037037037037035
1 0.7133131618759455 0.0 0.06429652042360061 0.01574074074074074
2 0.9273827534039334 0.0 0.03328290468986384 0.028703703703703703
2 0.0 0.5675925925925925 0.04236006051437216 0.04814814814814815
1 0.9674735249621785 0.5611111111111111 0.031013615733736764 0.046296296296296294
1 0.9773071104387292 0.7592592592592593 0.02118003025718608 0.03333333333333333
2 0.9205748865355522 0.0 0.07791225416036308 0.028703703703703703
3 0.2927382753403933 0.7472222222222222 0.0832072617246596 0.049074074074074076
1 0.0 0.8462962962962963 0.024962178517397883 0.02962962962962963
1 0.9659606656580938 0.5194444444444445 0.03252647503782148 0.06296296296296296
2 0.5068078668683812 0.19537037037037036 0.04311649016641452 0.05185185185185185
1 0.12329803328290469 0.1537037037037037 0.037065052950075644 0.041666666666666664
