2 0.11016949152542373 0.9583333333333334 0.04307909604519774 0.03796296296296296
1 0.4159604519774011 0.46111111111111114 0.01977401129943503 0.03148148148148148
2 0.4385593220338983 0.5888888888888889 0.02754237288135593 0.05277777777777778
3 0.10451977401129943 0.5435185185185185 0.06285310734463277 0.05648148148148148
1 0.3714689265536723 0.8898148148148148 0.021892655367231638 0.023148148148148147
1 0.009180790960451978 0.8935185185185185 0.022598870056497175 0.03796296296296296
2 0.07909604519774012 0.9296296296296296 0.04096045197740113 0.041666666666666664
1 0.13771186440677965 0.6101851851851852 0.026836158192090395 0.03333333333333333
1 0.13912429378531074 0.6481481481481481 0.026836158192090395 0.026851851851851852
2 0.5720338983050848 0.7092592592592593 0.03248587570621469 0.05
2 0.9505649717514124 0.23055555555555557 0.03672316384180791 0.046296296296296294
1 0.021892655367231638 0.7129629629629629 0.03672316384180791 0.06296296296296296
1 0.17019774011299435 0.1259259259259259 0.033192090395480225 0.04537037037037037
2 0.2634180790960452 0.774074074074074 0.0423728813559322 0.05277777777777778
2 0.9675141242937854 0.6148148148148148 0.031073446327683617 0.03148148148148148
1 0.4145480225988701 0.4888888888888889 0.02754237288135593 0.026851851851851852
1 0.7634180790960452 0.9814814814814815 0.018361581920903956 0.021296296296296296
1 0.6045197740112994 0.5324074074074074 0.0211864406779661 0.03425925925925926
1 0.4357344632768362 0.8833333333333333 0.019067796610169493 0.02962962962962963
1 0.3990112994350282 0.9481481481481482 0.031073446327683617 0.03796296296296296
1 0.3990112994350282 0.700925925925926 0.03531073446327684 0.04537037037037037
1 0.6348870056497176 0.8638888888888889 0.02401129943502825 0.03425925925925926
1 0.661723163841808 0.862037037037037 0.025423728813559324 0.03796296296296296
