1 0.2109704641350211 0.5657407407407408 0.04289732770745429 0.04351851851851852
1 0.2609001406469761 0.37037037037037035 0.028832630098452883 0.05
1 0.03727144866385373 0.0 0.028832630098452883 0.037037037037037035
1 0.6638537271448663 0.08703703703703704 0.027426160337552744 0.06018518518518518
1 0.739803094233474 0.003703703703703704 0.03234880450070324 0.037037037037037035
1 0.06891701828410689 0.16574074074074074 0.03234880450070324 0.03981481481481482
1 0.06610407876230662 0.13240740740740742 0.030942334739803096 0.03981481481481482
2 0.0 0.4222222222222222 0.028832630098452883 0.037037037037037035
1 0.04992967651195499 0.4925925925925926 0.023206751054852322 0.03981481481481482
1 0.0035161744022503515 0.5074074074074074 0.02109704641350211 0.041666666666666664
1 0.24120956399437413 0.37222222222222223 0.029535864978902954 0.05
2 0.9479606188466948 0.04351851851851852 0.05063291139240506 0.04722222222222222
1 0.002109704641350211 0.5638888888888889 0.02250351617440225 0.041666666666666664
1 0.0007032348804500703 0.5074074074074074 0.015471167369901548 0.04537037037037037
1 0.47749648382559773 0.9592592592592593 0.03164556962025317 0.03333333333333333
1 0.7538677918424754 0.8027777777777778 0.04008438818565401 0.05648148148148148
2 0.26652601969057665 0.18055555555555555 0.03164556962025317 0.05
2 0.25246132208157523 0.7305555555555555 0.034458509142053444 0.05185185185185185
2 0.3080168776371308 0.7074074074074074 0.02390998593530239 0.05185185185185185
2 0.28551336146272854 0.850925925925926 0.03375527426160337 0.037037037037037035
1 0.229957805907173 0.9777777777777777 0.030942334739803096 0.016666666666666666
1 0.0 0.07685185185185185 0.023206751054852322 0.041666666666666664
1 0.8818565400843882 0.7138888888888889 0.028832630098452883 0.040740740740740744
1 0.2981715893108298 0.9592592592592593 0.02109704641350211 0.026851851851851852
1 0.3108298171589311 0.9740740740740741 0.01828410689170183 0.020370370370370372
