1 0.05907172995780591 0.1638888888888889 0.03375527426160337 0.03518518518518519
1 0.052742616033755275 0.13703703703703704 0.04008438818565401 0.03981481481481482
1 0.08016877637130802 0.11203703703703703 0.5625879043600562 0.8305555555555556
1 0.7883263009845288 0.0 0.029535864978902954 0.026851851851851852
3 0.2440225035161744 0.9157407407407407 0.058368495077355836 0.0787037037037037
2 0.24964838255977498 0.9611111111111111 0.034458509142053444 0.03518518518518519
2 0.2869198312236287 0.9361111111111111 0.01969057665260197 0.06018518518518518
2 0.25949367088607594 0.9527777777777777 0.0189873417721519 0.04351851851851852
1 0.0 0.36574074074074076 0.023206751054852322 0.05
2 0.24964838255977498 0.9527777777777777 0.02531645569620253 0.03518518518518519
1 0.31223628691983124 0.9157407407407407 0.035864978902953586 0.026851851851851852
2 0.9746835443037974 0.04351851851851852 0.02390998593530239 0.04537037037037037
2 0.0 0.31574074074074077 0.027426160337552744 0.03333333333333333
1 0.1160337552742616 0.9444444444444444 0.030942334739803096 0.03333333333333333
1 0.21659634317862167 0.8324074074074074 0.5274261603375527 0.13333333333333333
2 0.2777777777777778 0.24722222222222223 0.03727144866385373 0.04537037037037037
1 0.5527426160337553 0.17407407407407408 0.03305203938115331 0.046296296296296294
1 0.7925457102672293 0.7092592592592593 0.04149085794655415 0.05185185185185185
2 0.30520393811533053 0.9175925925925926 0.03305203938115331 0.04351851851851852
1 0.8466947960618847 0.13703703703703704 0.035161744022503515 0.04814814814814815
1 0.3368495077355837 0.7157407407407408 0.007032348804500703 0.008333333333333333
1 0.5203938115330521 0.8861111111111111 0.0028129395218002813 0.004629629629629629
1 0.8333333333333334 0.17222222222222222 0.027426160337552744 0.04351851851851852
1 0.8607594936708861 0.1685185185185185 0.02812939521800281 0.03888888888888889
1 0.3150492264416315 0.9592592592592593 0.02180028129395218 0.03518518518518519
1 0.3368495077355837 0.9657407407407408 0.01969057665260197 0.030555555555555555
2 0.01617440225035162 0.11388888888888889 0.03375527426160337 0.07314814814814814
1 0.8023909985935302 0.549074074074074 0.029535864978902954 0.04351851851851852
2 0.3888888888888889 0.018518518518518517 0.006329113924050633 0.005555555555555556
1 0.15541490857946555 0.950925925925926 0.009845288326300985 0.010185185185185186
1 0.10548523206751055 0.16018518518518518 0.0028129395218002813 0.003703703703703704
2 0.30520393811533053 0.7388888888888889 0.0028129395218002813 0.003703703703703704
