2 0.9774011299435028 0.5574074074074075 0.026836158192090395 0.05092592592592592
1 0.3672316384180791 0.5638888888888889 0.03742937853107345 0.03981481481481482
1 0.298728813559322 0.412962962962963 0.04307909604519774 0.05
1 0.7563559322033898 0.7555555555555555 0.022598870056497175 0.04537037037037037
2 0.9745762711864406 0.5916666666666667 0.02824858757062147 0.04814814814814815
2 0.9788135593220338 0.5324074074074074 0.025423728813559324 0.04814814814814815
1 0.4915254237288136 0.7509259259259259 0.02754237288135593 0.02962962962962963
1 0.4661016949152542 0.4462962962962963 0.022598870056497175 0.03611111111111111
1 0.0049435028248587575 0.7870370370370371 0.02401129943502825 0.03518518518518519
3 0.5557909604519774 0.43148148148148147 0.036016949152542374 0.05462962962962963
1 0.3375706214689266 0.8768518518518519 0.02824858757062147 0.03796296296296296
2 0.8714689265536724 0.008333333333333333 0.033192090395480225 0.03518518518518519
1 0.4844632768361582 0.42777777777777776 0.019067796610169493 0.03518518518518519
1 0.4830508474576271 0.46574074074074073 0.01977401129943503 0.03333333333333333
1 0.0035310734463276836 0.7638888888888888 0.022598870056497175 0.028703703703703703
1 0.9562146892655368 0.675 0.043785310734463276 0.03796296296296296
1 0.5233050847457628 0.8722222222222222 0.02824858757062147 0.040740740740740744
1 0.4216101694915254 0.9018518518518519 0.021892655367231638 0.03796296296296296
1 0.4046610169491525 0.700925925925926 0.02824858757062147 0.03518518518518519
1 0.6306497175141242 0.8638888888888889 0.02824858757062147 0.03611111111111111
1 0.663135593220339 0.8583333333333333 0.02401129943502825 0.04351851851851852
1 0.6419491525423728 0.04537037037037037 0.031073446327683617 0.06574074074074074
1 0.7048022598870056 0.10277777777777777 0.03531073446327684 0.058333333333333334
1 0.2605932203389831 0.2851851851851852 0.03389830508474576 0.04814814814814815
1 0.4216101694915254 0.8407407407407408 0.028954802259887006 0.044444444444444446
1 0.4018361581920904 0.9481481481481482 0.025423728813559324 0.03611111111111111
2 0.2676553672316384 0.8351851851851851 0.04096045197740113 0.028703703703703703
1 0.6687853107344632 0.8935185185185185 0.023305084745762712 0.046296296296296294
1 0.6899717514124294 0.9351851851851852 0.03177966101694915 0.03611111111111111
2 0.9774011299435028 0.637962962962963 0.02401129943502825 0.04537037037037037
1 0.00211864406779661 0.026851851851851852 0.03389830508474576 0.05
1 0.0 0.325 0.03177966101694915 0.04814814814814815
2 0.09745762711864407 0.85 0.04307909604519774 0.041666666666666664
1 0.798728813559322 0.49907407407407406 0.0346045197740113 0.044444444444444446
