1 0.9648382559774965 0.887962962962963 0.026722925457102673 0.041666666666666664
1 0.0 0.7111111111111111 0.010548523206751054 0.03611111111111111
1 0.4971870604781997 0.3055555555555556 0.026019690576652602 0.03518518518518519
1 0.0 0.8361111111111111 0.004922644163150493 0.05
1 0.0 0.5555555555555556 0.010548523206751054 0.041666666666666664
1 0.9704641350210971 0.262037037037037 0.026722925457102673 0.04722222222222222
3 0.2538677918424754 0.0 0.04289732770745429 0.05185185185185185
1 0.21378340365682139 0.4675925925925926 0.04289732770745429 0.06296296296296296
2 0.480309423347398 0.937962962962963 0.04289732770745429 0.04814814814814815
2 0.38045007032348804 0.9657407407407408 0.034458509142053444 0.028703703703703703
2 0.5485232067510548 0.9425925925925925 0.028832630098452883 0.03333333333333333
6 0.6540084388185654 0.9157407407407407 0.06891701828410689 0.0787037037037037
2 0.9718706047819972 0.8444444444444444 0.026722925457102673 0.06481481481481481
1 0.9873417721518988 0.8824074074074074 0.011251758087201125 0.053703703703703705
2 0.9451476793248945 0.8027777777777778 0.04219409282700422 0.06018518518518518
1 0.06610407876230662 0.3425925925925926 0.02109704641350211 0.03148148148148148
1 0.9845288326300985 0.020370370370370372 0.012658227848101266 0.041666666666666664
1 0.5232067510548524 0.25092592592592594 0.01969057665260197 0.03981481481481482
1 0.04992967651195499 0.3175925925925926 0.0189873417721519 0.03796296296296296
2 0.9465541490857946 0.7907407407407407 0.035161744022503515 0.062037037037037036
1 0.5541490857946554 0.262037037037037 0.013361462728551337 0.028703703703703703
