1 0.259180790960452 0.9064814814814814 0.0211864406779661 0.03333333333333333
1 0.4576271186440678 0.7212962962962963 0.02824858757062147 0.03148148148148148
1 0.2443502824858757 0.9333333333333333 0.02754237288135593 0.03611111111111111
2 0.05014124293785311 0.23425925925925925 0.03742937853107345 0.03796296296296296
1 0.0 0.07685185185185185 0.014830508474576272 0.04259259259259259
1 0.0 0.7824074074074074 0.006355932203389831 0.058333333333333334
2 0.11440677966101695 0.8898148148148148 0.03177966101694915 0.041666666666666664
2 0.528954802259887 0.7638888888888888 0.03742937853107345 0.041666666666666664
1 0.6490112994350282 0.10648148148148148 0.026836158192090395 0.041666666666666664
1 0.0007062146892655367 0.053703703703703705 0.026836158192090395 0.05925925925925926
1 0.3891242937853107 0.9 0.022598870056497175 0.023148148148148147
1 0.4074858757062147 0.8870370370370371 0.01694915254237288 0.023148148148148147
1 0.4505649717514124 0.7361111111111112 0.03389830508474576 0.03611111111111111
1 0.2401129943502825 0.9083333333333333 0.021892655367231638 0.02962962962962963
2 0.012005649717514125 0.9629629629629629 0.02824858757062147 0.041666666666666664
1 0.5543785310734464 0.3055555555555556 0.03036723163841808 0.03796296296296296
1 0.3559322033898305 0.31851851851851853 0.03884180790960452 0.046296296296296294
2 0.6518361581920904 0.6925925925925925 0.038135593220338986 0.05185185185185185
1 0.22175141242937854 0.9083333333333333 0.022598870056497175 0.03333333333333333
1 0.6348870056497176 0.862037037037037 0.022598870056497175 0.041666666666666664
1 0.663135593220339 0.8601851851851852 0.022598870056497175 0.04351851851851852
1 0.1786723163841808 0.35185185185185186 0.023305084745762712 0.05092592592592592
1 0.06779661016949153 0.4444444444444444 0.03248587570621469 0.04814814814814815
1 0.8806497175141242 0.001851851851851852 0.03531073446327684 0.03981481481481482
2 0.4088983050847458 0.7759259259259259 0.036016949152542374 0.044444444444444446
1 0.8516949152542372 0.07962962962962963 0.03036723163841808 0.04351851851851852
1 0.5204802259887006 0.7277777777777777 0.026836158192090395 0.044444444444444446
