1 0.4831223628691983 0.25555555555555554 0.03867791842475387 0.04814814814814815
1 0.5562587904360057 0.9462962962962963 0.05485232067510549 0.04814814814814815
1 0.3108298171589311 0.7861111111111111 0.034458509142053444 0.041666666666666664
2 0.12165963431786217 0.950925925925926 0.047116736990154715 0.04537037037037037
1 0.5035161744022504 0.3592592592592593 0.035161744022503515 0.05
1 0.29254571026722925 0.45092592592592595 0.04852320675105485 0.06481481481481481
2 0.36779184247538677 0.5157407407407407 0.04852320675105485 0.058333333333333334
2 0.930379746835443 0.7944444444444444 0.052742616033755275 0.05648148148148148
2 0.940225035161744 0.7824074074074074 0.047116736990154715 0.05555555555555555
2 0.9535864978902954 0.8361111111111111 0.0450070323488045 0.05
2 0.7679324894514767 0.9444444444444444 0.058368495077355836 0.05
2 0.20815752461322082 0.5824074074074074 0.06118143459915612 0.062037037037037036
1 0.8952180028129395 0.9574074074074074 0.0379746835443038 0.037037037037037035
2 0.9521800281293952 0.8296296296296296 0.046413502109704644 0.05
2 0.2981715893108298 0.9592592592592593 0.047116736990154715 0.03518518518518519
2 0.5618846694796061 0.9527777777777777 0.04781997187060478 0.041666666666666664
2 0.2109704641350211 0.0 0.051336146272855133 0.06574074074074074
2 0.14556962025316456 0.8490740740740741 0.06258790436005626 0.06388888888888888
2 0.24261603375527427 0.0 0.04571026722925457 0.06851851851851852
