1 0.06469760900140648 0.1638888888888889 0.035161744022503515 0.041666666666666664
1 0.06610407876230662 0.13518518518518519 0.03234880450070324 0.037037037037037035
1 0.9648382559774965 0.07222222222222222 0.03375527426160337 0.04351851851851852
2 0.5632911392405063 0.15555555555555556 0.051336146272855133 0.02962962962962963
1 0.8677918424753868 0.4787037037037037 0.03164556962025317 0.05185185185185185
1 0.30239099859353025 0.0 0.02531645569620253 0.04722222222222222
2 0.24964838255977498 0.9407407407407408 0.034458509142053444 0.05555555555555555
1 0.9746835443037974 0.04351851851851852 0.02390998593530239 0.030555555555555555
1 0.9774964838255977 0.0 0.02109704641350211 0.04722222222222222
2 0.0 0.37592592592592594 0.030239099859353025 0.044444444444444446
2 0.3720112517580872 0.17407407407407408 0.04571026722925457 0.041666666666666664
1 0.25949367088607594 0.6555555555555556 0.030239099859353025 0.041666666666666664
1 0.21659634317862167 0.14074074074074075 0.030239099859353025 0.03796296296296296
1 0.24120956399437413 0.6527777777777778 0.035161744022503515 0.046296296296296294
2 0.9690576652601969 0.005555555555555556 0.029535864978902954 0.05
1 0.3410689170182841 0.4203703703703704 0.030942334739803096 0.06018518518518518
1 0.36357243319268634 0.42407407407407405 0.01969057665260197 0.05
