2 0.1649016641452345 0.7796296296296297 0.0529500756429652 0.06111111111111111
2 0.3328290468986384 0.762962962962963 0.056732223903177004 0.06296296296296296
1 0.8146747352496218 0.8777777777777778 0.06429652042360061 0.05462962962962963
2 0.9220877458396369 0.6157407407407407 0.04311649016641452 0.05185185185185185
2 0.913767019667171 0.6824074074074075 0.04387291981845688 0.03981481481481482
1 0.6248108925869894 0.0 0.0416036308623298 0.06574074074074074
1 0.924357034795764 0.9324074074074075 0.058245083207261725 0.05
1 0.04387291981845688 0.9527777777777777 0.047655068078668684 0.041666666666666664
1 0.7118003025718608 0.14074074074074075 0.04462934947049924 0.06296296296296296
1 0.8925869894099848 0.09537037037037037 0.031013615733736764 0.06018518518518518
1 0.9357034795763994 0.0 0.03479576399394856 0.07407407407407407
2 0.6550680786686838 0.032407407407407406 0.04311649016641452 0.05462962962962963
1 0.953857791225416 0.1574074074074074 0.03328290468986384 0.06111111111111111
1 0.9757942511346445 0.45925925925925926 0.0226928895612708 0.06296296296296296
2 0.273071104387292 0.8194444444444444 0.049924357034795766 0.05648148148148148
2 0.9175491679273827 0.8296296296296296 0.040090771558245086 0.0712962962962963
1 0.15128593040847202 0.19537037037037036 0.03479576399394856 0.06018518518518518
1 0.15960665658093798 0.2537037037037037 0.0680786686838124 0.05
1 0.48184568835098335 0.600925925925926 0.038577912254160365 0.06666666666666667
2 0.018910741301059002 0.8907407407407407 0.040090771558245086 0.06018518518518518
2 0.5832072617246596 0.7574074074074074 0.05219364599092285 0.05
1 0.09833585476550681 0.13703703703703704 0.06505295007564296 0.05648148148148148
