1 0.059001512859304085 0.43425925925925923 0.04236006051437216 0.02962962962962963
1 0.058245083207261725 0.45740740740740743 0.038577912254160365 0.02962962962962963
2 0.012102874432677761 0.40925925925925927 0.05446293494704992 0.027777777777777776
1 0.850983358547655 0.049074074074074076 0.040090771558245086 0.03796296296296296
1 0.9606656580937972 0.387037037037037 0.0264750378214826 0.025
1 0.9788199697428139 0.40925925925925927 0.019667170953101363 0.046296296296296294
1 0.9773071104387292 0.4074074074074074 0.02118003025718608 0.03148148148148148
1 0.9803328290468987 0.43425925925925923 0.018154311649016642 0.03611111111111111
1 0.9818456883509834 0.37407407407407406 0.01664145234493192 0.03518518518518519
2 0.7178517397881997 0.14351851851851852 0.0453857791225416 0.04537037037037037
1 0.9288956127080181 0.1685185185185185 0.019667170953101363 0.037037037037037035
1 0.9145234493192134 0.1287037037037037 0.039334341906202726 0.03981481481481482
1 0.9062027231467473 0.9592592592592593 0.01588502269288956 0.03148148148148148
1 0.916036308623298 0.950925925925926 0.019667170953101363 0.04537037037037037
