1 0.48171589310829815 0.28055555555555556 0.02461322081575246 0.03148148148148148
1 0.4831223628691983 0.2490740740740741 0.023206751054852322 0.03518518518518519
1 0.15119549929676512 0.04722222222222222 0.03164556962025317 0.03518518518518519
2 0.22573839662447256 0.9712962962962963 0.030942334739803096 0.025
1 0.9690576652601969 0.3055555555555556 0.02531645569620253 0.037037037037037035
2 0.4345991561181435 0.13703703703703704 0.03867791842475387 0.03333333333333333
1 0.8052039381153305 0.9712962962962963 0.02390998593530239 0.023148148148148147
1 0.3108298171589311 0.7194444444444444 0.02461322081575246 0.04351851851851852
2 0.9563994374120957 0.0 0.03234880450070324 0.03888888888888889
2 0.23277074542897327 0.7694444444444445 0.052742616033755275 0.05462962962962963
