1 0.0 0.022222222222222223 0.04236006051437216 0.04351851851851852
1 0.6520423600605144 0.0 0.049167927382753406 0.040740740740740744
1 0.00529500756429652 0.1638888888888889 0.03328290468986384 0.03981481481481482
3 0.0 0.1287037037037037 0.0340393343419062 0.05
3 0.06732223903177005 0.10740740740740741 0.03479576399394856 0.04814814814814815
2 0.0340393343419062 0.08518518518518518 0.04311649016641452 0.06388888888888888
1 0.8691376701966718 0.06574074074074074 0.05143721633888049 0.044444444444444446
1 0.03328290468986384 0.18888888888888888 0.03555219364599092 0.06851851851851852
1 0.0007564296520423601 0.14537037037037037 0.029500756429652043 0.03981481481481482
1 0.0 0.1638888888888889 0.02042360060514372 0.02962962962962963
2 0.34795763993948564 0.0 0.04084720121028744 0.06388888888888888
2 0.0 0.040740740740740744 0.03555219364599092 0.05
1 0.7027231467473525 0.04537037037037037 0.04387291981845688 0.06666666666666667
