1 0.0 0.5824074074074074 0.018910741301059002 0.04537037037037037
2 0.7859304084720121 0.0 0.03177004538577912 0.007407407407407408
2 0.09833585476550681 0.23055555555555557 0.024962178517397883 0.041666666666666664
2 0.8388804841149773 0.0 0.028744326777609682 0.018518518518518517
2 0.56732223903177 0.018518518518518517 0.025718608169440244 0.030555555555555555
2 0.48714069591527986 0.028703703703703703 0.03328290468986384 0.03148148148148148
3 0.7912254160363086 0.0 0.06959152798789713 0.026851851851851852
1 0.0 0.049074074074074076 0.009077155824508321 0.027777777777777776
1 0.06354009077155824 0.010185185185185186 0.02798789712556732 0.026851851851851852
2 0.03555219364599092 0.15555555555555556 0.024962178517397883 0.04351851851851852
1 0.49016641452344933 0.026851851851851852 0.02723146747352496 0.04537037037037037
1 0.5650529500756429 0.010185185185185186 0.03177004538577912 0.041666666666666664
1 0.2344931921331316 0.07685185185185185 0.023449319213313162 0.025
2 0.0340393343419062 0.0 0.036308623298033284 0.022222222222222223
1 0.05370650529500756 0.007407407407407408 0.024962178517397883 0.06296296296296296
1 0.6119515885022693 0.9009259259259259 0.05143721633888049 0.08148148148148149
1 0.5438729198184569 0.06388888888888888 0.029500756429652043 0.026851851851851852
3 0.01361573373676248 0.001851851851851852 0.08850226928895613 0.05
1 0.09379727685325265 0.2101851851851852 0.03479576399394856 0.062037037037037036
