1 0.6036308623298033 0.8027777777777778 0.0416036308623298 0.05648148148148148
1 0.6285930408472012 0.6805555555555556 0.039334341906202726 0.06018518518518518
2 0.7133131618759455 0.0 0.06429652042360061 0.03518518518518519
2 0.49016641452344933 0.013888888888888888 0.05219364599092285 0.05185185185185185
1 0.8895612708018155 0.7944444444444444 0.04311649016641452 0.05648148148148148
1 0.8313161875945537 0.9490740740740741 0.047655068078668684 0.04537037037037037
1 0.01739788199697428 0.7074074074074074 0.0416036308623298 0.05555555555555555
2 0.26777609682299547 0.001851851851851852 0.049924357034795766 0.05555555555555555
1 0.0007564296520423601 0.5509259259259259 0.036308623298033284 0.06018518518518518
1 0.6346444780635401 0.7907407407407407 0.030257186081694403 0.05185185185185185
