2 0.2749648382559775 0.0 0.035864978902953586 0.05740740740740741
2 0.004922644163150493 0.31203703703703706 0.040787623066104076 0.053703703703703705
1 0.0 0.8759259259259259 0.03164556962025317 0.05185185185185185
1 0.23277074542897327 0.5472222222222223 0.035161744022503515 0.05185185185185185
1 0.8966244725738397 0.6138888888888889 0.04852320675105485 0.07037037037037037
1 0.6427566807313643 0.9092592592592592 0.04571026722925457 0.05
1 0.3952180028129395 0.4287037037037037 0.040787623066104076 0.04537037037037037
1 0.4873417721518987 0.31574074074074077 0.04149085794655415 0.05
2 0.9444444444444444 0.8111111111111111 0.028832630098452883 0.04814814814814815
2 0.9592123769338959 0.7824074074074074 0.030942334739803096 0.04537037037037037
1 0.9444444444444444 0.49537037037037035 0.03164556962025317 0.053703703703703705
1 0.9331926863572433 0.42592592592592593 0.03164556962025317 0.041666666666666664
1 0.5189873417721519 0.24722222222222223 0.02109704641350211 0.037037037037037035
1 0.9444444444444444 0.38425925925925924 0.03305203938115331 0.02962962962962963
1 0.1540084388185654 0.4388888888888889 0.020393811533052038 0.03518518518518519
1 0.5513361462728551 0.2722222222222222 0.028832630098452883 0.025
1 0.6969057665260197 0.8175925925925925 0.04149085794655415 0.05185185185185185
2 0.25246132208157523 0.0 0.030239099859353025 0.05185185185185185
2 0.023206751054852322 0.9462962962962963 0.047116736990154715 0.041666666666666664
2 0.4191279887482419 0.9740740740740741 0.030239099859353025 0.020370370370370372
1 0.1540084388185654 0.4638888888888889 0.03164556962025317 0.03148148148148148
1 0.9662447257383966 0.1824074074074074 0.02109704641350211 0.05462962962962963
1 0.9831223628691983 0.1685185185185185 0.014064697609001406 0.062037037037037036
