1 0.05555555555555555 0.16203703703703703 0.028832630098452883 0.037037037037037035
1 0.05414908579465542 0.13703703703703704 0.034458509142053444 0.03981481481481482
1 0.9247538677918424 0.07037037037037037 0.028832630098452883 0.04537037037037037
3 0.24824191279887484 0.31203703703703706 0.058368495077355836 0.0787037037037037
2 0.24824191279887484 0.8861111111111111 0.034458509142053444 0.03981481481481482
2 0.279887482419128 0.950925925925926 0.01969057665260197 0.04351851851851852
2 0.2369901547116737 0.5388888888888889 0.02250351617440225 0.030555555555555555
1 0.04289732770745429 0.36574074074074076 0.02461322081575246 0.05
2 0.29957805907172996 0.2351851851851852 0.02812939521800281 0.024074074074074074
1 0.20253164556962025 0.9259259259259259 0.034458509142053444 0.026851851851851852
2 0.31645569620253167 0.8675925925925926 0.026019690576652602 0.041666666666666664
2 0.8621659634317862 0.03888888888888889 0.03727144866385373 0.03333333333333333
1 0.06329113924050633 0.9546296296296296 0.030942334739803096 0.03796296296296296
2 0.29957805907172996 0.9546296296296296 0.034458509142053444 0.03981481481481482
1 0.35654008438818563 0.5824074074074074 0.029535864978902954 0.04351851851851852
1 0.7827004219409283 0.8657407407407407 0.040787623066104076 0.04722222222222222
1 0.80098452883263 0.49537037037037035 0.03305203938115331 0.04722222222222222
1 0.7967651195499297 0.5259259259259259 0.026722925457102673 0.041666666666666664
1 0.820675105485232 0.5277777777777778 0.026019690576652602 0.03981481481481482
1 0.7341772151898734 0.887962962962963 0.02531645569620253 0.03981481481481482
