1 0.8925869894099848 0.7796296296296297 0.049924357034795766 0.03981481481481482
1 0.35930408472012104 0.8861111111111111 0.0416036308623298 0.03333333333333333
1 0.1928895612708018 0.22407407407407406 0.0453857791225416 0.04814814814814815
2 0.9062027231467473 0.23703703703703705 0.04311649016641452 0.05185185185185185
6 0.0 0.8379629629629629 0.06202723146747353 0.07962962962962963
2 0.9568835098335855 0.06388888888888888 0.03555219364599092 0.046296296296296294
2 0.9523449319213313 0.924074074074074 0.046142208774583963 0.03888888888888889
2 0.0 0.8194444444444444 0.0453857791225416 0.04351851851851852
1 0.0 0.9694444444444444 0.023449319213313162 0.026851851851851852
1 0.8063540090771558 0.0 0.04311649016641452 0.053703703703703705
2 0.9659606656580938 0.5944444444444444 0.03252647503782148 0.06944444444444445
1 0.962178517397882 0.0 0.03328290468986384 0.049074074074074076
2 0.0 0.3990740740740741 0.05068078668683813 0.058333333333333334
1 0.0 0.4675925925925926 0.025718608169440244 0.05
2 0.9606656580937972 0.8962962962962963 0.037821482602118005 0.05462962962962963
2 0.9493192133131618 0.8777777777777778 0.04462934947049924 0.06296296296296296
1 0.7299546142208775 0.1388888888888889 0.0264750378214826 0.05648148148148148
