2 0.01739788199697428 0.07407407407407407 0.0264750378214826 0.07314814814814814
2 0.009077155824508321 0.0787037037037037 0.0264750378214826 0.06481481481481481
2 0.0 0.037037037037037035 0.028744326777609682 0.053703703703703705
1 0.0 0.40925925925925927 0.028744326777609682 0.05462962962962963
1 0.8993948562783661 0.049074074074074076 0.04311649016641452 0.044444444444444446
1 0.7708018154311649 0.0 0.03555219364599092 0.06388888888888888
1 0.789712556732224 0.08055555555555556 0.023449319213313162 0.04351851851851852
2 0.8804841149773072 0.0 0.03555219364599092 0.04722222222222222
2 0.9689863842662633 0.0 0.024962178517397883 0.053703703703703705
2 0.9077155824508321 0.0 0.02118003025718608 0.04351851851851852
2 0.03328290468986384 0.005555555555555556 0.0007564296520423601 0.001851851851851852
1 0.01664145234493192 0.7157407407407408 0.0340393343419062 0.05185185185185185
