1 0.2577683615819209 0.912962962962963 0.026836158192090395 0.03518518518518519
1 0.00211864406779661 0.8222222222222222 0.03531073446327684 0.03796296296296296
1 0.24152542372881355 0.9481481481481482 0.033192090395480225 0.03148148148148148
2 0.06285310734463277 0.0712962962962963 0.03884180790960452 0.04351851851851852
2 0.0692090395480226 0.06481481481481481 0.03672316384180791 0.04351851851851852
2 0.041666666666666664 0.9731481481481481 0.036016949152542374 0.03148148148148148
2 0.9731638418079096 0.6333333333333333 0.031073446327683617 0.06111111111111111
1 0.3820621468926554 0.9083333333333333 0.03672316384180791 0.03333333333333333
1 0.21610169491525424 0.9 0.03531073446327684 0.026851851851851852
1 0.3961864406779661 0.9064814814814814 0.031073446327683617 0.03148148148148148
1 0.4399717514124294 0.8916666666666667 0.028954802259887006 0.041666666666666664
2 0.3891242937853107 0.8074074074074075 0.02401129943502825 0.03981481481481482
2 0.5572033898305084 0.725925925925926 0.033192090395480225 0.04814814814814815
2 0.10310734463276836 0.6694444444444444 0.0346045197740113 0.03333333333333333
1 0.02754237288135593 0.028703703703703703 0.02824858757062147 0.05462962962962963
2 0.5204802259887006 0.5916666666666667 0.02824858757062147 0.046296296296296294
1 0.016242937853107344 0.028703703703703703 0.031073446327683617 0.046296296296296294
1 0.7231638418079096 0.21574074074074073 0.02401129943502825 0.03611111111111111
1 0.0007062146892655367 0.8518518518518519 0.03531073446327684 0.046296296296296294
2 0.9519774011299436 0.5851851851851851 0.038135593220338986 0.03981481481481482
3 0.9590395480225988 0.5768518518518518 0.043785310734463276 0.05277777777777778
3 0.10875706214689265 0.8916666666666667 0.04590395480225989 0.07962962962962963
1 0.2443502824858757 0.9101851851851852 0.020480225988700564 0.027777777777777776
2 0.021892655367231638 0.3148148148148148 0.029661016949152543 0.06666666666666667
1 0.02754237288135593 0.3287037037037037 0.03248587570621469 0.05092592592592592
1 0.21610169491525424 0.912962962962963 0.029661016949152543 0.03333333333333333
1 0.7217514124293786 0.9611111111111111 0.018361581920903956 0.026851851851851852
1 0.7718926553672316 0.9611111111111111 0.02401129943502825 0.03518518518518519
1 0.6391242937853108 0.8722222222222222 0.018361581920903956 0.03425925925925926
1 0.663135593220339 0.8685185185185185 0.01977401129943503 0.03518518518518519
2 0.9759887005649718 0.5851851851851851 0.025423728813559324 0.03333333333333333
1 0.6949152542372882 0.9796296296296296 0.01694915254237288 0.023148148148148147
1 0.6991525423728814 0.9777777777777777 0.02401129943502825 0.026851851851851852
1 0.547316384180791 0.15092592592592594 0.020480225988700564 0.026851851851851852
1 0.15466101694915255 0.08981481481481482 0.026836158192090395 0.03148148148148148
1 0.4032485875706215 0.725925925925926 0.01977401129943503 0.026851851851851852
