2 0.4732770745428973 0.9361111111111111 0.03305203938115331 0.05185185185185185
1 0.3136427566807314 0.9259259259259259 0.023206751054852322 0.06666666666666667
1 0.9718706047819972 0.14907407407407408 0.01828410689170183 0.04814814814814815
1 0.729957805907173 0.7759259259259259 0.03656821378340366 0.05185185185185185
2 0.6174402250351617 0.9361111111111111 0.029535864978902954 0.04351851851851852
2 0.6856540084388185 0.9444444444444444 0.04571026722925457 0.041666666666666664
1 0.28270042194092826 0.9324074074074075 0.016877637130801686 0.058333333333333334
1 0.46343178621659636 0.32037037037037036 0.03234880450070324 0.04722222222222222
2 0.2369901547116737 0.7222222222222222 0.04571026722925457 0.062037037037037036
2 0.25949367088607594 0.18703703703703703 0.03727144866385373 0.05
2 0.5443037974683544 0.7388888888888889 0.030239099859353025 0.05555555555555555
2 0.47187060478199716 0.9527777777777777 0.02812939521800281 0.03518518518518519
2 0.2552742616033755 0.9361111111111111 0.030239099859353025 0.058333333333333334
2 0.9493670886075949 0.7574074074074074 0.046413502109704644 0.05
1 0.9479606188466948 0.6888888888888889 0.04922644163150492 0.04537037037037037
2 0.7165963431786216 0.9574074074074074 0.04289732770745429 0.037037037037037035
1 0.4732770745428973 0.2537037037037037 0.03164556962025317 0.03333333333333333
1 0.5218002812939522 0.2824074074074074 0.02109704641350211 0.03333333333333333
1 0.9676511954992968 0.27870370370370373 0.030942334739803096 0.04351851851851852
1 0.10970464135021098 0.7027777777777777 0.035864978902953586 0.03333333333333333
2 0.2538677918424754 0.9592592592592593 0.030239099859353025 0.037037037037037035
1 0.7355836849507735 0.5740740740740741 0.0379746835443038 0.05
2 0.4479606188466948 0.8907407407407407 0.03375527426160337 0.04537037037037037
2 0.9493670886075949 0.7574074074074074 0.040787623066104076 0.04351851851851852
