1 0.9759887005649718 0.5120370370370371 0.026836158192090395 0.04537037037037037
1 0.5190677966101694 0.8305555555555556 0.031073446327683617 0.03981481481481482
1 0.4117231638418079 0.9268518518518518 0.0211864406779661 0.03425925925925926
1 0.6200564971751412 0.14814814814814814 0.02754237288135593 0.04259259259259259
1 0.2817796610169492 0.9231481481481482 0.014124293785310734 0.02962962962962963
1 0.2916666666666667 0.9564814814814815 0.0211864406779661 0.03148148148148148
1 0.4088983050847458 0.9101851851851852 0.02824858757062147 0.03425925925925926
1 0.6532485875706214 0.19722222222222222 0.038135593220338986 0.04351851851851852
2 0.3220338983050847 0.812037037037037 0.043785310734463276 0.03333333333333333
2 0.4887005649717514 0.7972222222222223 0.04025423728813559 0.046296296296296294
1 0.7549435028248588 0.7694444444444445 0.015536723163841809 0.025925925925925925
1 0.7387005649717514 0.7657407407407407 0.019067796610169493 0.025
1 0.7217514124293786 0.7379629629629629 0.022598870056497175 0.04259259259259259
1 0.7161016949152542 0.7240740740740741 0.03531073446327684 0.03981481481481482
2 0.5331920903954802 0.7638888888888888 0.03884180790960452 0.04814814814814815
1 0.2916666666666667 0.9351851851851852 0.014124293785310734 0.027777777777777776
2 0.9661016949152542 0.5435185185185185 0.03531073446327684 0.04351851851851852
1 0.3290960451977401 0.16111111111111112 0.029661016949152543 0.05648148148148148
1 0.8290960451977402 0.5175925925925926 0.03531073446327684 0.049074074074074076
1 0.731638418079096 0.7490740740740741 0.01977401129943503 0.028703703703703703
2 0.023305084745762712 0.058333333333333334 0.03954802259887006 0.07777777777777778
