2 0.9507735583684951 0.8657407407407407 0.02812939521800281 0.025
1 0.15963431786216598 0.44722222222222224 0.028832630098452883 0.05
2 0.9648382559774965 0.7675925925925926 0.029535864978902954 0.05185185185185185
1 0.9507735583684951 0.3055555555555556 0.02531645569620253 0.04351851851851852
2 0.8052039381153305 0.8592592592592593 0.01969057665260197 0.037037037037037035
2 0.870604781997187 0.7388888888888889 0.023206751054852322 0.040740740740740744
2 0.7355836849507735 0.9592592592592593 0.029535864978902954 0.037037037037037035
1 0.5063291139240507 0.2657407407407407 0.01969057665260197 0.025
1 0.8122362869198312 0.649074074074074 0.026019690576652602 0.028703703703703703
1 0.2911392405063291 0.29074074074074074 0.029535864978902954 0.03981481481481482
2 0.8080168776371308 0.9574074074074074 0.027426160337552744 0.020370370370370372
2 0.8248945147679325 0.9675925925925926 0.023206751054852322 0.026851851851851852
2 0.7440225035161744 0.9657407407407408 0.029535864978902954 0.028703703703703703
2 0.9050632911392406 0.7027777777777777 0.016877637130801686 0.05
1 0.15963431786216598 0.8657407407407407 0.01617440225035162 0.037037037037037035
1 0.13853727144866385 0.5861111111111111 0.026722925457102673 0.041666666666666664
1 0.4149085794655415 0.3138888888888889 0.02531645569620253 0.05185185185185185
1 0.9662447257383966 0.16574074074074074 0.02109704641350211 0.041666666666666664
1 0.5260196905766527 0.29074074074074074 0.02390998593530239 0.02962962962962963
1 0.0 0.5805555555555556 0.009142053445850914 0.037037037037037035
2 0.2440225035161744 0.0 0.02390998593530239 0.020370370370370372
1 0.5288326300984529 0.25555555555555554 0.015471167369901548 0.023148148148148147
2 0.2580872011251758 0.9824074074074074 0.035864978902953586 0.013888888888888888
2 0.24120956399437413 0.9740740740740741 0.03375527426160337 0.022222222222222223
2 0.9845288326300985 0.8324074074074074 0.014064697609001406 0.06388888888888888
2 0.9732770745428974 0.8361111111111111 0.02531645569620253 0.058333333333333334
2 0.2271448663853727 0.9777777777777777 0.04360056258790436 0.018518518518518517
2 0.14556962025316456 0.007407407407407408 0.028832630098452883 0.03333333333333333
2 0.8248945147679325 0.8777777777777778 0.020393811533052038 0.046296296296296294
1 0.15822784810126583 0.012037037037037037 0.02180028129395218 0.026851851851851852
