2 0.953857791225416 0.25555555555555554 0.0416036308623298 0.04351851851851852
1 0.6845688350983359 0.06574074074074074 0.03177004538577912 0.05462962962962963
3 0.875945537065053 0.2574074074074074 0.06127080181543117 0.06296296296296296
2 0.0022692889561270802 0.4305555555555556 0.04462934947049924 0.041666666666666664
2 0.0 0.42592592592592593 0.025718608169440244 0.03796296296296296
1 0.8328290468986385 0.06388888888888888 0.031013615733736764 0.026851851851851852
1 0.08018154311649017 0.3972222222222222 0.036308623298033284 0.03333333333333333
1 0.00832072617246596 0.4824074074074074 0.02042360060514372 0.016666666666666666
1 0.01739788199697428 0.3888888888888889 0.049924357034795766 0.03981481481481482
1 0.9319213313161876 0.1824074074074074 0.01739788199697428 0.027777777777777776
2 0.9636913767019667 0.16203703703703703 0.03177004538577912 0.05
2 0.08547655068078669 0.44537037037037036 0.04084720121028744 0.04537037037037037
2 0.058245083207261725 0.387037037037037 0.0680786686838124 0.041666666666666664
2 0.40771558245083206 0.3787037037037037 0.036308623298033284 0.058333333333333334
1 0.12859304084720122 0.4388888888888889 0.024962178517397883 0.04537037037037037
1 0.9742813918305597 0.43703703703703706 0.024205748865355523 0.04537037037037037
1 0.3577912254160363 0.22407407407407406 0.024962178517397883 0.02962962962962963
1 0.93267776096823 0.1935185185185185 0.014372163388804841 0.026851851851851852
2 0.8472012102874432 0.0 0.03177004538577912 0.024074074074074074
2 0.2708018154311649 0.3787037037037037 0.03328290468986384 0.05
