1 0.11346444780635401 0.15185185185185185 0.03328290468986384 0.041666666666666664
2 0.789712556732224 0.8361111111111111 0.06580937972768533 0.025
2 0.8540090771558245 0.7490740740740741 0.06656580937972768 0.037037037037037035
2 0.8146747352496218 0.8277777777777777 0.05597579425113464 0.046296296296296294
2 0.8290468986384266 0.7907407407407407 0.048411497730711045 0.03518518518518519
1 0.4576399394856278 0.8962962962962963 0.03252647503782148 0.019444444444444445
1 0.025718608169440244 0.37037037037037035 0.0226928895612708 0.03333333333333333
1 0.030257186081694403 0.9740740740740741 0.023449319213313162 0.020370370370370372
1 0.4493192133131619 0.8824074074074074 0.039334341906202726 0.020370370370370372
1 0.4606656580937973 0.8574074074074074 0.03479576399394856 0.03333333333333333
2 0.0007564296520423601 0.9277777777777778 0.024205748865355523 0.03333333333333333
1 0.630105900151286 0.8796296296296297 0.039334341906202726 0.025
1 0.7594553706505295 0.3675925925925926 0.038577912254160365 0.03333333333333333
1 0.7776096822995462 0.37222222222222223 0.03555219364599092 0.041666666666666664
1 0.4826021180030257 0.14074074074074075 0.0264750378214826 0.023148148148148147
1 0.7246596066565809 0.14074074074074075 0.030257186081694403 0.044444444444444446
1 0.038577912254160365 0.9629629629629629 0.02798789712556732 0.03148148148148148
1 0.13691376701966718 0.7361111111111112 0.029500756429652043 0.03148148148148148
1 0.9742813918305597 0.41388888888888886 0.0226928895612708 0.05185185185185185
