1 0.259180790960452 0.9064814814814814 0.022598870056497175 0.03518518518518519
1 0.1016949152542373 0.09814814814814815 0.03036723163841808 0.041666666666666664
1 0.6391242937853108 0.08333333333333333 0.02401129943502825 0.046296296296296294
1 0.6475988700564972 0.6416666666666667 0.03389830508474576 0.02962962962962963
1 0.2443502824858757 0.9351851851851852 0.02754237288135593 0.03611111111111111
1 0.394774011299435 0.9018518518518519 0.01977401129943503 0.02962962962962963
1 0.4018361581920904 0.8851851851851852 0.022598870056497175 0.025
1 0.6242937853107344 0.6546296296296297 0.036016949152542374 0.025
1 0.2401129943502825 0.9083333333333333 0.023305084745762712 0.02962962962962963
2 0.778954802259887 0.6666666666666666 0.03389830508474576 0.03981481481481482
2 0.10734463276836158 0.7324074074074074 0.033192090395480225 0.03518518518518519
2 0.013418079096045197 0.262037037037037 0.046610169491525424 0.041666666666666664
1 0.2916666666666667 0.13148148148148148 0.04731638418079096 0.05092592592592592
1 0.7146892655367232 0.22407407407407406 0.03531073446327684 0.044444444444444446
2 0.0 0.975925925925926 0.01765536723163842 0.026851851851851852
1 0.2175141242937853 0.9064814814814814 0.02824858757062147 0.03981481481481482
1 0.6362994350282486 0.8638888888888889 0.022598870056497175 0.03981481481481482
1 0.663135593220339 0.862037037037037 0.02401129943502825 0.03981481481481482
2 0.1560734463276836 0.9712962962962963 0.02824858757062147 0.02962962962962963
1 0.9449152542372882 0.6814814814814815 0.02824858757062147 0.03796296296296296
1 0.4788135593220339 0.27870370370370373 0.01977401129943503 0.03981481481481482
1 0.4230225988700565 0.3814814814814815 0.036016949152542374 0.041666666666666664
1 0.614406779661017 0.1259259259259259 0.02754237288135593 0.04814814814814815
2 0.1228813559322034 0.9731481481481481 0.036016949152542374 0.027777777777777776
1 0.7387005649717514 0.12129629629629629 0.026129943502824857 0.03981481481481482
1 0.6334745762711864 0.687962962962963 0.02824858757062147 0.02962962962962963
