2 0.8124054462934948 0.0 0.03177004538577912 0.03888888888888889
2 0.9674735249621785 0.10740740740740741 0.029500756429652043 0.05
2 0.81089258698941 0.0 0.036308623298033284 0.028703703703703703
2 0.9674735249621785 0.11018518518518519 0.031013615733736764 0.041666666666666664
2 0.0 0.053703703703703705 0.02042360060514372 0.037037037037037035
1 0.0 0.5555555555555556 0.025718608169440244 0.04537037037037037
1 0.962178517397882 0.7324074074074074 0.036308623298033284 0.04351851851851852
1 0.962178517397882 0.7759259259259259 0.03479576399394856 0.04351851851851852
2 0.0 0.026851851851851852 0.025718608169440244 0.04351851851851852
2 0.04236006051437216 0.09537037037037037 0.03328290468986384 0.03981481481481482
1 0.1346444780635401 0.013888888888888888 0.028744326777609682 0.04351851851851852
