1 0.6815431164901664 0.0 0.02798789712556732 0.03888888888888889
2 0.7465960665658093 0.5277777777777778 0.04462934947049924 0.03796296296296296
1 0.3260211800302572 0.3574074074074074 0.049924357034795766 0.06481481481481481
1 0.3177004538577912 0.3990740740740741 0.036308623298033284 0.046296296296296294
1 0.7927382753403933 0.33240740740740743 0.036308623298033284 0.046296296296296294
2 0.6618759455370651 0.3453703703703704 0.036308623298033284 0.062037037037037036
2 0.6785173978819969 0.09907407407407408 0.047655068078668684 0.02962962962962963
1 0.75642965204236 0.6444444444444445 0.0264750378214826 0.04814814814814815
1 0.2760968229954614 0.4074074074074074 0.024962178517397883 0.03796296296296296
2 0.0 0.3990740740740741 0.025718608169440244 0.041666666666666664
2 0.0 0.3925925925925926 0.0416036308623298 0.05
