1 0.2535310734463277 0.9101851851851852 0.031073446327683617 0.03425925925925926
1 0.0 0.8222222222222222 0.036016949152542374 0.03611111111111111
1 0.24293785310734464 0.9416666666666667 0.03177966101694915 0.03796296296296296
1 0.3891242937853107 0.9064814814814814 0.03389830508474576 0.03333333333333333
1 0.4060734463276836 0.8787037037037037 0.022598870056497175 0.03796296296296296
2 0.9788135593220338 0.6166666666666667 0.025423728813559324 0.03518518518518519
2 0.0 0.9629629629629629 0.020480225988700564 0.03796296296296296
2 0.0635593220338983 0.003703703703703704 0.03672316384180791 0.04814814814814815
1 0.03036723163841808 0.0 0.031073446327683617 0.05
2 0.0035310734463276836 0.7759259259259259 0.025423728813559324 0.05462962962962963
1 0.016242937853107344 0.010185185185185186 0.031073446327683617 0.04351851851851852
1 0.6574858757062146 0.13425925925925927 0.025423728813559324 0.037037037037037035
1 0.0 0.8518518518518519 0.03177966101694915 0.04351851851851852
2 0.09463276836158192 0.8435185185185186 0.036016949152542374 0.03796296296296296
3 0.96045197740113 0.5666666666666667 0.0423728813559322 0.05185185185185185
3 0.11016949152542373 0.9166666666666666 0.04590395480225989 0.07962962962962963
1 0.2443502824858757 0.9101851851851852 0.020480225988700564 0.027777777777777776
2 0.01765536723163842 0.6166666666666667 0.03672316384180791 0.05277777777777778
1 0.04025423728813559 0.662962962962963 0.028954802259887006 0.03333333333333333
1 0.2288135593220339 0.912962962962963 0.01694915254237288 0.026851851851851852
1 0.7662429378531074 0.7574074074074074 0.01977401129943503 0.026851851851851852
1 0.778954802259887 0.7240740740740741 0.025423728813559324 0.037037037037037035
1 0.6391242937853108 0.8722222222222222 0.018361581920903956 0.03425925925925926
1 0.663135593220339 0.8685185185185185 0.01977401129943503 0.03518518518518519
2 0.2860169491525424 0.774074074074074 0.025423728813559324 0.03796296296296296
1 0.7387005649717514 0.7240740740740741 0.015536723163841809 0.026851851851851852
1 0.7415254237288136 0.7425925925925926 0.024717514124293787 0.021296296296296296
1 0.5790960451977402 0.10648148148148148 0.02401129943502825 0.03148148148148148
1 0.3057909604519774 0.1398148148148148 0.024717514124293787 0.02962962962962963
1 0.3905367231638418 0.7240740740740741 0.01977401129943503 0.028703703703703703
