1 0.5189873417721519 0.43703703703703706 0.026722925457102673 0.037037037037037035
1 0.9704641350210971 0.5777777777777777 0.01969057665260197 0.02962962962962963
1 0.8593530239099859 0.7777777777777778 0.03164556962025317 0.05648148148148148
1 0.7039381153305204 0.40370370370370373 0.034458509142053444 0.04537037037037037
1 0.490154711673699 0.3074074074074074 0.023206751054852322 0.03981481481481482
1 0.5147679324894515 0.25092592592592594 0.02812939521800281 0.044444444444444446
1 0.23558368495077356 0.2074074074074074 0.02390998593530239 0.03333333333333333
1 0.23417721518987342 0.9111111111111111 0.026722925457102673 0.03148148148148148
1 0.5414908579465542 0.2574074074074074 0.014767932489451477 0.026851851851851852
1 0.540084388185654 0.28055555555555556 0.017580872011251757 0.023148148148148147
1 0.9163150492264416 0.5907407407407408 0.02812939521800281 0.037037037037037035
1 0.28973277074542897 0.33425925925925926 0.03375527426160337 0.041666666666666664
2 0.009142053445850914 0.950925925925926 0.03656821378340366 0.03981481481481482
2 0.20675105485232068 0.9425925925925925 0.04992967651195499 0.037037037037037035
2 0.47749648382559773 0.8324074074074074 0.035864978902953586 0.053703703703703705
2 0.9360056258790436 0.5092592592592593 0.051336146272855133 0.05648148148148148
2 0.7053445850914205 0.9444444444444444 0.04289732770745429 0.04814814814814815
2 0.5471167369901547 0.9574074074074074 0.034458509142053444 0.037037037037037035
1 0.5541490857946554 0.2824074074074074 0.02461322081575246 0.02962962962962963
2 0.9549929676511955 0.774074074074074 0.04360056258790436 0.05555555555555555
1 0.14838255977496484 0.44722222222222224 0.04571026722925457 0.06018518518518518
1 0.9676511954992968 0.17685185185185184 0.01828410689170183 0.06018518518518518
1 0.9831223628691983 0.17037037037037037 0.015471167369901548 0.06666666666666667
