1 0.754160363086233 0.013888888888888888 0.0416036308623298 0.04351851851851852
1 0.7299546142208775 0.14351851851851852 0.03479576399394856 0.05185185185185185
1 0.7760968229954615 0.45555555555555555 0.028744326777609682 0.037037037037037035
1 0.8040847201210287 0.4537037037037037 0.02042360060514372 0.026851851851851852
1 0.7579425113464447 0.7324074074074074 0.04462934947049924 0.041666666666666664
2 0.15204236006051436 0.762962962962963 0.04084720121028744 0.03981481481481482
1 0.015128593040847202 0.9657407407407408 0.018910741301059002 0.028703703703703703
1 0.8827534039334342 0.10555555555555556 0.03177004538577912 0.03796296296296296
1 0.8411497730711044 0.005555555555555556 0.03177004538577912 0.03333333333333333
2 0.0007564296520423601 0.9212962962962963 0.031013615733736764 0.041666666666666664
2 0.0037821482602118004 0.9712962962962963 0.023449319213313162 0.025
2 0.0022692889561270802 0.9462962962962963 0.03479576399394856 0.02962962962962963
1 0.11800302571860817 0.19074074074074074 0.0340393343419062 0.03611111111111111
1 0.6951588502269289 0.8759259259259259 0.04311649016641452 0.04351851851851852
1 0.0453857791225416 0.9657407407407408 0.024962178517397883 0.026851851851851852
1 0.0 0.7240740740740741 0.02193645990922844 0.03333333333333333
2 0.3540090771558245 0.8379629629629629 0.030257186081694403 0.041666666666666664
1 0.11649016641452345 0.1935185185185185 0.01664145234493192 0.028703703703703703
1 0.8388804841149773 0.8861111111111111 0.03177004538577912 0.023148148148148147
2 0.0 0.8592592592592593 0.037065052950075644 0.04814814814814815
1 0.0 0.8361111111111111 0.03328290468986384 0.046296296296296294
2 0.0 0.7055555555555556 0.04236006051437216 0.049074074074074076
1 0.8721633888048411 0.8777777777777778 0.037065052950075644 0.046296296296296294
1 0.0007564296520423601 0.9574074074074074 0.02118003025718608 0.028703703703703703
1 0.00529500756429652 0.9629629629629629 0.01361573373676248 0.027777777777777776
2 0.9689863842662633 0.0 0.029500756429652043 0.06574074074074074
2 0.970499243570348 0.09537037037037037 0.02798789712556732 0.04351851851851852
1 0.9818456883509834 0.49907407407407406 0.01664145234493192 0.04814814814814815
1 0.15658093797276854 0.7611111111111111 0.0264750378214826 0.05
1 0.9720121028744326 0.41574074074074074 0.0264750378214826 0.04351851851851852
1 0.9773071104387292 0.387037037037037 0.02118003025718608 0.05555555555555555
1 0.6081694402420574 0.34074074074074073 0.023449319213313162 0.05185185185185185
1 0.5748865355521936 0.3425925925925926 0.02193645990922844 0.04814814814814815
1 0.5287443267776096 0.3425925925925926 0.02118003025718608 0.05277777777777778
1 0.6346444780635401 0.3425925925925926 0.025718608169440244 0.044444444444444446
