1 0.7246596066565809 0.14722222222222223 0.040090771558245086 0.04814814814814815
1 0.8804841149773072 0.7907407407407407 0.046898638426626324 0.037037037037037035
1 0.8214826021180031 0.3388888888888889 0.046142208774583963 0.03333333333333333
1 0.0 0.30092592592592593 0.01059001512859304 0.03148148148148148
2 0.5136157337367625 0.762962962962963 0.05143721633888049 0.03148148148148148
2 0.9470499243570348 0.001851851851851852 0.02193645990922844 0.026851851851851852
2 0.9803328290468987 0.5194444444444445 0.01664145234493192 0.05277777777777778
2 0.8524962178517398 0.7944444444444444 0.05521936459909228 0.03518518518518519
1 0.05370650529500756 0.9425925925925925 0.019667170953101363 0.025
2 0.0 0.8842592592592593 0.028744326777609682 0.041666666666666664
1 0.8888048411497731 0.2037037037037037 0.0416036308623298 0.053703703703703705
