2 0.8860759493670886 0.812962962962963 0.03305203938115331 0.06296296296296296
2 0.9648382559774965 0.8444444444444444 0.03375527426160337 0.03796296296296296
1 0.28973277074542897 0.19722222222222222 0.02531645569620253 0.03333333333333333
1 0.44022503516174405 0.33425925925925926 0.027426160337552744 0.04814814814814815
1 0.9718706047819972 0.16018518518518518 0.02250351617440225 0.03888888888888889
1 0.18565400843881857 0.9842592592592593 0.01969057665260197 0.010185185185185186
1 0.1940928270042194 0.9657407407407408 0.02109704641350211 0.028703703703703703
2 0.35372714486638535 0.9740740740740741 0.03867791842475387 0.022222222222222223
2 0.9648382559774965 0.8527777777777777 0.03375527426160337 0.03148148148148148
2 0.9690576652601969 0.799074074074074 0.029535864978902954 0.041666666666666664
1 0.14838255977496484 0.44907407407407407 0.034458509142053444 0.046296296296296294
1 0.25949367088607594 0.19907407407407407 0.034458509142053444 0.041666666666666664
1 0.45358649789029537 0.28703703703703703 0.02250351617440225 0.05185185185185185
1 0.6582278481012658 0.38055555555555554 0.026019690576652602 0.06481481481481481
2 0.7355836849507735 0.9574074074074074 0.047116736990154715 0.037037037037037035
1 0.9578059071729957 0.8407407407407408 0.0379746835443038 0.058333333333333334
2 0.7510548523206751 0.9675925925925926 0.04430379746835443 0.028703703703703703
2 0.170182841068917 0.8324074074074074 0.02109704641350211 0.04722222222222222
2 0.0 0.7509259259259259 0.028832630098452883 0.037037037037037035
2 0.29254571026722925 0.9194444444444444 0.030942334739803096 0.06666666666666667
2 0.5843881856540084 0.6694444444444444 0.03164556962025317 0.06296296296296296
