2 0.9568835098335855 0.3537037037037037 0.030257186081694403 0.06666666666666667
2 0.6452344931921331 0.022222222222222223 0.024962178517397883 0.03333333333333333
2 0.5022692889561271 0.3990740740740741 0.040090771558245086 0.02962962962962963
1 0.3441754916792738 0.38055555555555554 0.037065052950075644 0.037037037037037035
1 0.3207261724659607 0.4305555555555556 0.023449319213313162 0.026851851851851852
2 0.06732223903177005 0.4222222222222222 0.04084720121028744 0.03148148148148148
2 0.0718608169440242 0.41388888888888886 0.040090771558245086 0.03148148148148148
2 0.058245083207261725 0.3787037037037037 0.05521936459909228 0.041666666666666664
1 0.9220877458396369 0.08888888888888889 0.024962178517397883 0.04814814814814815
1 0.9288956127080181 0.09722222222222222 0.03177004538577912 0.03981481481481482
2 0.8275340393343419 0.0 0.03479576399394856 0.06388888888888888
1 0.2859304084720121 0.4203703703703704 0.03328290468986384 0.03518518518518519
1 0.9258698940998488 0.1388888888888889 0.039334341906202726 0.026851851851851852
1 0.916036308623298 0.16574074074074074 0.03479576399394856 0.03611111111111111
1 0.2813918305597579 0.39537037037037037 0.036308623298033284 0.030555555555555555
1 0.6399394856278366 0.007407407407407408 0.023449319213313162 0.03333333333333333
2 0.13540090771558244 0.40925925925925927 0.0340393343419062 0.05
1 0.10968229954614221 0.6175925925925926 0.024962178517397883 0.05
