1 0.8762306610407876 0.22407407407407406 0.02461322081575246 0.03796296296296296
1 0.19831223628691982 0.0 0.035864978902953586 0.040740740740740744
1 0.7869198312236287 0.7111111111111111 0.03938115330520394 0.05185185185185185
1 0.7883263009845288 0.937962962962963 0.035161744022503515 0.05648148148148148
2 0.25246132208157523 0.9490740740740741 0.03727144866385373 0.04722222222222222
1 0.6758087201125176 0.12685185185185185 0.0379746835443038 0.04722222222222222
2 0.23558368495077356 0.4787037037037037 0.03938115330520394 0.04537037037037037
2 0.2109704641350211 0.2675925925925926 0.04430379746835443 0.046296296296296294
1 0.80098452883263 0.14351851851851852 0.035864978902953586 0.05
1 0.6842475386779184 0.24074074074074073 0.04008438818565401 0.046296296296296294
2 0.004922644163150493 0.3972222222222222 0.03656821378340366 0.04814814814814815
2 0.2651195499296765 0.9444444444444444 0.04289732770745429 0.05185185185185185
2 0.2271448663853727 0.9361111111111111 0.035161744022503515 0.06018518518518518
1 0.8924050632911392 0.22685185185185186 0.02250351617440225 0.037037037037037035
