2 0.8229954614220878 0.8324074074074074 0.04084720121028744 0.028703703703703703
2 0.9455370650529501 0.5361111111111111 0.049924357034795766 0.044444444444444446
2 0.9568835098335855 0.6861111111111111 0.038577912254160365 0.041666666666666664
2 0.9841149773071104 0.5990740740740741 0.014372163388804841 0.037037037037037035
2 0.9757942511346445 0.7175925925925926 0.0226928895612708 0.03148148148148148
2 0.9636913767019667 0.0 0.024962178517397883 0.028703703703703703
2 0.0 0.8490740740740741 0.015128593040847202 0.04537037037037037
1 0.2526475037821483 0.48055555555555557 0.037065052950075644 0.037037037037037035
1 0.15128593040847202 0.3925925925925926 0.037065052950075644 0.046296296296296294
1 0.47881996974281393 0.1287037037037037 0.03328290468986384 0.04537037037037037
1 0.16187594553706505 0.22870370370370371 0.0264750378214826 0.04537037037037037
1 0.10816944024205749 0.15555555555555556 0.040090771558245086 0.03796296296296296
1 0.03177004538577912 0.9490740740740741 0.030257186081694403 0.04537037037037037
1 0.00832072617246596 0.9712962962962963 0.023449319213313162 0.025
1 0.0007564296520423601 0.924074074074074 0.031013615733736764 0.041666666666666664
1 0.7632375189107413 0.36203703703703705 0.024962178517397883 0.058333333333333334
1 0.7927382753403933 0.3675925925925926 0.023449319213313162 0.05277777777777778
