2 0.7148260211800302 0.013888888888888888 0.06959152798789713 0.04351851851851852
2 0.7344931921331316 0.0 0.06959152798789713 0.024074074074074074
2 0.04387291981845688 0.0 0.04462934947049924 0.03888888888888889
2 0.024962178517397883 0.001851851851851852 0.03177004538577912 0.037037037037037035
2 0.8857791225416036 0.005555555555555556 0.0529500756429652 0.058333333333333334
1 0.8562783661119516 0.0 0.04311649016641452 0.030555555555555555
2 0.8857791225416036 0.0 0.058245083207261725 0.05185185185185185
2 0.0007564296520423601 0.11574074074074074 0.01588502269288956 0.03981481481481482
2 0.0 0.06388888888888888 0.03177004538577912 0.05
1 0.09682299546142209 0.0 0.024962178517397883 0.022222222222222223
1 0.8827534039334342 0.8324074074074074 0.05143721633888049 0.05555555555555555
