1 0.9886535552193646 0.4925925925925926 0.009833585476550681 0.03981481481481482
1 0.06202723146747353 0.9027777777777778 0.023449319213313162 0.02962962962962963
1 0.0 0.3037037037037037 0.01361573373676248 0.041666666666666664
1 0.527231467473525 0.1685185185185185 0.036308623298033284 0.026851851851851852
2 0.0 0.8240740740740741 0.01361573373676248 0.04722222222222222
2 0.0 0.8462962962962963 0.023449319213313162 0.03796296296296296
1 0.8472012102874432 0.062037037037037036 0.03555219364599092 0.04351851851851852
3 0.058245083207261725 0.8574074074074074 0.040090771558245086 0.075
1 0.07488653555219364 0.3425925925925926 0.015128593040847202 0.04814814814814815
1 0.7299546142208775 0.14537037037037037 0.018154311649016642 0.041666666666666664
1 0.13691376701966718 0.1574074074074074 0.029500756429652043 0.03981481481481482
