2 0.8124054462934948 0.8212962962962963 0.048411497730711045 0.05
2 0.0 0.7092592592592593 0.046898638426626324 0.05
1 0.2065052950075643 0.17685185185185184 0.03177004538577912 0.058333333333333334
1 0.0 0.29259259259259257 0.025718608169440244 0.06296296296296296
2 0.0 0.8157407407407408 0.049924357034795766 0.04351851851851852
2 0.8729198184568835 0.674074074074074 0.06959152798789713 0.05
1 0.4856278366111952 0.0 0.031013615733736764 0.053703703703703705
1 0.9387291981845688 0.7092592592592593 0.048411497730711045 0.09166666666666666
1 0.0 0.887962962962963 0.030257186081694403 0.06481481481481481
2 0.8940998487140696 0.6824074074074075 0.04462934947049924 0.05185185185185185
1 0.13161875945537066 0.8175925925925925 0.040090771558245086 0.05
2 0.8978819969742814 0.2537037037037037 0.02798789712556732 0.041666666666666664
2 0.9273827534039334 0.5657407407407408 0.040090771558245086 0.04537037037037037
2 0.5355521936459909 0.7305555555555555 0.037821482602118005 0.06851851851851852
1 0.5801815431164902 0.10185185185185185 0.03479576399394856 0.05
2 0.0 0.8379629629629629 0.060514372163388806 0.05
1 0.11649016641452345 0.13703703703703704 0.046898638426626324 0.062037037037037036
