2 0.46343178621659636 0.9462962962962963 0.03375527426160337 0.04814814814814815
1 0.3009845288326301 0.5842592592592593 0.02390998593530239 0.06296296296296296
1 0.9676511954992968 0.1388888888888889 0.01828410689170183 0.04814814814814815
1 0.4177215189873418 0.8157407407407408 0.035864978902953586 0.05185185185185185
2 0.6174402250351617 0.9629629629629629 0.029535864978902954 0.03148148148148148
2 0.6856540084388185 0.9574074074074074 0.04571026722925457 0.03888888888888889
1 0.2812939521800281 0.5861111111111111 0.01969057665260197 0.05462962962962963
1 0.46624472573839665 0.3138888888888889 0.03234880450070324 0.04814814814814815
2 0.23277074542897327 0.337037037037037 0.04571026722925457 0.053703703703703705
2 0.24964838255977498 0.0 0.03727144866385373 0.007407407407407408
2 0.4149085794655415 0.8592592592592593 0.030239099859353025 0.04537037037037037
2 0.3720112517580872 0.9796296296296296 0.027426160337552744 0.016666666666666666
2 0.23839662447257384 0.0 0.030942334739803096 0.03518518518518519
2 0.41068917018284107 0.9212962962962963 0.04430379746835443 0.05
1 0.8832630098452883 0.9611111111111111 0.047116736990154715 0.03518518518518519
2 0.9760900140646976 0.8462962962962963 0.02250351617440225 0.05277777777777778
1 0.4732770745428973 0.2537037037037037 0.03164556962025317 0.03333333333333333
1 0.5218002812939522 0.2824074074074074 0.02109704641350211 0.03333333333333333
1 0.9676511954992968 0.27870370370370373 0.030942334739803096 0.04351851851851852
1 0.17158931082981715 0.7796296296296297 0.03656821378340366 0.03333333333333333
2 0.2679324894514768 0.4537037037037037 0.030239099859353025 0.03333333333333333
1 0.9746835443037974 0.21851851851851853 0.02390998593530239 0.049074074074074076
2 0.4929676511954993 0.3787037037037037 0.030239099859353025 0.04351851851851852
2 0.3319268635724332 0.9657407407407408 0.035864978902953586 0.030555555555555555
