1 0.06469760900140648 0.17037037037037037 0.029535864978902954 0.03518518518518519
1 0.06469760900140648 0.13703703703703704 0.030942334739803096 0.03518518518518519
1 0.31645569620253167 0.6592592592592592 0.028832630098452883 0.04814814814814815
1 0.6687763713080169 0.18888888888888888 0.035161744022503515 0.046296296296296294
1 0.3410689170182841 0.2953703703703704 0.035161744022503515 0.05
2 0.23839662447257384 0.0 0.035161744022503515 0.04351851851851852
2 0.46905766526019693 0.18703703703703703 0.034458509142053444 0.05
1 0.04852320675105485 0.22037037037037038 0.051336146272855133 0.053703703703703705
1 0.3466947960618847 0.21574074074074073 0.040787623066104076 0.05
1 0.7440225035161744 0.25925925925925924 0.051336146272855133 0.05
1 0.19549929676511954 0.001851851851851852 0.04008438818565401 0.053703703703703705
2 0.24542897327707455 0.9444444444444444 0.04992967651195499 0.05
1 0.9479606188466948 0.062037037037037036 0.02109704641350211 0.03518518518518519
2 0.6230661040787623 0.1287037037037037 0.04852320675105485 0.06018518518518518
2 0.31223628691983124 0.005555555555555556 0.030239099859353025 0.046296296296296294
1 0.3410689170182841 0.6509259259259259 0.03234880450070324 0.04814814814814815
1 0.9648382559774965 0.06018518518518518 0.026722925457102673 0.028703703703703703
2 0.9578059071729957 0.001851851851851852 0.03938115330520394 0.03888888888888889
3 0.9388185654008439 0.005555555555555556 0.051336146272855133 0.04814814814814815
