1 0.06469760900140648 0.1685185185185185 0.030942334739803096 0.04351851851851852
1 0.05907172995780591 0.1388888888888889 0.03938115330520394 0.03518518518518519
1 0.8080168776371308 0.4287037037037037 0.02390998593530239 0.037037037037037035
1 0.3980309423347398 0.6092592592592593 0.030942334739803096 0.041666666666666664
2 0.6568213783403657 0.262037037037037 0.04149085794655415 0.03888888888888889
2 0.9690576652601969 0.03888888888888889 0.02812939521800281 0.05462962962962963
2 0.14135021097046413 0.9425925925925925 0.030239099859353025 0.041666666666666664
2 0.26371308016877637 0.912962962962963 0.04149085794655415 0.05462962962962963
2 0.139943741209564 0.600925925925926 0.04149085794655415 0.03981481481481482
1 0.3150492264416315 0.6527777777777778 0.034458509142053444 0.07314814814814814
2 0.3263009845288326 0.0 0.04149085794655415 0.06574074074074074
2 0.2679324894514768 0.0 0.03867791842475387 0.03888888888888889
6 0.2538677918424754 0.9296296296296296 0.04852320675105485 0.06666666666666667
1 0.16666666666666666 0.022222222222222223 0.03867791842475387 0.058333333333333334
2 0.7827004219409283 0.9324074074074075 0.0639943741209564 0.062037037037037036
2 0.017580872011251757 0.2953703703703704 0.03656821378340366 0.04722222222222222
1 0.36075949367088606 0.5027777777777778 0.03164556962025317 0.05462962962962963
2 0.3009845288326301 0.8907407407407407 0.04008438818565401 0.058333333333333334
1 0.29535864978902954 0.09351851851851851 0.030942334739803096 0.05
1 0.789732770745429 0.4287037037037037 0.02531645569620253 0.03518518518518519
2 0.8790436005625879 0.007407407407407408 0.04852320675105485 0.046296296296296294
2 0.9465541490857946 0.005555555555555556 0.04219409282700422 0.03981481481481482
1 0.6526019690576652 0.037037037037037035 0.0639943741209564 0.053703703703703705
