1 0.06354009077155824 0.0 0.04462934947049924 0.05185185185185185
2 0.7829046898638427 0.0 0.056732223903177004 0.037037037037037035
1 0.7443267776096822 0.04537037037037037 0.038577912254160365 0.037037037037037035
1 0.7579425113464447 0.06574074074074074 0.03328290468986384 0.02962962962962963
1 0.8706505295007564 0.0 0.0416036308623298 0.030555555555555555
1 0.8358547655068078 0.053703703703703705 0.05370650529500756 0.03518518518518519
1 0.1346444780635401 0.6175925925925926 0.03328290468986384 0.03981481481481482
2 0.9508320726172466 0.024074074074074074 0.040090771558245086 0.044444444444444446
1 0.03555219364599092 0.08888888888888889 0.03479576399394856 0.058333333333333334
1 0.26777609682299547 0.6240740740740741 0.038577912254160365 0.05185185185185185
1 0.10136157337367625 0.6240740740740741 0.037065052950075644 0.05185185185185185
