2 0.07062146892655367 0.016666666666666666 0.031073446327683617 0.06481481481481481
2 0.01765536723163842 0.0 0.04731638418079096 0.053703703703703705
2 0.9661016949152542 0.6185185185185185 0.038135593220338986 0.03796296296296296
2 0.04025423728813559 0.0 0.0346045197740113 0.053703703703703705
2 0.0748587570621469 0.07685185185185185 0.03389830508474576 0.049074074074074076
2 0.9491525423728814 0.6083333333333333 0.05508474576271186 0.06666666666666667
2 0.07627118644067797 0.08148148148148149 0.046610169491525424 0.06481481481481481
1 0.9675141242937854 0.23055555555555557 0.03672316384180791 0.05462962962962963
1 0.25 0.9083333333333333 0.019067796610169493 0.03796296296296296
2 0.05861581920903955 0.5518518518518518 0.04025423728813559 0.07962962962962963
2 0.931497175141243 0.6018518518518519 0.057203389830508475 0.046296296296296294
1 0.865819209039548 0.1824074074074074 0.03742937853107345 0.05462962962962963
1 0.8043785310734464 0.12962962962962962 0.023305084745762712 0.046296296296296294
2 0.9731638418079096 0.5388888888888889 0.029661016949152543 0.03611111111111111
2 0.0847457627118644 0.9666666666666667 0.02824858757062147 0.03425925925925926
1 0.13771186440677965 0.0962962962962963 0.031073446327683617 0.03333333333333333
1 0.1574858757062147 0.08333333333333333 0.031073446327683617 0.03611111111111111
2 0.9844632768361582 0.549074074074074 0.018361581920903956 0.03425925925925926
1 0.12641242937853106 0.09814814814814815 0.03389830508474576 0.044444444444444446
1 0.13771186440677965 0.8138888888888889 0.0480225988700565 0.03333333333333333
1 0.9661016949152542 0.6648148148148149 0.03248587570621469 0.05277777777777778
1 0.3234463276836158 0.8953703703703704 0.025423728813559324 0.03148148148148148
2 0.13347457627118645 0.9583333333333334 0.025423728813559324 0.04259259259259259
2 0.961864406779661 0.5351851851851852 0.03531073446327684 0.05648148148148148
1 0.394774011299435 0.9462962962962963 0.0423728813559322 0.041666666666666664
1 0.4004237288135593 0.6962962962962963 0.03389830508474576 0.046296296296296294
1 0.6348870056497176 0.8638888888888889 0.025423728813559324 0.03425925925925926
1 0.6603107344632768 0.8666666666666667 0.02824858757062147 0.03518518518518519
