1 0.9236006051437217 0.1638888888888889 0.028744326777609682 0.04351851851851852
1 0.9190620272314675 0.13518518518518519 0.030257186081694403 0.041666666666666664
2 0.9856278366111951 0.13055555555555556 0.012859304084720122 0.05462962962962963
1 0.9077155824508321 0.9462962962962963 0.02798789712556732 0.03981481481481482
1 0.08169440242057488 0.5824074074074074 0.0264750378214826 0.041666666666666664
2 0.6830559757942511 0.0 0.02798789712556732 0.018518518518518517
2 0.10363086232980333 0.41759259259259257 0.048411497730711045 0.03796296296296296
2 0.0037821482602118004 0.43425925925925923 0.040090771558245086 0.03796296296296296
2 0.9742813918305597 0.36203703703703705 0.024205748865355523 0.05
2 0.8411497730711044 0.0 0.031013615733736764 0.037037037037037035
