1 0.2605932203389831 0.9101851851851852 0.02401129943502825 0.03148148148148148
1 0.2443502824858757 0.9296296296296296 0.02754237288135593 0.03333333333333333
1 0.6073446327683616 0.20277777777777778 0.024717514124293787 0.03611111111111111
1 0.3545197740112994 0.13425925925925927 0.036016949152542374 0.037037037037037035
2 0.1475988700564972 0.8935185185185185 0.03389830508474576 0.05277777777777778
1 0.4159604519774011 0.8814814814814815 0.02401129943502825 0.04537037037037037
2 0.0346045197740113 0.008333333333333333 0.03036723163841808 0.05462962962962963
2 0.7634180790960452 0.5157407407407407 0.03389830508474576 0.044444444444444446
1 0.442090395480226 0.8935185185185185 0.015536723163841809 0.02962962962962963
1 0.23587570621468926 0.9064814814814814 0.024717514124293787 0.028703703703703703
1 0.4060734463276836 0.6981481481481482 0.022598870056497175 0.03611111111111111
1 0.6348870056497176 0.862037037037037 0.022598870056497175 0.03611111111111111
1 0.6603107344632768 0.8601851851851852 0.025423728813559324 0.041666666666666664
1 0.8375706214689266 0.025 0.03672316384180791 0.03518518518518519
2 0.9371468926553672 0.5685185185185185 0.036016949152542374 0.05648148148148148
2 0.0 0.9731481481481481 0.036016949152542374 0.027777777777777776
1 0.3728813559322034 0.4527777777777778 0.024717514124293787 0.05277777777777778
1 0.4060734463276836 0.95 0.018361581920903956 0.046296296296296294
1 0.10875706214689265 0.9648148148148148 0.03036723163841808 0.03796296296296296
1 0.3375706214689266 0.7888888888888889 0.015536723163841809 0.02962962962962963
1 0.6532485875706214 0.5805555555555556 0.0211864406779661 0.049074074074074076
