1 0.1504237288135593 0.837037037037037 0.03884180790960452 0.03981481481481482
1 0.00211864406779661 0.005555555555555556 0.025423728813559324 0.03148148148148148
1 0.2634180790960452 0.9083333333333333 0.026836158192090395 0.03148148148148148
1 0.2457627118644068 0.9333333333333333 0.041666666666666664 0.02962962962962963
1 0.0035310734463276836 0.46574074074074073 0.029661016949152543 0.05185185185185185
1 0.1963276836158192 0.8453703703703703 0.04096045197740113 0.03611111111111111
2 0.4300847457627119 0.6018518518518519 0.03884180790960452 0.041666666666666664
1 0.501412429378531 0.2518518518518518 0.0346045197740113 0.04351851851851852
1 0.2387005649717514 0.9018518518518519 0.021892655367231638 0.03333333333333333
1 0.2514124293785311 0.9018518518518519 0.024717514124293787 0.02962962962962963
1 0.4145480225988701 0.8916666666666667 0.022598870056497175 0.026851851851851852
1 0.3990112994350282 0.7111111111111111 0.026836158192090395 0.03796296296296296
1 0.6348870056497176 0.8666666666666667 0.022598870056497175 0.03518518518518519
1 0.661723163841808 0.8555555555555555 0.0211864406779661 0.046296296296296294
1 0.7563559322033898 0.7490740740740741 0.02401129943502825 0.03148148148148148
2 0.594632768361582 0.7046296296296296 0.025423728813559324 0.03796296296296296
1 0.09463276836158192 0.11666666666666667 0.0346045197740113 0.040740740740740744
2 0.3742937853107345 0.7296296296296296 0.03742937853107345 0.03981481481481482
1 0.365819209039548 0.8601851851851852 0.028954802259887006 0.026851851851851852
1 0.6659604519774012 0.2175925925925926 0.02401129943502825 0.05092592592592592
2 0.0049435028248587575 0.09444444444444444 0.04096045197740113 0.04351851851851852
2 0.9477401129943502 0.6 0.03954802259887006 0.03981481481481482
2 0.12641242937853106 0.9629629629629629 0.03248587570621469 0.03981481481481482
2 0.1419491525423729 0.9648148148148148 0.02824858757062147 0.03796296296296296
1 0.7048022598870056 0.6398148148148148 0.029661016949152543 0.03981481481481482
1 0.4004237288135593 0.95 0.026836158192090395 0.03981481481481482
1 0.6730225988700564 0.6268518518518519 0.020480225988700564 0.044444444444444446
