1 0.9830508474576272 0.31666666666666665 0.018361581920903956 0.046296296296296294
1 0.17584745762711865 0.6611111111111111 0.033192090395480225 0.058333333333333334
1 0.6963276836158192 0.4925925925925926 0.03389830508474576 0.046296296296296294
1 0.6963276836158192 0.28703703703703703 0.026836158192090395 0.06759259259259259
1 0.00211864406779661 0.325 0.02401129943502825 0.04351851851851852
1 0.4872881355932203 0.875 0.023305084745762712 0.03518518518518519
1 0.6716101694915254 0.7064814814814815 0.024717514124293787 0.044444444444444446
1 0.24858757062146894 0.1712962962962963 0.02754237288135593 0.05277777777777778
1 0.2888418079096045 0.9148148148148149 0.02401129943502825 0.03148148148148148
1 0.3114406779661017 0.9314814814814815 0.03036723163841808 0.03148148148148148
1 0.4004237288135593 0.8870370370370371 0.02824858757062147 0.03796296296296296
2 0.9060734463276836 0.5175925925925926 0.03742937853107345 0.06574074074074074
2 0.663135593220339 0.6648148148148149 0.026836158192090395 0.044444444444444446
1 0.2019774011299435 0.7462962962962963 0.03531073446327684 0.046296296296296294
1 0.3919491525423729 0.27870370370370373 0.03248587570621469 0.03611111111111111
1 0.4004237288135593 0.9481481481481482 0.02824858757062147 0.03611111111111111
1 0.797316384180791 0.03148148148148148 0.03884180790960452 0.06296296296296296
1 0.01765536723163842 0.7129629629629629 0.026836158192090395 0.03796296296296296
1 0.980225988700565 0.662962962962963 0.02401129943502825 0.05462962962962963
2 0.048728813559322036 0.9564814814814815 0.04025423728813559 0.04814814814814815
2 0.8043785310734464 0.6546296296296297 0.03036723163841808 0.04814814814814815
