2 0.5136157337367625 0.38055555555555554 0.040090771558245086 0.05
1 0.7201210287443268 0.03518518518518519 0.046142208774583963 0.053703703703703705
3 0.9258698940998488 0.262037037037037 0.06127080181543117 0.062037037037037036
2 0.321482602118003 0.42592592592592593 0.03479576399394856 0.04814814814814815
2 0.7526475037821483 0.2675925925925926 0.0416036308623298 0.046296296296296294
1 0.970499243570348 0.3175925925925926 0.0264750378214826 0.05
1 0.0 0.3972222222222222 0.03555219364599092 0.03333333333333333
1 0.0 0.44722222222222224 0.028744326777609682 0.04537037037037037
1 0.0007564296520423601 0.37407407407407406 0.046142208774583963 0.03981481481481482
1 0.8411497730711044 0.0 0.03328290468986384 0.04722222222222222
2 0.6497730711043873 0.18055555555555555 0.03328290468986384 0.05
2 0.0 0.45092592592592595 0.03328290468986384 0.05
2 0.0 0.40555555555555556 0.058245083207261725 0.041666666666666664
2 0.0 0.3907407407407407 0.060514372163388806 0.05
