1 0.7745839636913767 0.40925925925925927 0.03479576399394856 0.041666666666666664
2 0.6217851739788199 0.7546296296296297 0.040090771558245086 0.03796296296296296
1 0.038577912254160365 0.7240740740740741 0.028744326777609682 0.028703703703703703
1 0.0 0.8342592592592593 0.02193645990922844 0.05
1 0.01739788199697428 0.41759259259259257 0.0264750378214826 0.03796296296296296
1 0.659606656580938 0.0 0.030257186081694403 0.018518518518518517
1 0.0 0.28055555555555556 0.009077155824508321 0.03518518518518519
2 0.9674735249621785 0.7861111111111111 0.031013615733736764 0.03981481481481482
1 0.10968229954614221 0.1537037037037037 0.0340393343419062 0.041666666666666664
2 0.0 0.9092592592592592 0.03555219364599092 0.026851851851851852
2 0.0022692889561270802 0.8925925925925926 0.031013615733736764 0.03333333333333333
2 0.00832072617246596 0.8842592592592593 0.038577912254160365 0.03981481481481482
1 0.20347957639939485 0.8925925925925926 0.0226928895612708 0.03333333333333333
1 0.2027231467473525 0.8759259259259259 0.02042360060514372 0.026851851851851852
1 0.14145234493192133 0.8861111111111111 0.03328290468986384 0.025
1 0.28290468986384265 0.8740740740740741 0.02798789712556732 0.041666666666666664
1 0.7609682299546142 0.36203703703703705 0.03177004538577912 0.04537037037037037
1 0.7829046898638427 0.37037037037037035 0.030257186081694403 0.04537037037037037
1 0.0453857791225416 0.9712962962962963 0.02193645990922844 0.025
