1 0.10224948875255624 0.19166666666666668 0.022494887525562373 0.03796296296296296
1 0.553680981595092 0.23333333333333334 0.028118609406952964 0.02962962962962963
1 0.10224948875255624 0.1574074074074074 0.02147239263803681 0.02962962962962963
1 0.7505112474437627 0.9268518518518518 0.032208588957055216 0.04722222222222222
1 0.7489775051124744 0.6990740740740741 0.018404907975460124 0.04722222222222222
1 0.8951942740286298 0.15092592592592594 0.02556237218813906 0.04722222222222222
2 0.32719836400818 0.30092592592592593 0.031186094069529654 0.044444444444444446
2 0.3159509202453988 0.3490740740740741 0.03834355828220859 0.03425925925925926
2 0.3496932515337423 0.3731481481481482 0.02965235173824131 0.03333333333333333
1 0.12065439672801637 0.07777777777777778 0.022494887525562373 0.03796296296296296
1 0.1221881390593047 0.11944444444444445 0.019427402862985686 0.02962962962962963
1 0.13190184049079753 0.14907407407407408 0.020961145194274028 0.03425925925925926
1 0.12065439672801637 0.2064814814814815 0.01687116564417178 0.03796296296296296
1 0.2796523517382413 0.06666666666666667 0.036298568507157465 0.02962962962962963
1 0.37116564417177916 0.4064814814814815 0.023517382413087935 0.04259259259259259
1 0.12934560327198363 0.4425925925925926 0.026584867075664622 0.02962962962962963
