1 1.0076687116564418 0.21851851851851853 0.005623721881390593 0.05092592592592592
1 0.4539877300613497 0.787962962962963 0.028118609406952964 0.02962962962962963
1 0.5511247443762781 0.7925925925925926 0.025051124744376277 0.03796296296296296
1 0.37116564417177916 0.39351851851851855 0.03067484662576687 0.040740740740740744
1 0.3890593047034765 0.3537037037037037 0.028118609406952964 0.025
1 0.7985685071574642 0.0 0.03067484662576687 0.018518518518518517
1 0.5352760736196319 0.4675925925925926 0.031186094069529654 0.04259259259259259
1 0.74079754601227 0.6953703703703704 0.03374233128834356 0.044444444444444446
2 0.3287321063394683 0.287962962962963 0.03680981595092025 0.044444444444444446
2 0.31901840490797545 0.3351851851851852 0.03374233128834356 0.03981481481481482
2 0.9964212678936605 0.20833333333333334 0.014314928425357873 0.05925925925925926
1 0.044989775051124746 0.4 0.03067484662576687 0.046296296296296294
1 0.48619631901840493 0.13703703703703704 0.031186094069529654 0.05185185185185185
1 1.0035787321063394 0.23981481481481481 0.007157464212678937 0.03796296296296296
1 0.74079754601227 0.046296296296296294 0.032208588957055216 0.03148148148148148
2 0.3456032719836401 0.3638888888888889 0.028118609406952964 0.03611111111111111
1 0.5690184049079755 0.8092592592592592 0.02965235173824131 0.03333333333333333
