1 0.38650306748466257 0.8490740740740741 0.03067484662576687 0.046296296296296294
1 0.38087934560327197 0.3453703703703704 0.025051124744376277 0.03981481481481482
1 0.3609406952965235 0.39351851851851855 0.031186094069529654 0.03425925925925926
1 0.7423312883435583 0.6888888888888889 0.023517382413087935 0.05092592592592592
1 0.08282208588957055 0.03981481481481482 0.028118609406952964 0.044444444444444446
1 0.43149284253578735 0.22685185185185186 0.03067484662576687 0.04722222222222222
1 0.7448875255623721 0.3768518518518518 0.04243353783231084 0.04814814814814815
2 0.32464212678936605 0.2861111111111111 0.0352760736196319 0.05925925925925926
2 0.31339468302658485 0.3435185185185185 0.0434560327198364 0.03796296296296296
2 0.3430470347648262 0.36203703703703705 0.0434560327198364 0.03796296296296296
