1 0.10224948875255624 0.19166666666666668 0.022494887525562373 0.03796296296296296
1 0.8742331288343558 0.14537037037037037 0.031186094069529654 0.03333333333333333
1 0.10224948875255624 0.1574074074074074 0.02147239263803681 0.02962962962962963
1 0.7321063394683026 0.9296296296296296 0.032719836400818 0.046296296296296294
1 0.7489775051124744 0.6990740740740741 0.02147239263803681 0.05092592592592592
1 0.6083844580777096 0.09259259259259259 0.024028629856850715 0.046296296296296294
2 0.331799591002045 0.30277777777777776 0.029141104294478526 0.046296296296296294
2 0.3118609406952965 0.3435185185185185 0.049079754601226995 0.03981481481481482
2 0.3486707566462168 0.3768518518518518 0.036298568507157465 0.03981481481481482
1 0.0 0.09444444444444444 0.01789366053169734 0.03796296296296296
1 0.0 0.12777777777777777 0.01687116564417178 0.02962962962962963
1 0.0 0.15092592592592594 0.019427402862985686 0.03425925925925926
1 0.12065439672801637 0.2064814814814815 0.01687116564417178 0.03796296296296296
1 0.9754601226993865 0.10092592592592593 0.03374233128834356 0.02962962962962963
1 0.3440695296523517 0.4064814814814815 0.02556237218813906 0.04259259259259259
1 0.12934560327198363 0.4425925925925926 0.026584867075664622 0.02962962962962963
