1 0.5199386503067485 0.05185185185185185 0.03680981595092025 0.027777777777777776
1 0.43558282208588955 0.5351851851851852 0.026584867075664622 0.04814814814814815
2 0.0010224948875255625 0.2 0.0270961145194274 0.05462962962962963
2 0.9739263803680982 0.16203703703703703 0.032719836400818 0.06296296296296296
1 0.37934560327198363 0.3490740740740741 0.026584867075664622 0.03796296296296296
1 0.3696319018404908 0.38981481481481484 0.020961145194274028 0.041666666666666664
1 0.7479550102249489 0.7037037037037037 0.020961145194274028 0.03981481481481482
1 0.0 0.08796296296296297 0.01687116564417178 0.023148148148148147
1 0.00408997955010225 0.05185185185185185 0.018404907975460124 0.02962962962962963
1 0.16973415132924335 0.2675925925925926 0.02965235173824131 0.03981481481481482
1 0.7111451942740287 0.08425925925925926 0.02965235173824131 0.03981481481481482
1 0.1334355828220859 0.4398148148148148 0.020961145194274028 0.03425925925925926
1 0.3215746421267894 0.0 0.028118609406952964 0.016666666666666666
2 0.7142126789366053 0.3768518518518518 0.034764826175869123 0.025
1 0.5102249488752556 0.8916666666666667 0.024028629856850715 0.03518518518518519
1 0.5071574642126789 0.9101851851851852 0.0270961145194274 0.03981481481481482
2 0.12627811860940696 0.0 0.032208588957055216 0.026851851851851852
2 0.32719836400818 0.30277777777777776 0.03374233128834356 0.03796296296296296
2 0.3205521472392638 0.3537037037037037 0.029141104294478526 0.025
2 0.3512269938650307 0.375 0.028118609406952964 0.03148148148148148
