1 0.025051124744376277 0.4166666666666667 0.0352760736196319 0.044444444444444446
1 0.9023517382413088 0.14722222222222223 0.022494887525562373 0.06296296296296296
1 0.9192229038854806 0.1638888888888889 0.020961145194274028 0.05925925925925926
2 0.9964212678936605 0.25277777777777777 0.014314928425357873 0.06481481481481481
1 0.5664621676891616 0.9185185185185185 0.03936605316973415 0.049074074074074076
1 0.5720858895705522 0.9592592592592593 0.03783231083844581 0.03796296296296296
1 0.4371165644171779 0.21666666666666667 0.03936605316973415 0.04814814814814815
1 0.5342535787321063 0.19537037037037036 0.044989775051124746 0.05740740740740741
2 0.9867075664621677 0.013888888888888888 0.022494887525562373 0.05555555555555555
1 0.5465235173824131 0.1685185185185185 0.032719836400818 0.058333333333333334
1 0.9054192229038854 0.18055555555555555 0.028118609406952964 0.06574074074074074
1 0.588957055214724 0.0 0.03936605316973415 0.018518518518518517
2 0.2822085889570552 0.0 0.04396728016359918 0.03333333333333333
1 0.0 0.03518518518518519 0.019427402862985686 0.06388888888888888
1 0.0 0.1259259259259259 0.041922290388548056 0.03981481481481482
1 0.0 0.15555555555555556 0.040388548057259714 0.03981481481481482
