1 0.35429447852760737 0.5138888888888888 0.023517382413087935 0.06111111111111111
1 0.6436605316973415 0.12407407407407407 0.024028629856850715 0.03981481481481482
2 0.7704498977505112 0.18703703703703703 0.040388548057259714 0.05092592592592592
2 0.5030674846625767 0.09259259259259259 0.05061349693251534 0.05648148148148148
2 0.28118609406952966 0.9416666666666667 0.029141104294478526 0.05555555555555555
1 0.38087934560327197 0.3490740740740741 0.025051124744376277 0.04259259259259259
1 0.3665644171779141 0.387037037037037 0.024028629856850715 0.04259259259259259
1 0.7464212678936605 0.7018518518518518 0.024028629856850715 0.041666666666666664
1 0.19376278118609408 0.12222222222222222 0.02556237218813906 0.041666666666666664
1 0.19785276073619631 0.08981481481481482 0.02556237218813906 0.04259259259259259
2 0.32464212678936605 0.29907407407407405 0.036298568507157465 0.044444444444444446
2 0.3174846625766871 0.35185185185185186 0.0352760736196319 0.02962962962962963
2 0.3496932515337423 0.37037037037037035 0.02965235173824131 0.03611111111111111
