1 0.029141104294478526 0.41944444444444445 0.03834355828220859 0.03981481481481482
1 0.8997955010224948 0.15555555555555556 0.03374233128834356 0.03333333333333333
1 0.9222903885480572 0.17037037037037037 0.025051124744376277 0.046296296296296294
2 0.9795501022494888 0.29444444444444445 0.02965235173824131 0.05462962962962963
2 0.002556237218813906 0.2712962962962963 0.03680981595092025 0.05925925925925926
2 0.0081799591002045 0.09907407407407408 0.032208588957055216 0.05648148148148148
1 0.9841513292433538 0.387037037037037 0.025051124744376277 0.04722222222222222
1 0.483640081799591 0.0 0.0434560327198364 0.03148148148148148
1 0.0 0.3351851851851852 0.015337423312883436 0.0712962962962963
2 0.0 0.10925925925925926 0.022494887525562373 0.05092592592592592
1 0.906441717791411 0.18888888888888888 0.02556237218813906 0.05092592592592592
1 0.5971370143149284 0.7583333333333333 0.0352760736196319 0.05277777777777778
1 0.7505112474437627 0.012037037037037037 0.04243353783231084 0.03796296296296296
1 0.8726993865030674 0.016666666666666666 0.04243353783231084 0.023148148148148147
1 0.878323108384458 0.03981481481481482 0.04396728016359918 0.044444444444444446
1 0.0 0.1574074074074074 0.026584867075664622 0.03796296296296296
