1 0.9826175869120655 0.7814814814814814 0.026584867075664622 0.04259259259259259
3 0.2418200408997955 0.2361111111111111 0.08128834355828221 0.1685185185185185
1 0.9826175869120655 0.7518518518518519 0.022494887525562373 0.04259259259259259
1 0.9769938650306749 0.775 0.026584867075664622 0.032407407407407406
1 0.9713701431492843 0.0 0.036298568507157465 0.04814814814814815
1 0.9795501022494888 0.003703703703703704 0.02965235173824131 0.08425925925925926
1 0.17280163599182005 0.8472222222222222 0.044989775051124746 0.06111111111111111
1 0.14877300613496933 0.9120370370370371 0.0434560327198364 0.049074074074074076
2 0.9376278118609407 0.8092592592592592 0.04652351738241309 0.05462962962962963
2 0.39212678936605316 0.0 0.049079754601226995 0.09907407407407408
1 0.9642126789366053 0.725 0.0352760736196319 0.046296296296296294
1 0.9810838445807771 0.7564814814814815 0.028118609406952964 0.03981481481481482
1 0.9769938650306749 0.7925925925925926 0.025051124744376277 0.03148148148148148
1 0.16002044989775052 0.4759259259259259 0.03783231083844581 0.07222222222222222
