1 0.9023517382413088 0.8305555555555556 0.02965235173824131 0.05
1 0.0 0.775 0.03936605316973415 0.05740740740740741
1 0.9192229038854806 0.812962962962963 0.028118609406952964 0.040740740740740744
1 0.8951942740286298 0.7796296296296297 0.028118609406952964 0.05092592592592592
2 0.07975460122699386 0.7231481481481481 0.057770961145194276 0.06666666666666667
1 0.4734151329243354 0.6259259259259259 0.05368098159509203 0.06944444444444445
2 0.10531697341513292 0.8888888888888888 0.044989775051124746 0.05925925925925926
1 0.7433537832310838 0.6472222222222223 0.044989775051124746 0.05462962962962963
2 0.9447852760736196 0.937962962962963 0.03936605316973415 0.05277777777777778
2 0.21932515337423314 0.7564814814814815 0.0516359918200409 0.06944444444444445
1 0.0 0.8324074074074074 0.029141104294478526 0.05277777777777778
1 0.8701431492842536 0.6425925925925926 0.03067484662576687 0.044444444444444446
1 0.871676891615542 0.6759259259259259 0.041922290388548056 0.049074074074074076
