1 0.029141104294478526 0.41944444444444445 0.03834355828220859 0.03981481481481482
1 0.8997955010224948 0.15555555555555556 0.029141104294478526 0.03333333333333333
1 0.9233128834355828 0.17222222222222222 0.022494887525562373 0.03981481481481482
2 0.6774028629856851 0.22685185185185186 0.0352760736196319 0.05555555555555555
2 0.0 0.2824074074074074 0.025051124744376277 0.058333333333333334
2 0.005623721881390593 0.0962962962962963 0.036298568507157465 0.05740740740740741
1 0.7970347648261759 0.6509259259259259 0.025051124744376277 0.046296296296296294
1 0.16973415132924335 0.0 0.04243353783231084 0.025
1 0.05061349693251534 0.6148148148148148 0.03936605316973415 0.04722222222222222
2 0.6958077709611452 0.10092592592592593 0.03783231083844581 0.03611111111111111
1 0.9079754601226994 0.18888888888888888 0.024028629856850715 0.03796296296296296
1 0.6871165644171779 0.6277777777777778 0.032719836400818 0.04259259259259259
1 0.4284253578732106 0.03333333333333333 0.04243353783231084 0.03796296296296296
1 0.5802658486707567 0.037037037037037035 0.0408997955010225 0.02962962962962963
1 0.5833333333333334 0.06481481481481481 0.0434560327198364 0.044444444444444446
1 0.0 0.1574074074074074 0.026584867075664622 0.03796296296296296
