2 0.635480572597137 0.387037037037037 0.036298568507157465 0.05555555555555555
2 0.6411042944785276 0.16574074074074074 0.025051124744376277 0.046296296296296294
1 0.5383435582822086 0.21666666666666667 0.03067484662576687 0.05092592592592592
1 0.3696319018404908 0.4046296296296296 0.025051124744376277 0.046296296296296294
1 0.3880368098159509 0.3472222222222222 0.029141104294478526 0.02962962962962963
1 0.7367075664621677 0.6953703703703704 0.036298568507157465 0.05092592592592592
2 0.32464212678936605 0.29444444444444445 0.0352760736196319 0.049074074074074076
2 0.31901840490797545 0.35555555555555557 0.032208588957055216 0.03148148148148148
1 0.9560327198364008 0.11574074074074074 0.029141104294478526 0.046296296296296294
1 0.5184049079754601 0.24166666666666667 0.02556237218813906 0.03796296296296296
2 0.3496932515337423 0.3685185185185185 0.032719836400818 0.03148148148148148
