1 0.0 0.6722222222222223 0.011247443762781187 0.05648148148148148
1 0.044989775051124746 0.7083333333333334 0.029141104294478526 0.04814814814814815
1 0.08844580777096114 0.7416666666666667 0.028118609406952964 0.046296296296296294
1 0.0 0.8740740740740741 0.020961145194274028 0.02962962962962963
1 0.0 0.850925925925926 0.015337423312883436 0.032407407407407406
2 0.002556237218813906 0.862037037037037 0.026584867075664622 0.04814814814814815
1 0.5465235173824131 0.3537037037037037 0.02965235173824131 0.05092592592592592
1 0.19529652351738241 0.44907407407407407 0.0352760736196319 0.058333333333333334
1 0.0010224948875255625 0.8490740740740741 0.018404907975460124 0.06574074074074074
1 0.7914110429447853 0.6324074074074074 0.022494887525562373 0.04814814814814815
1 0.09815950920245399 0.7018518518518518 0.02965235173824131 0.044444444444444446
1 0.658997955010225 0.001851851851851852 0.03374233128834356 0.05462962962962963
