1 0.029141104294478526 0.41944444444444445 0.032719836400818 0.041666666666666664
1 0.9038854805725971 0.15555555555555556 0.024028629856850715 0.03333333333333333
1 0.9233128834355828 0.17222222222222222 0.02147239263803681 0.03796296296296296
2 0.0 0.11574074074074074 0.013803680981595092 0.06481481481481481
2 0.885480572597137 0.08981481481481482 0.05623721881390593 0.05277777777777778
2 0.19529652351738241 0.0 0.053169734151329244 0.03333333333333333
1 0.6804703476482618 0.9824074074074074 0.032208588957055216 0.025
1 0.0 0.028703703703703703 0.012269938650306749 0.03611111111111111
1 0.0 0.4064814814814815 0.01789366053169734 0.03148148148148148
1 0.941717791411043 0.4361111111111111 0.02556237218813906 0.03148148148148148
1 0.3721881390593047 0.9861111111111112 0.031186094069529654 0.023148148148148147
1 0.19938650306748465 0.2564814814814815 0.04652351738241309 0.040740740740740744
1 0.21370143149284254 0.18703703703703703 0.049079754601226995 0.044444444444444446
2 0.9810838445807771 0.0 0.02965235173824131 0.04814814814814815
1 0.8604294478527608 0.2972222222222222 0.019427402862985686 0.046296296296296294
1 0.906441717791411 0.18888888888888888 0.022494887525562373 0.03796296296296296
1 0.6901840490797546 0.2796296296296296 0.036298568507157465 0.06111111111111111
2 0.0 0.21203703703703702 0.03783231083844581 0.040740740740740744
1 0.10685071574642127 0.03981481481481482 0.0434560327198364 0.041666666666666664
1 0.2837423312883436 0.06944444444444445 0.03936605316973415 0.041666666666666664
1 0.28118609406952966 0.10462962962962963 0.041922290388548056 0.03796296296296296
