1 0.7760736196319018 0.2212962962962963 0.036298568507157465 0.028703703703703703
1 0.5030674846625767 0.9212962962962963 0.026584867075664622 0.03148148148148148
1 0.3609406952965235 0.40185185185185185 0.02965235173824131 0.032407407407407406
1 0.38496932515337423 0.3472222222222222 0.032208588957055216 0.02962962962962963
1 0.7367075664621677 0.6953703703703704 0.034764826175869123 0.044444444444444446
2 0.3215746421267894 0.2972222222222222 0.03680981595092025 0.04814814814814815
2 0.3205521472392638 0.35555555555555557 0.029141104294478526 0.02962962962962963
2 0.0 0.225 0.01687116564417178 0.04259259259259259
1 0.628323108384458 0.09907407407407408 0.044989775051124746 0.046296296296296294
1 0.9841513292433538 0.05 0.022494887525562373 0.03148148148148148
1 0.7658486707566462 0.25277777777777777 0.03374233128834356 0.025
1 0.6973415132924335 0.3814814814814815 0.023517382413087935 0.02962962962962963
1 0.8123721881390593 0.29907407407407405 0.020961145194274028 0.02962962962962963
2 0.3496932515337423 0.3685185185185185 0.032719836400818 0.03148148148148148
