1 0.023517382413087935 0.39814814814814814 0.04243353783231084 0.06944444444444445
1 0.8813905930470347 0.03981481481481482 0.0408997955010225 0.05
2 0.0 0.1111111111111111 0.011247443762781187 0.06111111111111111
2 0.200920245398773 0.0 0.05623721881390593 0.018518518518518517
2 0.0 0.14537037037037037 0.012269938650306749 0.07592592592592592
2 0.12627811860940696 0.0 0.03680981595092025 0.020370370370370372
1 0.0 0.028703703703703703 0.009713701431492843 0.05740740740740741
1 0.13752556237218813 0.7166666666666667 0.04805725971370143 0.06481481481481481
1 0.27556237218813906 0.0962962962962963 0.041922290388548056 0.05925925925925926
1 0.11912065439672802 0.0 0.019938650306748466 0.020370370370370372
