2 0.9867075664621677 0.8768518518518519 0.024028629856850715 0.05277777777777778
1 0.5736196319018405 0.0 0.03374233128834356 0.018518518518518517
1 0.17535787321063395 0.9462962962962963 0.03834355828220859 0.03611111111111111
1 0.18251533742331288 0.0 0.02556237218813906 0.018518518518518517
1 0.3047034764826176 0.001851851851851852 0.032719836400818 0.041666666666666664
1 0.29805725971370145 0.001851851851851852 0.03783231083844581 0.03148148148148148
2 0.9841513292433538 0.7351851851851852 0.023517382413087935 0.06111111111111111
1 0.0843558282208589 0.8342592592592593 0.020961145194274028 0.05092592592592592
1 0.4074642126789366 0.6509259259259259 0.031186094069529654 0.044444444444444446
1 0.0 0.9527777777777777 0.026584867075664622 0.03981481481481482
1 0.66359918200409 0.0 0.029141104294478526 0.046296296296296294
