1 0.020961145194274028 0.4111111111111111 0.0408997955010225 0.03981481481481482
1 0.4284253578732106 0.17685185185185184 0.05061349693251534 0.03148148148148148
1 0.4442740286298569 0.1935185185185185 0.034764826175869123 0.05462962962962963
2 0.7377300613496932 0.7546296296296297 0.04805725971370143 0.05
1 0.9289366053169734 0.22685185185185186 0.031186094069529654 0.032407407407407406
1 0.9376278118609407 0.25277777777777777 0.032208588957055216 0.044444444444444446
1 0.20245398773006135 0.9629629629629629 0.03067484662576687 0.044444444444444446
1 0.9769938650306749 0.2972222222222222 0.03374233128834356 0.041666666666666664
2 0.6324130879345603 0.0 0.05214723926380368 0.028703703703703703
1 0.0 0.08796296296296297 0.03374233128834356 0.05092592592592592
