1 0.7955010224948875 0.2759259259259259 0.0352760736196319 0.03333333333333333
1 0.7377300613496932 0.6935185185185185 0.032719836400818 0.046296296296296294
1 0.7955010224948875 0.24444444444444444 0.03783231083844581 0.03796296296296296
1 0.75920245398773 0.8888888888888888 0.03936605316973415 0.06111111111111111
1 0.5511247443762781 0.001851851851851852 0.023517382413087935 0.03796296296296296
2 0.01789366053169734 0.13425925925925927 0.0408997955010225 0.06944444444444445
1 0.33844580777096117 0.43796296296296294 0.0352760736196319 0.05277777777777778
1 0.4396728016359918 0.48703703703703705 0.0352760736196319 0.06296296296296296
2 0.5368098159509203 0.003703703703703704 0.031186094069529654 0.05277777777777778
1 0.9841513292433538 0.787962962962963 0.026584867075664622 0.06296296296296296
