3 1.0063131313131313 0.007407407407407408 0.05303030303030303 0.0787037037037037
3 1.0542929292929293 0.007407407407407408 0.050505050505050504 0.049074074074074076
1 1.0997474747474747 0.7444444444444445 0.03787878787878788 0.044444444444444446
3 1.0467171717171717 1.0425925925925925 0.07575757575757576 0.07592592592592592
1 0.10984848484848485 0.4527777777777778 0.07575757575757576 0.05277777777777778
1 0.4823232323232323 0.49444444444444446 0.08080808080808081 0.05277777777777778
1 0.041666666666666664 0.49444444444444446 0.045454545454545456 0.05648148148148148
1 0.5404040404040404 0.7138888888888889 0.07575757575757576 0.05277777777777778
2 1.0416666666666667 0.13148148148148148 0.05303030303030303 0.06851851851851852
2 0.9128787878787878 0.812037037037037 0.03535353535353535 0.05277777777777778
1 0.553030303030303 0.5138888888888888 0.03535353535353535 0.09074074074074075
1 0.7297979797979798 1.2731481481481481 0.045454545454545456 0.05277777777777778
1 0.7474747474747475 1.299074074074074 0.03535353535353535 0.053703703703703705
3 0.7651515151515151 1.7453703703703705 0.03282828282828283 0.06018518518518518
1 0.9015151515151515 1.386111111111111 0.03409090909090909 0.049074074074074076
1 1.547979797979798 1.0648148148148149 0.050505050505050504 0.04537037037037037
1 0.31186868686868685 1.1222222222222222 0.06818181818181818 0.05277777777777778
1 0.6136363636363636 1.262037037037037 0.04292929292929293 0.04537037037037037
2 0.013888888888888888 1.0462962962962963 0.07575757575757576 0.05277777777777778
2 0.021464646464646464 1.0574074074074074 0.047979797979797977 0.08703703703703704
2 0.6161616161616161 0.9212962962962963 0.04040404040404041 0.06111111111111111
2 0.6717171717171717 0.8268518518518518 0.06565656565656566 0.041666666666666664
2 0.46464646464646464 0.9629629629629629 0.04040404040404041 0.06111111111111111
1 1.5782828282828283 1.099074074074074 0.050505050505050504 0.049074074074074076
2 1.0088383838383839 0.7555555555555555 0.05303030303030303 0.05277777777777778
2 0.9558080808080808 0.762962962962963 0.045454545454545456 0.08703703703703704
1 0.8762626262626263 1.262037037037037 0.027777777777777776 0.049074074074074076
1 0.8484848484848485 1.3074074074074074 0.025252525252525252 0.05277777777777778
1 0.8005050505050505 1.2657407407407408 0.027777777777777776 0.049074074074074076
2 0.7904040404040404 1.1824074074074074 0.06313131313131314 0.0712962962962963
1 1.0997474747474747 1.1898148148148149 0.03282828282828283 0.04537037037037037
2 0.0012626262626262627 1.0953703703703703 0.045454545454545456 0.06018518518518518
2 0.016414141414141416 1.0611111111111111 0.030303030303030304 0.030555555555555555
2 0.008838383838383838 1.1407407407407408 0.05808080808080808 0.04537037037037037
2 0.6060606060606061 0.7518518518518519 0.0707070707070707 0.05277777777777778
