3 1.0063131313131313 0.08981481481481482 0.050505050505050504 0.11388888888888889
3 1.0517676767676767 0.10925925925925926 0.05303030303030303 0.07962962962962963
1 1.0517676767676767 0.7175925925925926 0.03787878787878788 0.0712962962962963
3 0.9785353535353535 1.125925925925926 0.07575757575757576 0.08333333333333333
1 0.2058080808080808 0.44537037037037036 0.07575757575757576 0.05277777777777778
1 0.5 0.48333333333333334 0.08080808080808081 0.05277777777777778
1 0.041666666666666664 0.49444444444444446 0.045454545454545456 0.05648148148148148
1 0.3648989898989899 0.7555555555555555 0.07575757575757576 0.05277777777777778
2 1.0063131313131313 0.35833333333333334 0.05303030303030303 0.06851851851851852
2 0.9886363636363636 0.9138888888888889 0.03535353535353535 0.05277777777777778
1 0.553030303030303 0.5287037037037037 0.03535353535353535 0.09074074074074075
1 0.7171717171717171 1.2842592592592592 0.045454545454545456 0.05277777777777778
1 0.7752525252525253 1.299074074074074 0.03535353535353535 0.053703703703703705
3 0.8333333333333334 1.7685185185185186 0.03787878787878788 0.037037037037037035
1 0.8939393939393939 1.4351851851851851 0.03409090909090909 0.049074074074074076
1 1.2916666666666667 1.0805555555555555 0.050505050505050504 0.04537037037037037
1 0.23106060606060605 1.1296296296296295 0.06818181818181818 0.05277777777777778
1 0.6136363636363636 1.262037037037037 0.04292929292929293 0.04537037037037037
2 0.013888888888888888 1.0462962962962963 0.07575757575757576 0.05277777777777778
2 0.021464646464646464 1.0574074074074074 0.047979797979797977 0.08703703703703704
2 0.7121212121212122 0.7851851851851852 0.04040404040404041 0.06111111111111111
2 0.7575757575757576 0.6305555555555555 0.06565656565656566 0.041666666666666664
2 0.76010101010101 0.925 0.04040404040404041 0.06111111111111111
1 1.5782828282828283 1.099074074074074 0.050505050505050504 0.049074074074074076
2 1.0517676767676767 0.8796296296296297 0.05303030303030303 0.053703703703703705
2 0.9861111111111112 0.8574074074074074 0.045454545454545456 0.08703703703703704
1 0.9356060606060606 1.2537037037037038 0.027777777777777776 0.05
1 0.9065656565656566 1.3148148148148149 0.021464646464646464 0.05277777777777778
1 0.8434343434343434 1.2583333333333333 0.027777777777777776 0.049074074074074076
2 0.7146464646464646 1.1555555555555554 0.06313131313131314 0.07222222222222222
1 1.0997474747474747 1.1898148148148149 0.03282828282828283 0.04537037037037037
2 0.0012626262626262627 1.0953703703703703 0.045454545454545456 0.06018518518518518
2 0.026515151515151516 1.0685185185185184 0.025252525252525252 0.019444444444444445
2 0.008838383838383838 1.1407407407407408 0.05808080808080808 0.04537037037037037
2 0.5959595959595959 0.7592592592592593 0.0707070707070707 0.05277777777777778
