2 0.0 0.9731481481481481 0.01991150442477876 0.075
1 1.0508849557522124 0.9425925925925925 0.05088495575221239 0.05648148148148148
2 1.7776548672566372 1.0287037037037037 0.01991150442477876 0.06388888888888888
2 0.0 0.9805555555555555 0.051991150442477874 0.04814814814814815
1 0.7433628318584071 1.2842592592592592 0.03761061946902655 0.05277777777777778
2 0.0 1.0212962962962964 0.03650442477876106 0.06018518518518518
1 1.2544247787610618 1.1453703703703704 0.03761061946902655 0.05648148148148148
2 1.0564159292035398 0.0 0.03761061946902655 0.040740740740740744
2 1.1261061946902655 0.0 0.04756637168141593 0.05555555555555555
2 0.8561946902654868 1.7277777777777779 0.022123893805309734 0.0712962962962963
2 1.75 1.0138888888888888 0.04756637168141593 0.06759259259259259
2 1.75 1.0518518518518518 0.04756637168141593 0.06388888888888888
1 1.2168141592920354 1.3074074074074074 0.03761061946902655 0.05648148148148148
2 1.0486725663716814 0.3787037037037037 0.04756637168141593 0.06759259259259259
2 1.7676991150442478 1.0629629629629629 0.029867256637168143 0.06759259259259259
2 0.16261061946902655 0.9648148148148148 0.06747787610619468 0.06388888888888888
2 0.3473451327433628 0.9953703703703703 0.05530973451327434 0.049074074074074076
1 0.2920353982300885 1.1305555555555555 0.04314159292035398 0.05277777777777778
1 1.5243362831858407 0.1425925925925926 0.035398230088495575 0.05648148148148148
1 0.8561946902654868 1.7055555555555555 0.0420353982300885 0.06018518518518518
2 0.0 1.0333333333333334 0.03982300884955752 0.05555555555555555
2 0.6957964601769911 0.9425925925925925 0.04756637168141593 0.0712962962962963
2 0.8263274336283186 0.9018518518518519 0.04424778761061947 0.05555555555555555
2 1.1814159292035398 0.9574074074074074 0.06305309734513274 0.05277777777777778
1 0.9557522123893806 0.5296296296296297 0.04756637168141593 0.05648148148148148
2 0.8185840707964602 0.17592592592592593 0.0420353982300885 0.0787037037037037
1 0.18030973451327434 0.40555555555555556 0.032079646017699116 0.05648148148148148
1 0.5099557522123894 1.1490740740740741 0.023230088495575223 0.05277777777777778
1 0.5331858407079646 1.1611111111111112 0.024336283185840708 0.044444444444444446
2 1.0984513274336283 0.9055555555555556 0.05530973451327434 0.0712962962962963
2 1.0741150442477876 1.0814814814814815 0.051991150442477874 0.075
1 0.9037610619469026 0.5777777777777777 0.03761061946902655 0.05277777777777778
1 0.9037610619469026 0.6907407407407408 0.04756637168141593 0.05648148148148148
1 1.011061946902655 0.8527777777777777 0.05752212389380531 0.05277777777777778
1 1.5641592920353982 1.0212962962962964 0.04092920353982301 0.06759259259259259
3 0.5575221238938053 0.5518518518518518 0.09513274336283185 0.06759259259259259
1 1.3119469026548674 0.7398148148148148 0.04756637168141593 0.06388888888888888
3 1.1615044247787611 0.3527777777777778 0.09292035398230089 0.0787037037037037
1 0.1670353982300885 0.4425925925925926 0.03982300884955752 0.03425925925925926
1 0.6803097345132744 1.2055555555555555 0.025442477876106196 0.041666666666666664
3 0.5630530973451328 0.6083333333333333 0.11283185840707964 0.06759259259259259
2 0.0 0.9916666666666667 0.02654867256637168 0.06018518518518518
2 0.8528761061946902 0.9388888888888889 0.048672566371681415 0.049074074074074076
