1 0.2675879396984925 1.012037037037037 0.0364321608040201 0.03333333333333333
1 0.18090452261306533 0.28425925925925927 0.05402010050251256 0.06296296296296296
1 0.5791457286432161 1.1712962962962963 0.03768844221105527 0.05185185185185185
3 0.4962311557788945 1.086111111111111 0.06658291457286432 0.07777777777777778
1 0.7864321608040201 1.4296296296296296 0.02386934673366834 0.040740740740740744
1 0.9158291457286433 1.2194444444444446 0.035175879396984924 0.05185185185185185
2 0.7047738693467337 1.1935185185185184 0.038944723618090454 0.06666666666666667
2 0.7047738693467337 1.2824074074074074 0.05150753768844221 0.06944444444444445
2 1.1180904522613064 0.9638888888888889 0.06155778894472362 0.07777777777777778
2 0.9698492462311558 0.7870370370370371 0.07412060301507538 0.07777777777777778
2 0.038944723618090454 0.8240740740740741 0.059045226130653265 0.040740740740740744
1 0.17336683417085427 0.6833333333333333 0.04020100502512563 0.044444444444444446
1 0.20603015075376885 0.7018518518518518 0.03391959798994975 0.04814814814814815
1 0.16457286432160803 0.6018518518518519 0.04648241206030151 0.06666666666666667
1 0.19095477386934673 0.6240740740740741 0.04648241206030151 0.044444444444444446
2 0.2701005025125628 0.85 0.056532663316582916 0.06574074074074074
2 0.49120603015075376 0.8314814814814815 0.06658291457286432 0.07685185185185185
1 1.2236180904522613 0.8425925925925926 0.0364321608040201 0.05092592592592592
2 0.7298994974874372 0.3212962962962963 0.04396984924623116 0.04814814814814815
1 1.064070351758794 0.13240740740740742 0.05150753768844221 0.04814814814814815
2 1.7449748743718594 0.9564814814814815 0.022613065326633167 0.05925925925925926
2 1.4271356783919598 1.6962962962962962 0.056532663316582916 0.06666666666666667
1 0.6482412060301508 1.5185185185185186 0.02763819095477387 0.05185185185185185
2 0.7738693467336684 1.7185185185185186 0.0414572864321608 0.05555555555555555
2 1.7173366834170853 0.8574074074074074 0.04522613065326633 0.08425925925925926
2 0.6922110552763819 0.33240740740740743 0.048994974874371856 0.07037037037037037
1 0.8077889447236181 0.6833333333333333 0.04773869346733668 0.06296296296296296
2 1.5414572864321607 0.8685185185185185 0.048994974874371856 0.07685185185185185
1 0.8379396984924623 1.7333333333333334 0.031407035175879394 0.037037037037037035
3 0.8128140703517588 0.16944444444444445 0.10552763819095477 0.15925925925925927
3 0.41959798994974873 0.4722222222222222 0.10301507537688442 0.06296296296296296
3 0.41959798994974873 0.5314814814814814 0.09798994974874371 0.06666666666666667
1 0.542713567839196 1.1083333333333334 0.04648241206030151 0.06296296296296296
1 0.25753768844221103 0.9898148148148148 0.038944723618090454 0.040740740740740744
1 0.5816582914572864 1.163888888888889 0.04020100502512563 0.05555555555555555
1 1.1155778894472361 1.026851851851852 0.028894472361809045 0.037037037037037035
1 0.6381909547738693 1.5407407407407407 0.032663316582914576 0.05185185185185185
1 0.6193467336683417 1.175 0.03391959798994975 0.05555555555555555
3 0.6407035175879398 1.175 0.048994974874371856 0.07777777777777778
