3 1.0063131313131313 0.037037037037037035 0.05303030303030303 0.07592592592592592
3 1.0542929292929293 0.037037037037037035 0.050505050505050504 0.049074074074074076
1 1.10479797979798 0.7555555555555555 0.03787878787878788 0.03333333333333333
3 1.0416666666666667 0.9592592592592593 0.07575757575757576 0.07592592592592592
1 0.07196969696969698 0.44537037037037036 0.07575757575757576 0.05277777777777778
1 0.4621212121212121 0.49444444444444446 0.08080808080808081 0.05277777777777778
1 0.041666666666666664 0.49444444444444446 0.045454545454545456 0.05648148148148148
1 0.5782828282828283 0.6833333333333333 0.07575757575757576 0.05277777777777778
2 1.0416666666666667 0.03333333333333333 0.05303030303030303 0.06481481481481481
2 0.8838383838383839 0.7175925925925926 0.03409090909090909 0.05277777777777778
1 0.553030303030303 0.525 0.03535353535353535 0.09074074074074075
1 0.7373737373737373 1.2694444444444444 0.045454545454545456 0.05277777777777778
1 0.7348484848484849 1.299074074074074 0.03282828282828283 0.053703703703703705
3 0.7651515151515151 1.7453703703703705 0.03282828282828283 0.06388888888888888
1 0.9078282828282829 1.349074074074074 0.03535353535353535 0.049074074074074076
1 1.6919191919191918 1.0462962962962963 0.050505050505050504 0.04537037037037037
1 0.3547979797979798 1.1222222222222222 0.06818181818181818 0.05277777777777778
1 0.6186868686868687 1.2583333333333333 0.04292929292929293 0.04537037037037037
2 0.013888888888888888 1.0462962962962963 0.07575757575757576 0.05277777777777778
2 0.021464646464646464 1.0574074074074074 0.047979797979797977 0.08703703703703704
2 0.5277777777777778 0.9666666666666667 0.04040404040404041 0.06111111111111111
2 0.6186868686868687 0.9212962962962963 0.06565656565656566 0.041666666666666664
2 0.32196969696969696 0.9824074074074074 0.04040404040404041 0.06018518518518518
1 1.5782828282828283 1.099074074074074 0.050505050505050504 0.049074074074074076
2 1.0088383838383839 0.6796296296296296 0.05303030303030303 0.05277777777777778
2 0.9482323232323232 0.687037037037037 0.045454545454545456 0.08703703703703704
1 0.8459595959595959 1.2583333333333333 0.027777777777777776 0.049074074074074076
1 0.8181818181818182 1.3111111111111111 0.03282828282828283 0.049074074074074076
1 0.7702020202020202 1.2583333333333333 0.027777777777777776 0.049074074074074076
2 0.8282828282828283 1.1972222222222222 0.06313131313131314 0.07222222222222222
1 1.0795454545454546 1.1935185185185184 0.03282828282828283 0.04537037037037037
2 0.0012626262626262627 1.0953703703703703 0.045454545454545456 0.06018518518518518
2 0.011363636363636364 1.0574074074074074 0.03282828282828283 0.03796296296296296
2 0.008838383838383838 1.1407407407407408 0.05808080808080808 0.04537037037037037
2 0.6111111111111112 0.7481481481481481 0.0707070707070707 0.05277777777777778
