2 0.016592920353982302 1.0814814814814815 0.06526548672566372 0.07962962962962963
2 0.6006637168141593 0.9537037037037037 0.09513274336283185 0.09444444444444444
2 0.6758849557522124 1.0666666666666667 0.08960176991150443 0.075
3 1.1515486725663717 0.3638888888888889 0.08738938053097345 0.06759259259259259
2 1.0365044247787611 0.06296296296296296 0.05752212389380531 0.09444444444444444
2 0.918141592920354 1.5027777777777778 0.04092920353982301 0.075
2 0.8783185840707964 1.724074074074074 0.05309734513274336 0.075
2 0.8904867256637168 1.6907407407407407 0.05530973451327434 0.10462962962962963
2 0.2577433628318584 1.0138888888888888 0.06747787610619468 0.075
2 0.5132743362831859 1.0287037037037037 0.08517699115044247 0.07222222222222222
2 0.6880530973451328 1.112037037037037 0.08517699115044247 0.06388888888888888
2 0.870575221238938 1.3898148148148148 0.08296460176991151 0.0787037037037037
1 1.0442477876106195 0.5064814814814815 0.07743362831858407 0.12407407407407407
2 1.3694690265486726 1.0175925925925926 0.08296460176991151 0.10555555555555556
2 0.7732300884955752 0.003703703703703704 0.06305309734513274 0.08981481481481482
2 0.7809734513274337 0.26666666666666666 0.061946902654867256 0.10092592592592593
2 0.00663716814159292 0.9916666666666667 0.06526548672566372 0.06018518518518518
1 0.6150442477876106 0.5555555555555556 0.05088495575221239 0.0787037037037037
2 1.1261061946902655 1.0972222222222223 0.06084070796460177 0.10462962962962963
2 0.8584070796460177 1.7203703703703703 0.04535398230088496 0.0787037037037037
2 1.0232300884955752 0.6611111111111111 0.07300884955752213 0.12037037037037036
2 1.7123893805309736 1.037037037037037 0.07300884955752213 0.09351851851851851
2 1.7123893805309736 1.0064814814814815 0.08738938053097345 0.12407407407407407
2 1.7300884955752212 1.0212962962962964 0.06969026548672566 0.08703703703703704
1 1.4115044247787611 1.1046296296296296 0.08849557522123894 0.09722222222222222
2 0.4524336283185841 0.95 0.08075221238938053 0.0712962962962963
2 1.1039823008849559 0.08981481481481482 0.07743362831858407 0.12777777777777777
3 0.5276548672566371 0.5824074074074074 0.15265486725663716 0.0824074074074074
2 0.9966814159292036 0.7509259259259259 0.08738938053097345 0.09444444444444444
2 1.0287610619469028 0.8527777777777777 0.08960176991150443 0.10092592592592593
2 0.13938053097345132 0.9351851851851852 0.08296460176991151 0.09814814814814815
1 0.5055309734513275 0.9166666666666666 0.0752212389380531 0.0712962962962963
2 0.0 0.95 0.06969026548672566 0.09074074074074075
2 0.0 0.9388888888888889 0.07964601769911504 0.0824074074074074
1 0.049778761061946904 0.8935185185185185 0.0752212389380531 0.0712962962962963
2 1.1515486725663717 0.9092592592592592 0.06526548672566372 0.0824074074074074
1 0.7433628318584071 1.2324074074074074 0.07300884955752213 0.08981481481481482
1 0.6626106194690266 1.2055555555555555 0.07853982300884955 0.09074074074074075
1 0.672566371681416 1.2203703703703703 0.04092920353982301 0.05648148148148148
2 0.0 0.9574074074074074 0.049778761061946904 0.06759259259259259
2 0.793141592920354 0.011111111111111112 0.05752212389380531 0.08981481481481482
1 1.752212389380531 1.0814814814814815 0.04756637168141593 0.09074074074074075
