3 0.9936868686868687 0.23796296296296296 0.05303030303030303 0.06388888888888888
3 1.0467171717171717 0.24537037037037038 0.05303030303030303 0.05648148148148148
1 1.1351010101010102 0.7027777777777777 0.04040404040404041 0.09814814814814815
3 0.9911616161616161 0.4305555555555556 0.07575757575757576 0.075
1 0.1148989898989899 0.44537037037037036 0.07323232323232323 0.05277777777777778
1 0.48484848484848486 0.48703703703703705 0.08080808080808081 0.05277777777777778
1 0.041666666666666664 0.49444444444444446 0.045454545454545456 0.05648148148148148
1 0.7070707070707071 0.18055555555555555 0.07575757575757576 0.053703703703703705
2 1.018939393939394 0.23425925925925925 0.05303030303030303 0.05648148148148148
2 1.0012626262626263 0.0 0.050505050505050504 0.075
1 0.5505050505050505 0.5509259259259259 0.03535353535353535 0.09074074074074075
1 0.7045454545454546 1.2916666666666667 0.045454545454545456 0.05277777777777778
1 0.7474747474747475 1.299074074074074 0.03282828282828283 0.053703703703703705
3 0.8156565656565656 1.7564814814814815 0.03535353535353535 0.05277777777777778
1 1.077020202020202 1.2046296296296297 0.04292929292929293 0.04537037037037037
1 1.2007575757575757 1.1296296296296295 0.03787878787878788 0.04537037037037037
1 0.6439393939393939 1.1185185185185185 0.06818181818181818 0.05277777777777778
1 0.6035353535353535 1.25 0.04292929292929293 0.04537037037037037
2 0.12247474747474747 1.038888888888889 0.07575757575757576 0.05277777777777778
2 0.021464646464646464 1.0574074074074074 0.047979797979797977 0.08703703703703704
2 0.33964646464646464 0.9212962962962963 0.04040404040404041 0.06111111111111111
2 0.0 1.0240740740740741 0.04924242424242424 0.040740740740740744
2 0.5555555555555556 0.9407407407407408 0.03787878787878788 0.06018518518518518
1 1.5378787878787878 1.0953703703703703 0.050505050505050504 0.049074074074074076
2 1.0643939393939394 0.15833333333333333 0.05303030303030303 0.05277777777777778
2 1.023989898989899 0.14722222222222223 0.045454545454545456 0.08703703703703704
1 0.6414141414141414 1.276851851851852 0.027777777777777776 0.049074074074074076
1 0.803030303030303 1.3185185185185184 0.030303030303030304 0.04537037037037037
1 0.7474747474747475 1.276851851851852 0.027777777777777776 0.049074074074074076
2 1.1224747474747474 1.1333333333333333 0.06313131313131314 0.0712962962962963
1 0.7803030303030303 1.2731481481481481 0.03282828282828283 0.04537037037037037
2 0.42297979797979796 1.0537037037037038 0.04419191919191919 0.06018518518518518
2 0.5580808080808081 1.1064814814814814 0.03535353535353535 0.05277777777777778
2 0.008838383838383838 1.1407407407407408 0.05808080808080808 0.04537037037037037
2 0.7146464646464646 0.6907407407407408 0.0707070707070707 0.053703703703703705
