3 0.9936868686868687 0.25277777777777777 0.050505050505050504 0.06388888888888888
3 1.0467171717171717 0.2601851851851852 0.05303030303030303 0.05648148148148148
1 1.1351010101010102 0.7027777777777777 0.04040404040404041 0.09814814814814815
3 0.9936868686868687 0.3851851851851852 0.07575757575757576 0.075
1 0.1351010101010101 0.44537037037037036 0.07323232323232323 0.05277777777777778
1 0.48737373737373735 0.48333333333333334 0.08080808080808081 0.05277777777777778
1 0.041666666666666664 0.49444444444444446 0.045454545454545456 0.05648148148148148
1 0.6994949494949495 0.14351851851851852 0.07575757575757576 0.05277777777777778
2 1.0164141414141414 0.25277777777777777 0.05303030303030303 0.06018518518518518
2 0.9987373737373737 0.15092592592592594 0.047979797979797977 0.0712962962962963
1 0.5505050505050505 0.5472222222222223 0.03535353535353535 0.09074074074074075
1 0.7070707070707071 1.2916666666666667 0.045454545454545456 0.05277777777777778
1 0.7525252525252525 1.299074074074074 0.03535353535353535 0.053703703703703705
3 0.8257575757575758 1.7564814814814815 0.03535353535353535 0.05277777777777778
1 1.0441919191919191 1.2462962962962962 0.04040404040404041 0.04537037037037037
1 1.1502525252525253 1.137037037037037 0.03787878787878788 0.04537037037037037
1 0.6641414141414141 1.1185185185185185 0.06818181818181818 0.05277777777777778
1 0.6085858585858586 1.2583333333333333 0.04292929292929293 0.04537037037037037
2 0.2032828282828283 1.0351851851851852 0.07575757575757576 0.05277777777777778
2 0.021464646464646464 1.0574074074074074 0.047979797979797977 0.08703703703703704
2 0.40025252525252525 0.9027777777777778 0.04040404040404041 0.06018518518518518
2 0.0 1.0240740740740741 0.04924242424242424 0.040740740740740744
2 0.6237373737373737 0.937037037037037 0.04040404040404041 0.06018518518518518
1 1.5126262626262625 1.1064814814814814 0.050505050505050504 0.049074074074074076
2 1.0669191919191918 0.11666666666666667 0.05303030303030303 0.05277777777777778
2 1.018939393939394 0.10555555555555556 0.045454545454545456 0.08703703703703704
1 0.648989898989899 1.276851851851852 0.027777777777777776 0.049074074074074076
1 0.8207070707070707 1.3185185185185184 0.027777777777777776 0.049074074074074076
1 0.7651515151515151 1.2731481481481481 0.027777777777777776 0.049074074074074076
2 1.1275252525252526 1.1296296296296295 0.06313131313131314 0.0712962962962963
1 0.7550505050505051 1.2731481481481481 0.03282828282828283 0.04537037037037037
2 0.4772727272727273 1.038888888888889 0.045454545454545456 0.06018518518518518
2 0.6212121212121212 1.1333333333333333 0.03535353535353535 0.05277777777777778
2 0.008838383838383838 1.1407407407407408 0.05808080808080808 0.04537037037037037
2 0.75 0.6722222222222223 0.0707070707070707 0.05277777777777778
