3 1.003787878787879 0.05277777777777778 0.05303030303030303 0.075
3 1.0542929292929293 0.05277777777777778 0.050505050505050504 0.05277777777777778
1 1.10479797979798 0.7555555555555555 0.03787878787878788 0.03333333333333333
3 1.0340909090909092 0.9287037037037037 0.07575757575757576 0.07592592592592592
1 0.054292929292929296 0.44166666666666665 0.07575757575757576 0.05277777777777778
1 0.46464646464646464 0.49444444444444446 0.08080808080808081 0.05277777777777778
1 0.041666666666666664 0.49444444444444446 0.045454545454545456 0.05648148148148148
1 0.601010101010101 0.649074074074074 0.07575757575757576 0.053703703703703705
2 1.0441919191919191 0.007407407407407408 0.05303030303030303 0.037037037037037035
2 0.8737373737373737 0.6648148148148149 0.036616161616161616 0.05277777777777778
1 0.553030303030303 0.5324074074074074 0.03535353535353535 0.09074074074074075
1 0.73989898989899 1.2694444444444444 0.045454545454545456 0.05277777777777778
1 0.7272727272727273 1.299074074074074 0.03282828282828283 0.053703703703703705
3 0.7651515151515151 1.7453703703703705 0.03282828282828283 0.06388888888888888
1 0.9179292929292929 1.3296296296296297 0.03535353535353535 0.049074074074074076
1 1.7651515151515151 1.0462962962962963 0.04292929292929293 0.04537037037037037
1 0.375 1.1222222222222222 0.06818181818181818 0.05277777777777778
1 0.6287878787878788 1.25 0.04292929292929293 0.04537037037037037
2 0.013888888888888888 1.0462962962962963 0.07575757575757576 0.05277777777777778
2 0.021464646464646464 1.0574074074074074 0.047979797979797977 0.08703703703703704
2 0.4696969696969697 0.9824074074074074 0.04040404040404041 0.06018518518518518
2 0.5883838383838383 0.9666666666666667 0.06565656565656566 0.041666666666666664
2 0.23863636363636365 0.9861111111111112 0.04040404040404041 0.06018518518518518
1 1.5782828282828283 1.099074074074074 0.050505050505050504 0.049074074074074076
2 1.0088383838383839 0.6453703703703704 0.05303030303030303 0.053703703703703705
2 0.9457070707070707 0.6453703703703704 0.045454545454545456 0.08703703703703704
1 0.8282828282828283 1.2583333333333333 0.027777777777777776 0.049074074074074076
1 0.803030303030303 1.3111111111111111 0.03535353535353535 0.04537037037037037
1 0.7575757575757576 1.2583333333333333 0.027777777777777776 0.049074074074074076
2 0.8484848484848485 1.200925925925926 0.06186868686868687 0.07222222222222222
1 1.0593434343434343 1.200925925925926 0.03282828282828283 0.04537037037037037
2 0.0012626262626262627 1.0953703703703703 0.045454545454545456 0.06018518518518518
2 0.008838383838383838 1.0574074074074074 0.03282828282828283 0.03796296296296296
2 0.008838383838383838 1.1407407407407408 0.05808080808080808 0.04537037037037037
2 0.6136363636363636 0.7481481481481481 0.0707070707070707 0.05277777777777778
