1 0.0 1.112037037037037 0.051991150442477874 0.03333333333333333
2 0.911504424778761 1.6796296296296296 0.061946902654867256 0.05555555555555555
2 0.28982300884955753 1.0777777777777777 0.07300884955752213 0.075
2 0.11172566371681415 0.9990740740740741 0.06526548672566372 0.06018518518518518
2 0.7831858407079646 0.003703703703703704 0.05309734513274336 0.06388888888888888
2 1.3097345132743363 1.0287037037037037 0.0420353982300885 0.05277777777777778
3 0.5630530973451328 0.600925925925926 0.10730088495575221 0.06388888888888888
3 1.1493362831858407 0.3490740740740741 0.0918141592920354 0.09722222222222222
2 0.8329646017699115 1.7314814814814814 0.035398230088495575 0.06388888888888888
2 0.9236725663716814 1.212962962962963 0.035398230088495575 0.06018518518518518
2 0.9712389380530974 1.0212962962962964 0.07300884955752213 0.05277777777777778
2 1.0165929203539823 0.8416666666666667 0.0420353982300885 0.06759259259259259
2 1.0033185840707965 0.6833333333333333 0.05752212389380531 0.05648148148148148
2 1.0188053097345133 0.5898148148148148 0.04535398230088496 0.05648148148148148
2 1.0564159292035398 0.19537037037037036 0.05752212389380531 0.05185185185185185
2 1.081858407079646 0.0 0.049778761061946904 0.05185185185185185
1 1.1438053097345133 0.12685185185185185 0.049778761061946904 0.07962962962962963
2 1.752212389380531 0.9574074074074074 0.04535398230088496 0.05648148148148148
2 0.8329646017699115 0.022222222222222223 0.05088495575221239 0.06018518518518518
2 0.7411504424778761 0.9018518518518519 0.06969026548672566 0.05555555555555555
2 0.43805309734513276 0.95 0.08517699115044247 0.05277777777777778
2 0.3926991150442478 1.0138888888888888 0.059734513274336286 0.05277777777777778
1 0.7632743362831859 1.225 0.04756637168141593 0.05185185185185185
1 0.625 0.562962962962963 0.05088495575221239 0.05277777777777778
2 0.2997787610619469 0.9462962962962963 0.07300884955752213 0.0712962962962963
1 0.7809734513274337 1.3527777777777779 0.049778761061946904 0.05185185185185185
1 0.0022123893805309734 1.0814814814814815 0.04756637168141593 0.03425925925925926
1 0.6183628318584071 0.912962962962963 0.04424778761061947 0.075
1 1.0707964601769913 0.40185185185185185 0.04092920353982301 0.06388888888888888
1 0.6360619469026548 0.02962962962962963 0.03650442477876106 0.06018518518518518
1 0.6305309734513275 0.02962962962962963 0.032079646017699116 0.05277777777777778
1 1.3816371681415929 1.0851851851851853 0.04314159292035398 0.06388888888888888
2 0.10176991150442478 1.0444444444444445 0.05088495575221239 0.05277777777777778
2 0.790929203539823 0.7657407407407407 0.0420353982300885 0.09074074074074075
1 1.7323008849557522 1.0814814814814815 0.033185840707964605 0.049074074074074076
2 0.7754424778761062 0.0 0.10508849557522124 0.06759259259259259
