2 0.7433628318584071 1.1527777777777777 0.051991150442477874 0.04537037037037037
1 0.5508849557522124 1.0888888888888888 0.0420353982300885 0.05277777777777778
1 0.08738938053097345 0.7472222222222222 0.04424778761061947 0.049074074074074076
1 0.22234513274336284 0.7055555555555556 0.04535398230088496 0.04537037037037037
1 0.014380530973451327 0.7583333333333333 0.03761061946902655 0.049074074074074076
2 0.8207964601769911 0.7814814814814814 0.05309734513274336 0.05185185185185185
2 1.040929203539823 0.5027777777777778 0.04535398230088496 0.06759259259259259
2 0.8882743362831859 1.400925925925926 0.035398230088495575 0.06018518518518518
2 0.6858407079646017 1.0666666666666667 0.03761061946902655 0.06759259259259259
2 0.4004424778761062 1.0212962962962964 0.04424778761061947 0.05277777777777778
2 1.6946902654867257 0.9953703703703703 0.049778761061946904 0.041666666666666664
1 0.7079646017699115 1.2472222222222222 0.03761061946902655 0.049074074074074076
2 1.7676991150442478 1.0064814814814815 0.032079646017699116 0.05277777777777778
2 0.7831858407079646 0.02962962962962963 0.04314159292035398 0.06018518518518518
2 0.0 0.9805555555555555 0.04424778761061947 0.037037037037037035
2 1.75 1.0064814814814815 0.04756637168141593 0.05277777777777778
1 0.870575221238938 1.5064814814814815 0.04092920353982301 0.05277777777777778
1 0.9236725663716814 1.7351851851851852 0.03982300884955752 0.05648148148148148
3 0.5575221238938053 0.5935185185185186 0.1084070796460177 0.06388888888888888
3 1.1537610619469028 0.3527777777777778 0.08075221238938053 0.075
1 1.779867256637168 1.0972222222222223 0.01991150442477876 0.05185185185185185
2 1.1261061946902655 0.0 0.03761061946902655 0.02962962962962963
1 1.0564159292035398 0.0 0.049778761061946904 0.044444444444444446
3 0.0 0.9842592592592593 0.00995575221238938 0.05277777777777778
2 1.3539823008849559 1.0888888888888888 0.03982300884955752 0.08333333333333333
3 0.8407079646017699 1.7916666666666667 0.035398230088495575 0.01574074074074074
3 1.0940265486725664 0.0 0.035398230088495575 0.040740740740740744
3 1.2035398230088497 1.0333333333333334 0.03761061946902655 0.06759259259259259
2 1.7853982300884956 1.0555555555555556 0.014380530973451327 0.05277777777777778
1 0.6803097345132744 0.8222222222222222 0.035398230088495575 0.06759259259259259
1 0.4004424778761062 0.7324074074074074 0.032079646017699116 0.05277777777777778
2 0.911504424778761 1.5138888888888888 0.032079646017699116 0.05277777777777778
1 0.33517699115044247 0.40555555555555556 0.029867256637168143 0.05277777777777778
2 1.6869469026548674 0.9805555555555555 0.04535398230088496 0.044444444444444446
2 0.014380530973451327 0.9990740740740741 0.04535398230088496 0.06388888888888888
3 1.7146017699115044 1.0064814814814815 0.03982300884955752 0.04537037037037037
3 1.7544247787610618 0.9694444444444444 0.03761061946902655 0.03333333333333333
1 0.6980088495575221 1.2694444444444444 0.03761061946902655 0.049074074074074076
1 0.8163716814159292 0.0 0.03650442477876106 0.05185185185185185
2 0.7732300884955752 0.0 0.035398230088495575 0.05555555555555555
2 0.8263274336283186 1.4351851851851851 0.04424778761061947 0.06759259259259259
