2 0.4271356783919598 0.8444444444444444 0.056532663316582916 0.08055555555555556
2 0.7889447236180904 1.3148148148148149 0.06532663316582915 0.07314814814814814
1 0.05025125628140704 0.47314814814814815 0.03768844221105527 0.040740740740740744
2 1.6947236180904524 0.7453703703703703 0.059045226130653265 0.04722222222222222
2 1.6683417085427135 0.8703703703703703 0.08542713567839195 0.07685185185185185
2 1.6972361809045227 0.9287037037037037 0.056532663316582916 0.05185185185185185
2 1.7261306532663316 0.950925925925926 0.03015075376884422 0.037037037037037035
1 0.40703517587939697 1.1972222222222222 0.02512562814070352 0.025
1 0.38316582914572866 1.1527777777777777 0.02135678391959799 0.03333333333333333
1 0.0 1.6194444444444445 0.028894472361809045 0.05462962962962963
1 0.0 0.04351851851851852 0.0364321608040201 0.05185185185185185
2 1.6871859296482412 0.925 0.06658291457286432 0.044444444444444446
2 1.6871859296482412 0.9324074074074075 0.06909547738693467 0.03333333333333333
2 1.6947236180904524 0.9138888888888889 0.06155778894472362 0.044444444444444446
1 0.9761306532663316 1.2481481481481482 0.04396984924623116 0.04814814814814815
1 1.0917085427135678 1.075925925925926 0.052763819095477386 0.05092592592592592
2 0.9422110552763819 0.0 0.048994974874371856 0.04722222222222222
2 0.9522613065326633 0.0 0.03391959798994975 0.028703703703703703
2 0.9786432160804021 0.0 0.059045226130653265 0.05462962962962963
1 0.0 0.013888888888888888 0.038944723618090454 0.037037037037037035
2 0.0 0.6092592592592593 0.07035175879396985 0.07314814814814814
2 0.07788944723618091 0.49537037037037035 0.07537688442211055 0.062037037037037036
1 0.4484924623115578 0.0 0.04396984924623116 0.025
2 0.5778894472361809 1.6814814814814816 0.07914572864321608 0.07407407407407407
1 1.1180904522613064 1.0648148148148149 0.0414572864321608 0.03981481481481482
1 0.37814070351758794 1.112037037037037 0.026381909547738693 0.044444444444444446
1 0.0 0.006481481481481481 0.038944723618090454 0.044444444444444446
2 0.9962311557788944 0.0 0.0728643216080402 0.05462962962962963
1 0.6268844221105527 1.7 0.048994974874371856 0.05925925925925926
2 0.9032663316582915 0.0 0.0728643216080402 0.05462962962962963
2 1.7047738693467336 0.887962962962963 0.048994974874371856 0.044444444444444446
2 0.592964824120603 1.7 0.059045226130653265 0.05925925925925926
1 1.7022613065326633 0.837037037037037 0.05402010050251256 0.08425925925925926
1 0.9937185929648241 0.0 0.048994974874371856 0.08796296296296297
2 0.001256281407035176 1.0796296296296297 0.07914572864321608 0.07685185185185185
2 0.001256281407035176 0.7601851851851852 0.06155778894472362 0.06574074074074074
1 1.6168341708542713 1.0018518518518518 0.028894472361809045 0.05555555555555555
2 1.6457286432160805 0.887962962962963 0.08040201005025126 0.05925925925925926
1 0.9233668341708543 0.6638888888888889 0.07788944723618091 0.06296296296296296
2 1.6947236180904524 0.8916666666666667 0.059045226130653265 0.05925925925925926
2 0.0 0.7638888888888888 0.05778894472361809 0.08055555555555556
1 0.7613065326633166 1.6703703703703703 0.04396984924623116 0.040740740740740744
1 0.9082914572864321 1.2481481481481482 0.04396984924623116 0.040740740740740744
2 0.0 0.7712962962962963 0.04396984924623116 0.06574074074074074
1 0.571608040201005 1.7074074074074075 0.04773869346733668 0.040740740740740744
1 0.4535175879396985 0.6314814814814815 0.06155778894472362 0.05092592592592592
1 0.5665829145728644 0.006481481481481481 0.05778894472361809 0.03333333333333333
2 0.21231155778894473 0.46574074074074073 0.04648241206030151 0.05555555555555555
1 0.0 0.43703703703703706 0.04396984924623116 0.058333333333333334
1 1.479899497487437 0.9944444444444445 0.038944723618090454 0.05185185185185185
1 0.5464824120603015 0.23796296296296296 0.03391959798994975 0.05925925925925926
2 0.6859296482412061 0.9879629629629629 0.0728643216080402 0.058333333333333334
2 0.5464824120603015 1.1268518518518518 0.038944723618090454 0.044444444444444446
2 0.6168341708542714 0.837037037037037 0.048994974874371856 0.06944444444444445
2 0.49246231155778897 0.9731481481481481 0.04648241206030151 0.05092592592592592
2 0.5753768844221105 0.9694444444444444 0.04396984924623116 0.062037037037037036
2 0.0364321608040201 0.899074074074074 0.04396984924623116 0.06666666666666667
2 0.0 0.8703703703703703 0.03391959798994975 0.05462962962962963
2 0.5339195979899497 0.44722222222222224 0.04648241206030151 0.08518518518518518
2 1.2525125628140703 0.7157407407407408 0.0728643216080402 0.07685185185185185
2 0.8467336683417085 0.9657407407407408 0.04648241206030151 0.05092592592592592
2 0.8253768844221105 1.0240740740740741 0.06281407035175879 0.05185185185185185
1 0.7248743718592965 0.22685185185185186 0.038944723618090454 0.040740740740740744
2 0.657035175879397 0.2564814814814815 0.05527638190954774 0.06296296296296296
2 0.5288944723618091 0.0 0.07160804020100503 0.05462962962962963
1 0.12688442211055276 1.0092592592592593 0.0414572864321608 0.044444444444444446
1 0.18467336683417085 0.9435185185185185 0.038944723618090454 0.044444444444444446
1 0.28266331658291455 0.9731481481481481 0.0414572864321608 0.03981481481481482
1 1.7185929648241205 0.9175925925925926 0.035175879396984924 0.06666666666666667
2 0.6268844221105527 0.002777777777777778 0.056532663316582916 0.07407407407407407
