1 1.3668341708542713 0.24351851851851852 0.031407035175879394 0.044444444444444446
2 1.085427135678392 0.0 0.05025125628140704 0.03611111111111111
2 0.008793969849246231 0.8648148148148148 0.032663316582914576 0.03981481481481482
1 0.678391959798995 1.7185185185185186 0.04648241206030151 0.05185185185185185
2 1.734924623115578 0.9416666666666667 0.032663316582914576 0.04814814814814815
2 0.7173366834170855 1.737037037037037 0.031407035175879394 0.03333333333333333
2 1.0690954773869348 0.0 0.03391959798994975 0.03981481481481482
1 0.7587939698492462 1.2342592592592592 0.03015075376884422 0.06666666666666667
2 0.8128140703517588 1.7148148148148148 0.06155778894472362 0.044444444444444446
1 0.542713567839196 1.1046296296296296 0.0364321608040201 0.06666666666666667
2 0.0 0.8759259259259259 0.026381909547738693 0.07685185185185185
2 0.0 0.9305555555555556 0.0364321608040201 0.05925925925925926
2 0.0 0.8759259259259259 0.028894472361809045 0.08425925925925926
1 0.9824120603015075 0.002777777777777778 0.03015075376884422 0.04814814814814815
1 0.2135678391959799 0.9453703703703704 0.05150753768844221 0.044444444444444446
2 0.6834170854271356 0.9194444444444444 0.031407035175879394 0.06666666666666667
2 0.4547738693467337 0.8537037037037037 0.03391959798994975 0.05092592592592592
2 0.9208542713567839 0.6722222222222223 0.04020100502512563 0.04814814814814815
2 0.8253768844221105 0.8240740740740741 0.03015075376884422 0.040740740740740744
2 0.9660804020100503 0.8277777777777777 0.028894472361809045 0.07314814814814814
2 1.0389447236180904 0.975 0.04522613065326633 0.044444444444444446
2 1.565326633165829 0.8796296296296297 0.0364321608040201 0.062037037037037036
3 0.5301507537688442 0.6203703703703703 0.05150753768844221 0.05185185185185185
1 0.6067839195979899 0.6055555555555555 0.031407035175879394 0.08888888888888889
2 0.6896984924623115 1.4296296296296296 0.04773869346733668 0.05925925925925926
2 0.9158291457286433 0.5796296296296296 0.04522613065326633 0.05185185185185185
2 0.8994974874371859 0.5314814814814814 0.05402010050251256 0.037037037037037035
2 0.8027638190954773 1.2675925925925926 0.04773869346733668 0.06574074074074074
2 0.30904522613065327 0.9157407407407407 0.03015075376884422 0.05185185185185185
2 1.0050251256281406 0.18425925925925926 0.038944723618090454 0.04814814814814815
2 1.079145728643216 0.04351851851851852 0.038944723618090454 0.07037037037037037
2 1.0100502512562815 1.0527777777777778 0.048994974874371856 0.05925925925925926
2 0.10804020100502512 0.8425925925925926 0.048994974874371856 0.06574074074074074
2 0.03391959798994975 0.6055555555555555 0.03391959798994975 0.06666666666666667
2 0.31909547738693467 0.8314814814814815 0.05150753768844221 0.06574074074074074
1 0.5201005025125628 0.7611111111111111 0.032663316582914576 0.07777777777777778
1 0.5276381909547738 0.7722222222222223 0.03015075376884422 0.08888888888888889
1 0.5276381909547738 0.7981481481481482 0.032663316582914576 0.05185185185185185
2 0.3555276381909548 0.65 0.04020100502512563 0.05555555555555555
2 0.5741206030150754 0.7685185185185185 0.04020100502512563 0.07777777777777778
2 0.6243718592964824 0.6722222222222223 0.04396984924623116 0.044444444444444446
2 0.6683417085427136 0.575925925925926 0.0414572864321608 0.05925925925925926
2 0.699748743718593 0.5018518518518519 0.04396984924623116 0.05555555555555555
2 1.3366834170854272 0.9601851851851851 0.048994974874371856 0.07407407407407407
1 0.7713567839195979 0.16944444444444445 0.04648241206030151 0.07777777777777778
2 0.7663316582914573 1.7037037037037037 0.0414572864321608 0.05925925925925926
1 1.0 1.0305555555555554 0.05150753768844221 0.05555555555555555
1 1.0540201005025125 1.0231481481481481 0.03015075376884422 0.05925925925925926
1 0.842964824120603 1.537037037037037 0.028894472361809045 0.06666666666666667
1 0.9849246231155779 0.7648148148148148 0.059045226130653265 0.040740740740740744
1 1.0050251256281406 0.7425925925925926 0.048994974874371856 0.03333333333333333
2 1.7110552763819096 0.8722222222222222 0.048994974874371856 0.08055555555555556
3 0.7349246231155779 1.4259259259259258 0.0414572864321608 0.05555555555555555
2 1.4133165829145728 0.975 0.05402010050251256 0.08518518518518518
1 1.5389447236180904 1.0157407407407408 0.038944723618090454 0.05925925925925926
2 1.729899497487437 0.8972222222222223 0.035175879396984924 0.04814814814814815
2 0.7613065326633166 1.4407407407407407 0.03768844221105527 0.07037037037037037
1 0.0 0.9638888888888889 0.03391959798994975 0.05555555555555555
1 0.2399497487437186 0.9861111111111112 0.035175879396984924 0.044444444444444446
1 0.08542713567839195 0.9712962962962963 0.048994974874371856 0.05555555555555555
1 0.33668341708542715 1.0157407407407408 0.028894472361809045 0.08148148148148149
2 0.0 0.8277777777777777 0.06030150753768844 0.09166666666666666
2 0.9698492462311558 0.8425925925925926 0.06155778894472362 0.09907407407407408
1 0.8567839195979899 1.1305555555555555 0.04271356783919598 0.05555555555555555
2 0.7613065326633166 0.7981481481481482 0.05150753768844221 0.11018518518518519
1 1.3831658291457287 1.0231481481481481 0.059045226130653265 0.044444444444444446
1 1.5477386934673367 1.0046296296296295 0.04271356783919598 0.08518518518518518
1 0.5150753768844221 0.8537037037037037 0.08165829145728644 0.09537037037037037
2 0.7713567839195979 1.7259259259259259 0.0364321608040201 0.044444444444444446
2 0.9535175879396985 0.9972222222222222 0.048994974874371856 0.07777777777777778
3 0.835427135678392 1.1824074074074074 0.04648241206030151 0.07777777777777778
2 1.7273869346733668 0.8574074074074074 0.03768844221105527 0.07685185185185185
1 1.0414572864321607 0.48703703703703705 0.04396984924623116 0.08888888888888889
1 0.25 0.9787037037037037 0.035175879396984924 0.08148148148148149
1 0.7839195979899497 1.3962962962962964 0.026381909547738693 0.04814814814814815
1 0.8153266331658291 1.5851851851851853 0.05402010050251256 0.07037037037037037
1 0.8103015075376885 1.4074074074074074 0.04271356783919598 0.06296296296296296
1 0.8253768844221105 1.488888888888889 0.031407035175879394 0.05555555555555555
1 0.6532663316582915 1.3046296296296296 0.0414572864321608 0.08425925925925926
3 0.6381909547738693 1.1046296296296296 0.07412060301507538 0.09259259259259259
1 0.0 0.6277777777777778 0.02135678391959799 0.07037037037037037
1 0.001256281407035176 0.3138888888888889 0.035175879396984924 0.044444444444444446
2 0.678391959798995 0.09907407407407408 0.0678391959798995 0.06666666666666667
1 0.0 0.27685185185185185 0.016331658291457288 0.06296296296296296
1 1.0816582914572865 0.7240740740740741 0.05150753768844221 0.025925925925925925
1 1.5778894472361809 0.29907407407407405 0.05402010050251256 0.05185185185185185
1 1.6118090452261307 0.33611111111111114 0.05402010050251256 0.06296296296296296
1 0.9698492462311558 0.4981481481481482 0.06407035175879397 0.07407407407407407
3 0.42462311557788945 0.4759259259259259 0.09547738693467336 0.05555555555555555
3 0.42462311557788945 0.5277777777777778 0.09798994974874371 0.05925925925925926
3 0.8228643216080402 0.17685185185185184 0.09547738693467336 0.13703703703703704
