3 1.0012626262626263 0.12037037037037036 0.050505050505050504 0.07592592592592592
3 1.0517676767676767 0.12777777777777777 0.050505050505050504 0.05277777777777778
1 1.0946969696969697 0.7138888888888889 0.04040404040404041 0.09814814814814815
3 0.9835858585858586 0.7287037037037037 0.07575757575757576 0.07592592592592592
1 0.0 0.44537037037037036 0.06944444444444445 0.05277777777777778
1 0.4722222222222222 0.49074074074074076 0.08080808080808081 0.05277777777777778
1 0.041666666666666664 0.49444444444444446 0.045454545454545456 0.05648148148148148
1 0.6792929292929293 0.4759259259259259 0.07575757575757576 0.05277777777777778
2 1.0340909090909092 0.08611111111111111 0.05303030303030303 0.041666666666666664
2 0.9065656565656566 0.4111111111111111 0.039141414141414144 0.05277777777777778
1 0.5505050505050505 0.5435185185185185 0.03535353535353535 0.09074074074074075
1 0.6944444444444444 1.2953703703703703 0.04292929292929293 0.053703703703703705
1 0.7045454545454546 1.299074074074074 0.03282828282828283 0.053703703703703705
3 0.7651515151515151 1.7453703703703705 0.03282828282828283 0.06388888888888888
1 0.9936868686868687 1.287962962962963 0.03282828282828283 0.041666666666666664
1 1.5883838383838385 1.076851851851852 0.020202020202020204 0.04537037037037037
1 0.4772727272727273 1.1222222222222222 0.06818181818181818 0.05277777777777778
1 0.6287878787878788 1.2277777777777779 0.04292929292929293 0.04537037037037037
2 0.013888888888888888 1.0462962962962963 0.07575757575757576 0.05277777777777778
2 0.021464646464646464 1.0574074074074074 0.047979797979797977 0.08703703703703704
2 0.11237373737373738 1.0083333333333333 0.04040404040404041 0.06018518518518518
2 0.24368686868686867 1.000925925925926 0.06565656565656566 0.041666666666666664
2 0.021464646464646464 0.9972222222222222 0.03787878787878788 0.06018518518518518
1 1.5782828282828283 1.099074074074074 0.050505050505050504 0.049074074074074076
2 1.0164141414141414 0.4638888888888889 0.05303030303030303 0.053703703703703705
2 0.9659090909090909 0.4722222222222222 0.045454545454545456 0.08703703703703704
1 0.7525252525252525 1.2657407407407408 0.027777777777777776 0.049074074074074076
1 0.7348484848484849 1.3074074074074074 0.03535353535353535 0.04537037037037037
1 0.6893939393939394 1.287962962962963 0.027777777777777776 0.049074074074074076
2 0.9406565656565656 1.1935185185185184 0.06313131313131314 0.07222222222222222
1 0.9583333333333334 1.2462962962962962 0.03282828282828283 0.04537037037037037
2 0.021464646464646464 1.0916666666666666 0.045454545454545456 0.06018518518518518
2 0.026515151515151516 1.05 0.03787878787878788 0.05277777777777778
2 0.008838383838383838 1.1407407407407408 0.05808080808080808 0.04537037037037037
2 0.6262626262626263 0.7398148148148148 0.0707070707070707 0.053703703703703705
