3 0.5630530973451328 0.5518518518518518 0.09734513274336283 0.06759259259259259
2 0.0 0.9953703703703703 0.04424778761061947 0.0824074074074074
2 0.8584070796460177 1.7351851851851852 0.05309734513274336 0.06388888888888888
2 1.7754424778761062 1.0518518518518518 0.024336283185840708 0.06388888888888888
2 1.7699115044247788 1.0333333333333334 0.029867256637168143 0.040740740740740744
1 1.5376106194690264 0.17962962962962964 0.034292035398230086 0.04537037037037037
2 1.4823008849557522 1.0444444444444445 0.03982300884955752 0.06018518518518518
1 1.4690265486725664 1.1305555555555555 0.030973451327433628 0.041666666666666664
1 0.8108407079646017 1.5175925925925926 0.02765486725663717 0.041666666666666664
1 0.8030973451327433 1.4916666666666667 0.025442477876106196 0.040740740740740744
2 0.0 1.025 0.029867256637168143 0.05277777777777778
1 0.8053097345132744 0.20277777777777778 0.033185840707964605 0.044444444444444446
1 1.363938053097345 0.11203703703703703 0.04092920353982301 0.05277777777777778
1 0.7411504424778761 1.2166666666666666 0.03761061946902655 0.04537037037037037
1 1.551991150442478 1.1453703703703704 0.029867256637168143 0.03796296296296296
3 1.1692477876106195 0.3490740740740741 0.09292035398230089 0.09351851851851851
2 1.1084070796460177 0.0 0.05088495575221239 0.05925925925925926
2 1.7676991150442478 1.0407407407407407 0.032079646017699116 0.06388888888888888
1 0.8285398230088495 1.4759259259259259 0.032079646017699116 0.041666666666666664
1 0.28207964601769914 0.4166666666666667 0.02765486725663717 0.04537037037037037
2 0.40486725663716816 0.7509259259259259 0.035398230088495575 0.05277777777777778
2 0.6758849557522124 1.1194444444444445 0.03982300884955752 0.05648148148148148
2 0.7887168141592921 1.1342592592592593 0.05420353982300885 0.049074074074074076
2 1.1891592920353982 0.9916666666666667 0.032079646017699116 0.049074074074074076
2 1.1460176991150441 0.9731481481481481 0.033185840707964605 0.04814814814814815
2 1.0707964601769913 1.1722222222222223 0.04092920353982301 0.06388888888888888
2 1.0033185840707965 1.1611111111111112 0.033185840707964605 0.040740740740740744
2 1.2865044247787611 1.0851851851851853 0.04756637168141593 0.06759259259259259
2 1.7699115044247788 1.0555555555555556 0.029867256637168143 0.049074074074074076
2 0.8130530973451328 0.40925925925925927 0.04314159292035398 0.049074074074074076
2 0.8462389380530974 0.26296296296296295 0.034292035398230086 0.040740740740740744
1 1.1216814159292035 0.29259259259259257 0.034292035398230086 0.06018518518518518
1 1.5 1.1231481481481482 0.02654867256637168 0.03796296296296296
1 1.595132743362832 1.1194444444444445 0.034292035398230086 0.049074074074074076
3 1.5044247787610618 0.9648148148148148 0.1006637168141593 0.07222222222222222
2 0.6006637168141593 1.1305555555555555 0.03982300884955752 0.06759259259259259
2 0.8838495575221239 1.7055555555555555 0.04756637168141593 0.06388888888888888
1 1.1991150442477876 0.9055555555555556 0.032079646017699116 0.040740740740740744
2 0.2643805309734513 1.1009259259259259 0.05088495575221239 0.05185185185185185
2 1.081858407079646 0.1425925925925926 0.049778761061946904 0.06759259259259259
3 0.0 1.0629629629629629 0.10730088495575221 0.09351851851851851
1 1.3816371681415929 0.13518518518518519 0.02765486725663717 0.044444444444444446
2 1.551991150442478 1.025 0.06747787610619468 0.08703703703703704
2 0.7953539823008849 0.003703703703703704 0.033185840707964605 0.04814814814814815
2 1.7345132743362832 0.9462962962962963 0.05752212389380531 0.06388888888888888
1 0.6758849557522124 1.2546296296296295 0.04535398230088496 0.04537037037037037
3 0.5608407079646017 0.612037037037037 0.12721238938053098 0.06388888888888888
2 0.5 1.0972222222222223 0.04314159292035398 0.06388888888888888
1 1.4524336283185841 1.137962962962963 0.022123893805309734 0.03425925925925926
2 0.6780973451327433 0.7546296296296297 0.059734513274336286 0.0712962962962963
2 1.7300884955752212 1.0407407407407407 0.03761061946902655 0.06018518518518518
2 0.0 1.0333333333333334 0.032079646017699116 0.06759259259259259
