2 0.7022613065326633 1.3555555555555556 0.059045226130653265 0.08148148148148149
1 1.5414572864321607 1.0157407407407408 0.04396984924623116 0.06666666666666667
2 0.1708542713567839 0.9268518518518518 0.06658291457286432 0.04814814814814815
1 1.4032663316582914 0.7388888888888889 0.04648241206030151 0.04814814814814815
2 0.5452261306532663 0.812962962962963 0.038944723618090454 0.07037037037037037
1 0.35050251256281406 1.1009259259259259 0.04271356783919598 0.05185185185185185
2 0.6733668341708543 0.4212962962962963 0.05150753768844221 0.07685185185185185
2 0.6922110552763819 0.3472222222222222 0.04773869346733668 0.05185185185185185
2 0.7123115577889447 0.19166666666666668 0.038944723618090454 0.06296296296296296
2 0.7198492462311558 0.0 0.04396984924623116 0.04722222222222222
2 0.992462311557789 0.8055555555555556 0.06909547738693467 0.05555555555555555
1 0.8329145728643216 1.4444444444444444 0.05402010050251256 0.05555555555555555
2 0.6457286432160804 0.6722222222222223 0.04648241206030151 0.08518518518518518
1 1.1984924623115578 0.8018518518518518 0.06155778894472362 0.05185185185185185
1 0.7198492462311558 0.5611111111111111 0.04396984924623116 0.040740740740740744
1 0.8153266331658291 1.2675925925925926 0.035175879396984924 0.05185185185185185
1 0.9183417085427136 1.1824074074074074 0.03768844221105527 0.06296296296296296
3 0.8253768844221105 0.16203703703703703 0.08165829145728644 0.14814814814814814
3 0.4271356783919598 0.48703703703703705 0.09798994974874371 0.040740740740740744
3 0.4321608040201005 0.5388888888888889 0.09296482412060302 0.040740740740740744
2 1.064070351758794 1.1787037037037038 0.03391959798994975 0.07037037037037037
1 0.6871859296482412 1.7074074074074075 0.04773869346733668 0.05185185185185185
1 0.7889447236180904 1.7148148148148148 0.0364321608040201 0.05185185185185185
1 0.0 0.8574074074074074 0.05778894472361809 0.04351851851851852
1 0.33668341708542715 1.0453703703703703 0.0829145728643216 0.05185185185185185
1 0.3806532663316583 0.937962962962963 0.03391959798994975 0.05185185185185185
1 0.6896984924623115 0.28425925925925927 0.05025125628140704 0.05185185185185185
2 1.0690954773869348 1.1824074074074074 0.05150753768844221 0.07407407407407407
2 1.7474874371859297 0.9564814814814815 0.017587939698492462 0.06666666666666667
1 0.8304020100502513 1.625925925925926 0.0414572864321608 0.05925925925925926
1 0.8278894472361809 1.6444444444444444 0.05150753768844221 0.05185185185185185
2 0.9585427135678392 0.3287037037037037 0.06658291457286432 0.07037037037037037
1 1.0414572864321607 1.2268518518518519 0.05150753768844221 0.06296296296296296
1 0.6168341708542714 1.1675925925925925 0.038944723618090454 0.06296296296296296
3 0.6306532663316583 1.1861111111111111 0.059045226130653265 0.07407407407407407
1 0.5276381909547738 1.1342592592592593 0.04396984924623116 0.05185185185185185
1 0.5012562814070352 1.0935185185185186 0.06407035175879397 0.07407407407407407
2 1.7399497487437185 0.9490740740740741 0.02512562814070352 0.06666666666666667
2 0.001256281407035176 0.9972222222222222 0.03015075376884422 0.05555555555555555
3 0.6532663316582915 1.4222222222222223 0.06407035175879397 0.09259259259259259
2 0.3731155778894472 0.8462962962962963 0.07412060301507538 0.08055555555555556
1 1.0389447236180904 1.075 0.04522613065326633 0.07037037037037037
