2 1.0685840707964602 0.0 0.04535398230088496 0.03333333333333333
2 1.0542035398230087 0.0 0.03761061946902655 0.044444444444444446
2 1.0741150442477876 0.0 0.032079646017699116 0.03333333333333333
2 1.1261061946902655 0.0 0.03761061946902655 0.040740740740740744
2 0.8307522123893806 1.762037037037037 0.03982300884955752 0.03333333333333333
2 0.1570796460176991 0.7620370370370371 0.04314159292035398 0.041666666666666664
2 0.5630530973451328 0.7324074074074074 0.04756637168141593 0.049074074074074076
2 0.0 0.9842592592592593 0.029867256637168143 0.044444444444444446
2 1.086283185840708 0.10092592592592593 0.04314159292035398 0.0712962962962963
1 0.47013274336283184 0.7851851851851852 0.033185840707964605 0.04814814814814815
2 1.7699115044247788 1.0138888888888888 0.029867256637168143 0.04537037037037037
2 1.7676991150442478 1.0592592592592593 0.032079646017699116 0.03796296296296296
2 1.7699115044247788 1.0555555555555556 0.029867256637168143 0.04537037037037037
2 1.7577433628318584 1.0444444444444445 0.0420353982300885 0.044444444444444446
2 1.7676991150442478 1.0175925925925926 0.032079646017699116 0.049074074074074076
1 0.6305309734513275 1.1870370370370371 0.03982300884955752 0.049074074074074076
1 0.9435840707964602 1.1564814814814814 0.03761061946902655 0.03425925925925926
1 0.3805309734513274 0.9277777777777778 0.03982300884955752 0.037037037037037035
1 0.8263274336283186 1.762037037037037 0.029867256637168143 0.03333333333333333
1 1.404867256637168 1.0972222222222223 0.03761061946902655 0.05185185185185185
2 0.8285398230088495 1.7546296296296295 0.032079646017699116 0.040740740740740744
2 1.7676991150442478 1.048148148148148 0.029867256637168143 0.06018518518518518
1 1.133849557522124 1.1685185185185185 0.03982300884955752 0.06018518518518518
1 0.7732300884955752 1.412037037037037 0.035398230088495575 0.06388888888888888
2 0.8108407079646017 0.39444444444444443 0.02765486725663717 0.06388888888888888
2 1.0365044247787611 0.4462962962962963 0.049778761061946904 0.07222222222222222
2 0.8982300884955752 1.1009259259259259 0.04756637168141593 0.04814814814814815
2 0.9734513274336283 1.2092592592592593 0.03761061946902655 0.09074074074074075
2 0.0 1.037037037037037 0.049778761061946904 0.044444444444444446
2 0.0 0.9879629629629629 0.034292035398230086 0.05277777777777778
2 0.3573008849557522 1.0212962962962964 0.05309734513274336 0.04537037037037037
2 0.790929203539823 0.9462962962962963 0.035398230088495575 0.06388888888888888
2 0.5331858407079646 1.010185185185185 0.05530973451327434 0.0712962962962963
2 0.7710176991150443 1.0814814814814815 0.04756637168141593 0.05277777777777778
1 0.5807522123893806 1.1083333333333334 0.03761061946902655 0.04814814814814815
1 0.668141592920354 1.0925925925925926 0.035398230088495575 0.04537037037037037
1 0.6526548672566371 1.1046296296296296 0.02765486725663717 0.04814814814814815
1 0.665929203539823 1.1305555555555555 0.03982300884955752 0.049074074074074076
2 0.8882743362831859 1.3935185185185186 0.04535398230088496 0.08611111111111111
1 0.5829646017699115 1.0740740740740742 0.032079646017699116 0.04537037037037037
1 0.8407079646017699 0.19907407407407407 0.035398230088495575 0.06018518518518518
1 0.8561946902654868 0.14629629629629629 0.04756637168141593 0.05648148148148148
1 0.9280973451327433 0.6685185185185185 0.04092920353982301 0.05277777777777778
1 0.7732300884955752 1.262037037037037 0.04314159292035398 0.06018518518518518
3 0.5530973451327433 0.5898148148148148 0.11504424778761062 0.0712962962962963
3 1.1559734513274336 0.3527777777777778 0.08849557522123894 0.0824074074074074
1 0.4325221238938053 0.9351851851851852 0.049778761061946904 0.04537037037037037
2 0.0022123893805309734 1.0518518518518518 0.049778761061946904 0.05277777777777778
2 0.9657079646017699 1.0925925925925926 0.05530973451327434 0.06388888888888888
2 1.1039823008849559 1.0851851851851853 0.05530973451327434 0.05277777777777778
1 0.8639380530973452 0.26296296296296295 0.02654867256637168 0.044444444444444446
2 0.7986725663716814 0.25092592592592594 0.02765486725663717 0.049074074074074076
1 0.7157079646017699 1.1648148148148147 0.035398230088495575 0.04814814814814815
1 0.6150442477876106 1.0740740740740742 0.035398230088495575 0.06018518518518518
1 0.7411504424778761 1.1268518518518518 0.034292035398230086 0.041666666666666664
1 0.6880530973451328 1.1564814814814814 0.03761061946902655 0.03796296296296296
1 0.7157079646017699 1.1342592592592593 0.032079646017699116 0.049074074074074076
1 0.8263274336283186 1.2842592592592592 0.034292035398230086 0.04537037037037037
1 0.41814159292035397 0.7472222222222222 0.04424778761061947 0.049074074074074076
1 0.6504424778761062 1.1157407407407407 0.03761061946902655 0.06018518518518518
2 0.7577433628318584 0.044444444444444446 0.035398230088495575 0.06018518518518518
2 0.7654867256637168 0.007407407407407408 0.04314159292035398 0.075
2 0.0 1.0592592592592593 0.02654867256637168 0.041666666666666664
