3 0.5508849557522124 0.5898148148148148 0.1172566371681416 0.06388888888888888
1 0.5608407079646017 0.7212962962962963 0.051991150442477874 0.04814814814814815
2 0.0 0.9388888888888889 0.032079646017699116 0.05277777777777778
1 0.4524336283185841 0.39814814814814814 0.04314159292035398 0.0712962962962963
2 0.7378318584070797 0.6194444444444445 0.05309734513274336 0.049074074074074076
2 0.9756637168141593 1.1305555555555555 0.05309734513274336 0.06759259259259259
2 1.4391592920353982 1.0064814814814815 0.06084070796460177 0.06388888888888888
2 0.8008849557522124 1.4648148148148148 0.049778761061946904 0.06759259259259259
1 0.668141592920354 0.33796296296296297 0.03982300884955752 0.06759259259259259
1 0.6758849557522124 0.8935185185185185 0.03761061946902655 0.0712962962962963
2 0.6050884955752213 0.9277777777777778 0.06305309734513274 0.0824074074074074
2 1.0962389380530972 0.0 0.05309734513274336 0.044444444444444446
2 1.1183628318584071 0.0 0.05530973451327434 0.03333333333333333
2 1.1017699115044248 0.0 0.0420353982300885 0.03333333333333333
2 1.1438053097345133 0.0 0.03982300884955752 0.05185185185185185
2 1.1084070796460177 0.0 0.04314159292035398 0.02962962962962963
2 1.0962389380530972 0.0 0.035398230088495575 0.03333333333333333
1 1.0365044247787611 0.12685185185185185 0.034292035398230086 0.05277777777777778
1 0.7809734513274337 0.037037037037037035 0.02765486725663717 0.06388888888888888
1 0.8207964601769911 0.3453703703703704 0.025442477876106196 0.05277777777777778
1 0.7953539823008849 0.3527777777777778 0.023230088495575223 0.06018518518518518
2 0.9988938053097345 0.7212962962962963 0.06526548672566372 0.0824074074074074
1 1.2168141592920354 0.4462962962962963 0.03982300884955752 0.06388888888888888
3 0.7477876106194691 0.7472222222222222 0.09070796460176991 0.10185185185185185
1 0.9889380530973452 1.0333333333333334 0.034292035398230086 0.05185185185185185
2 1.7599557522123894 1.0212962962962964 0.032079646017699116 0.05277777777777778
2 1.779867256637168 1.0212962962962964 0.017699115044247787 0.05277777777777778
2 1.782079646017699 1.037037037037037 0.015486725663716814 0.04814814814814815
2 1.7721238938053097 1.0592592592592593 0.025442477876106196 0.03796296296296296
2 0.7311946902654868 0.9351851851851852 0.04424778761061947 0.05277777777777778
1 0.9933628318584071 1.2583333333333333 0.035398230088495575 0.06018518518518518
1 1.4092920353982301 0.9166666666666666 0.04535398230088496 0.05277777777777778
2 1.1891592920353982 1.0740740740740742 0.04535398230088496 0.06759259259259259
2 1.7676991150442478 1.0592592592592593 0.032079646017699116 0.049074074074074076
1 0.9059734513274337 1.5518518518518518 0.035398230088495575 0.06018518518518518
1 0.49557522123893805 0.7694444444444445 0.034292035398230086 0.04537037037037037
1 0.3827433628318584 0.7814814814814814 0.035398230088495575 0.037037037037037035
2 1.7721238938053097 1.0333333333333334 0.02765486725663717 0.044444444444444446
1 0.5807522123893806 1.0027777777777778 0.061946902654867256 0.05277777777777778
2 0.870575221238938 1.750925925925926 0.035398230088495575 0.044444444444444446
1 0.20464601769911506 0.4351851851851852 0.04314159292035398 0.06759259259259259
1 0.051991150442477874 1.0972222222222223 0.04535398230088496 0.05925925925925926
2 0.4303097345132743 0.7324074074074074 0.06526548672566372 0.06388888888888888
1 1.0741150442477876 0.12314814814814815 0.034292035398230086 0.04537037037037037
1 1.0586283185840708 0.11944444444444445 0.033185840707964605 0.04537037037037037
3 1.1515486725663717 0.35648148148148145 0.08517699115044247 0.0787037037037037
2 1.0464601769911503 1.0175925925925926 0.032079646017699116 0.06759259259259259
2 0.0 1.0175925925925926 0.07190265486725664 0.075
1 0.6504424778761062 0.8972222222222223 0.04314159292035398 0.05277777777777778
2 0.8860619469026548 1.750925925925926 0.03982300884955752 0.044444444444444446
1 0.8805309734513275 1.4462962962962962 0.03761061946902655 0.06759259259259259
1 1.2134955752212389 0.8787037037037037 0.035398230088495575 0.04537037037037037
1 1.1935840707964602 0.8787037037037037 0.030973451327433628 0.05277777777777778
2 0.28761061946902655 1.010185185185185 0.035398230088495575 0.06018518518518518
2 0.8683628318584071 1.7351851851851852 0.033185840707964605 0.05277777777777778
2 0.40486725663716816 1.0212962962962964 0.04535398230088496 0.06388888888888888
2 0.9413716814159292 1.2166666666666666 0.04424778761061947 0.05648148148148148
1 0.0 0.7018518518518518 0.02654867256637168 0.05648148148148148
