2 0.6155778894472361 0.0 0.05527638190954774 0.07685185185185185
2 0.6809045226130653 1.662962962962963 0.06658291457286432 0.07407407407407407
1 0.00628140703517588 0.48055555555555557 0.03768844221105527 0.040740740740740744
2 0.9886934673366834 1.0092592592592593 0.0829145728643216 0.06666666666666667
2 1.484924623115578 0.8740740740740741 0.09296482412060302 0.07685185185185185
2 1.2600502512562815 0.9398148148148148 0.06532663316582915 0.05185185185185185
2 1.0766331658291457 1.0240740740740741 0.04648241206030151 0.037037037037037035
1 0.40703517587939697 1.1972222222222222 0.02512562814070352 0.025
1 0.37814070351758794 1.175 0.02386934673366834 0.022222222222222223
1 0.0942211055276382 0.8 0.038944723618090454 0.04814814814814815
1 0.0 0.04351851851851852 0.0364321608040201 0.05185185185185185
2 0.6959798994974874 1.0611111111111111 0.07035175879396985 0.04351851851851852
2 1.6532663316582914 0.9287037037037037 0.0678391959798995 0.03333333333333333
2 0.9836683417085427 0.9361111111111111 0.08040201005025126 0.08055555555555556
1 1.0226130653266332 1.3037037037037038 0.04648241206030151 0.04722222222222222
1 0.9271356783919598 1.2046296296296297 0.05402010050251256 0.05092592592592592
2 0.9422110552763819 0.0 0.048994974874371856 0.04722222222222222
2 0.9623115577889447 0.002777777777777778 0.03391959798994975 0.04814814814814815
2 0.949748743718593 0.34814814814814815 0.059045226130653265 0.08148148148148149
1 0.792713567839196 0.23055555555555557 0.048994974874371856 0.05925925925925926
2 0.47613065326633164 0.44722222222222224 0.07788944723618091 0.07407407407407407
2 0.1972361809045226 0.44351851851851853 0.07537688442211055 0.06296296296296296
1 0.43467336683417085 0.2898148148148148 0.038944723618090454 0.040740740740740744
2 0.5515075376884422 0.30092592592592593 0.07788944723618091 0.08425925925925926
1 0.571608040201005 1.2046296296296297 0.0414572864321608 0.03981481481481482
1 0.38316582914572866 1.137962962962963 0.028894472361809045 0.02962962962962963
1 0.08542713567839195 0.0 0.04773869346733668 0.032407407407407406
2 0.5489949748743719 1.0648148148148149 0.0728643216080402 0.06944444444444445
1 0.7123115577889447 1.1305555555555555 0.048994974874371856 0.07777777777777778
2 0.4535175879396985 0.9546296296296296 0.07412060301507538 0.06574074074074074
2 0.38316582914572866 0.9064814814814814 0.05778894472361809 0.04814814814814815
2 0.013819095477386936 0.9101851851851852 0.06155778894472362 0.040740740740740744
1 0.7123115577889447 1.4027777777777777 0.06909547738693467 0.08425925925925926
1 0.7864321608040201 1.2185185185185186 0.052763819095477386 0.08888888888888889
2 1.479899497487437 0.7777777777777778 0.07788944723618091 0.07777777777777778
2 1.6896984924623115 0.7851851851851852 0.06155778894472362 0.07407407407407407
1 1.6168341708542713 1.0018518518518518 0.028894472361809045 0.05555555555555555
2 0.013819095477386936 0.8296296296296296 0.10050251256281408 0.10648148148148148
1 0.026381909547738693 0.8629629629629629 0.09296482412060302 0.06574074074074074
2 0.6658291457286433 1.6777777777777778 0.07160804020100503 0.05925925925925926
2 0.6319095477386935 0.0 0.06155778894472362 0.07685185185185185
1 0.7763819095477387 1.7148148148148148 0.04396984924623116 0.040740740740740744
1 1.1105527638190955 1.1268518518518518 0.032663316582914576 0.1361111111111111
2 0.6193467336683417 0.013888888888888888 0.04648241206030151 0.05925925925925926
1 0.6469849246231156 1.7185185185185186 0.048994974874371856 0.040740740740740744
1 0.6130653266331658 0.006481481481481481 0.06030150753768844 0.05185185185185185
1 0.5364321608040201 0.0 0.0829145728643216 0.032407407407407406
2 0.0 0.46574074074074073 0.04396984924623116 0.05555555555555555
1 0.0 0.43703703703703706 0.04396984924623116 0.058333333333333334
1 1.5314070351758795 0.9805555555555555 0.038944723618090454 0.062037037037037036
1 0.5640703517587939 0.010185185185185186 0.03391959798994975 0.05925925925925926
2 0.07035175879396985 0.8555555555555555 0.0728643216080402 0.058333333333333334
2 0.001256281407035176 0.9027777777777778 0.04020100502512563 0.044444444444444446
2 1.7047738693467336 0.7962962962962963 0.04648241206030151 0.07037037037037037
2 0.0 0.899074074074074 0.02135678391959799 0.037037037037037035
2 0.02135678391959799 0.8407407407407408 0.038944723618090454 0.062037037037037036
2 0.0364321608040201 0.899074074074074 0.04396984924623116 0.06666666666666667
2 0.0 0.8703703703703703 0.03391959798994975 0.05462962962962963
2 0.4271356783919598 0.021296296296296296 0.04648241206030151 0.08518518518518518
2 1.6721105527638191 0.7777777777777778 0.07412060301507538 0.07777777777777778
2 0.013819095477386936 0.8629629629629629 0.048994974874371856 0.04722222222222222
2 0.0 0.9324074074074075 0.04522613065326633 0.10648148148148148
1 1.364321608040201 0.525 0.04271356783919598 0.032407407407407406
2 0.6080402010050251 0.002777777777777778 0.05527638190954774 0.06296296296296296
2 0.5288944723618091 0.0 0.07160804020100503 0.05462962962962963
1 0.15326633165829145 1.1231481481481482 0.04396984924623116 0.03333333333333333
1 0.4020100502512563 1.087037037037037 0.03015075376884422 0.032407407407407406
1 0.4120603015075377 1.1898148148148149 0.04396984924623116 0.03981481481481482
1 0.7638190954773869 1.3287037037037037 0.059045226130653265 0.07407407407407407
2 0.6268844221105527 0.002777777777777778 0.056532663316582916 0.07407407407407407
