3 0.9962121212121212 0.36944444444444446 0.03282828282828283 0.03425925925925926
3 1.0315656565656566 0.36944444444444446 0.05555555555555555 0.06111111111111111
1 1.0138888888888888 0.6759259259259259 0.017676767676767676 0.09444444444444444
3 0.6641414141414141 1.1333333333333333 0.07575757575757576 0.06018518518518518
1 0.3068181818181818 0.4601851851851852 0.07575757575757576 0.049074074074074076
1 0.4457070707070707 0.48703703703703705 0.07954545454545454 0.049074074074074076
1 0.041666666666666664 0.49444444444444446 0.045454545454545456 0.05648148148148148
1 0.0845959595959596 0.7935185185185185 0.07828282828282829 0.04537037037037037
2 0.8762626262626263 0.7361111111111112 0.056818181818181816 0.06481481481481481
2 0.928030303030303 1.0805555555555555 0.07323232323232323 0.09074074074074075
1 0.5429292929292929 0.5092592592592593 0.04040404040404041 0.04537037037037037
1 0.7904040404040404 1.299074074074074 0.047979797979797977 0.05740740740740741
1 0.851010101010101 1.2953703703703703 0.03535353535353535 0.049074074074074076
3 0.9482323232323232 1.7685185185185186 0.03787878787878788 0.040740740740740744
1 0.8914141414141414 1.525925925925926 0.03409090909090909 0.049074074074074076
1 0.9078282828282829 1.175 0.050505050505050504 0.04537037037037037
1 0.1148989898989899 1.1444444444444444 0.06818181818181818 0.05277777777777778
1 0.6186868686868687 1.2694444444444444 0.04292929292929293 0.04537037037037037
2 0.013888888888888888 1.0462962962962963 0.07575757575757576 0.05277777777777778
2 0.021464646464646464 1.0574074074074074 0.047979797979797977 0.08703703703703704
2 0.75 0.5546296296296296 0.04040404040404041 0.06111111111111111
2 0.9305555555555556 0.33240740740740743 0.06565656565656566 0.041666666666666664
2 1.1755050505050506 0.9481481481481482 0.04040404040404041 0.06018518518518518
1 1.5782828282828283 1.099074074074074 0.050505050505050504 0.049074074074074076
2 1.0946969696969697 1.05 0.05303030303030303 0.05277777777777778
2 1.0366161616161615 1.0046296296296295 0.045454545454545456 0.08703703703703704
1 1.0088383838383839 1.2462962962962962 0.05303030303030303 0.030555555555555555
1 0.9734848484848485 1.2916666666666667 0.022727272727272728 0.05277777777777778
1 0.9330808080808081 1.2657407407407408 0.027777777777777776 0.049074074074074076
2 0.5681818181818182 1.1222222222222222 0.06313131313131314 0.0712962962962963
1 1.0997474747474747 1.1898148148148149 0.03282828282828283 0.04537037037037037
2 0.0012626262626262627 1.0953703703703703 0.045454545454545456 0.06018518518518518
2 0.04419191919191919 1.0805555555555555 0.017676767676767676 0.003703703703703704
2 0.008838383838383838 1.1407407407407408 0.05808080808080808 0.04537037037037037
2 0.5808080808080808 0.7703703703703704 0.0707070707070707 0.05277777777777778
