2 1.32035175879397 0.9324074074074075 0.06155778894472362 0.09537037037037037
2 0.5954773869346733 1.5277777777777777 0.07035175879396985 0.08055555555555556
1 0.6005025125628141 1.6777777777777778 0.06281407035175879 0.08148148148148149
2 0.41959798994974873 0.7268518518518519 0.08542713567839195 0.09166666666666666
2 0.0 0.8148148148148148 0.052763819095477386 0.06666666666666667
2 0.00628140703517588 0.7527777777777778 0.07160804020100503 0.06574074074074074
2 0.9346733668341709 0.2638888888888889 0.06155778894472362 0.08055555555555556
2 1.0012562814070352 0.2824074074074074 0.07537688442211055 0.062037037037037036
2 0.9685929648241206 0.19814814814814816 0.06658291457286432 0.06944444444444445
2 1.0841708542713568 0.9981481481481481 0.05150753768844221 0.05185185185185185
1 0.7537688442211056 1.461111111111111 0.048994974874371856 0.07407407407407407
1 0.8178391959798995 1.612037037037037 0.05402010050251256 0.05462962962962963
1 0.7914572864321608 1.6555555555555554 0.06532663316582915 0.05555555555555555
1 0.7663316582914573 1.711111111111111 0.038944723618090454 0.044444444444444446
1 0.4221105527638191 1.2083333333333333 0.04396984924623116 0.05462962962962963
1 1.0452261306532664 1.2851851851851852 0.0364321608040201 0.05462962962962963
1 0.10678391959798995 1.05 0.05402010050251256 0.06944444444444445
2 0.6080402010050251 0.0 0.07035175879396985 0.05462962962962963
2 1.0087939698492463 0.0 0.06281407035175879 0.06574074074074074
2 0.6268844221105527 0.017592592592592594 0.07160804020100503 0.05925925925925926
2 0.9296482412060302 0.8185185185185185 0.056532663316582916 0.07314814814814814
2 0.8881909547738693 0.9805555555555555 0.06658291457286432 0.07685185185185185
2 0.7123115577889447 1.4722222222222223 0.04396984924623116 0.05555555555555555
2 0.7713567839195979 1.3990740740740741 0.05150753768844221 0.058333333333333334
2 1.6608040201005025 0.7777777777777778 0.048994974874371856 0.08888888888888889
1 0.38316582914572866 1.1787037037037038 0.056532663316582916 0.03981481481481482
2 0.0037688442211055275 0.8666666666666667 0.06658291457286432 0.11018518518518519
2 0.9886934673366834 0.8814814814814815 0.04648241206030151 0.062037037037037036
1 1.0326633165829147 0.5574074074074075 0.0414572864321608 0.06296296296296296
2 0.5615577889447236 0.9546296296296296 0.0728643216080402 0.08055555555555556
1 0.07537688442211055 1.038888888888889 0.04648241206030151 0.05925925925925926
2 1.0690954773869348 0.774074074074074 0.06658291457286432 0.08518518518518518
2 1.67964824120603 0.7564814814814815 0.06909547738693467 0.09166666666666666
1 1.056532663316583 1.137962962962963 0.05150753768844221 0.04814814814814815
2 0.800251256281407 1.0462962962962963 0.04648241206030151 0.058333333333333334
2 1.699748743718593 0.774074074074074 0.056532663316582916 0.07407407407407407
2 0.7035175879396985 1.0944444444444446 0.05025125628140704 0.05462962962962963
2 0.7324120603015075 1.3287037037037037 0.06281407035175879 0.06666666666666667
2 0.8077889447236181 1.1564814814814814 0.04396984924623116 0.062037037037037036
2 0.8592964824120602 1.1861111111111111 0.05150753768844221 0.05462962962962963
2 0.964824120603015 0.0 0.05527638190954774 0.05462962962962963
1 0.38567839195979897 1.1527777777777777 0.05527638190954774 0.062037037037037036
2 0.16834170854271358 0.3925925925925926 0.0678391959798995 0.09537037037037037
1 0.49246231155778897 0.013888888888888888 0.05150753768844221 0.05555555555555555
1 0.5665829145728644 0.013888888888888888 0.05527638190954774 0.04814814814814815
6 1.5238693467336684 0.8555555555555555 0.1658291457286432 0.1175925925925926
3 1.6771356783919598 0.9138888888888889 0.07914572864321608 0.08425925925925926
2 0.8442211055276382 0.4842592592592593 0.056532663316582916 0.10277777777777777
2 0.9271356783919598 0.08055555555555556 0.07412060301507538 0.08796296296296297
2 0.22613065326633167 0.7083333333333334 0.06155778894472362 0.11388888888888889
2 0.6030150753768844 1.674074074074074 0.0728643216080402 0.08518518518518518
2 0.5640703517587939 1.662962962962963 0.07537688442211055 0.0962962962962963
2 0.1407035175879397 0.6055555555555555 0.06909547738693467 0.058333333333333334
2 0.08919597989949749 0.7851851851851852 0.03768844221105527 0.08148148148148149
2 0.9082914572864321 0.19814814814814816 0.06030150753768844 0.07314814814814814
1 1.5603015075376885 1.0351851851851852 0.06155778894472362 0.07314814814814814
1 0.6030150753768844 1.2925925925925925 0.056532663316582916 0.06944444444444445
1 0.3957286432160804 1.1824074074074074 0.05025125628140704 0.07314814814814814
2 1.464824120603015 0.8814814814814815 0.07788944723618091 0.10277777777777777
2 0.10175879396984924 0.7490740740740741 0.06909547738693467 0.08425925925925926
2 0.24623115577889448 0.7925925925925926 0.056532663316582916 0.07037037037037037
2 0.6633165829145728 0.7231481481481481 0.04396984924623116 0.062037037037037036
2 0.8052763819095478 0.6972222222222222 0.06658291457286432 0.07407407407407407
2 0.9371859296482412 0.6898148148148148 0.05402010050251256 0.11018518518518519
2 0.9886934673366834 0.0 0.07035175879396985 0.05092592592592592
2 1.3115577889447236 0.9842592592592593 0.06281407035175879 0.08425925925925926
1 0.6984924623115578 1.674074074074074 0.04648241206030151 0.06666666666666667
2 1.5552763819095476 0.9175925925925926 0.0728643216080402 0.06296296296296296
1 1.0175879396984924 1.112037037037037 0.048994974874371856 0.05185185185185185
1 0.6809045226130653 1.7037037037037037 0.048994974874371856 0.05555555555555555
1 0.04773869346733668 0.5398148148148149 0.059045226130653265 0.09537037037037037
