3 0.9962121212121212 0.2074074074074074 0.050505050505050504 0.06759259259259259
3 1.0467171717171717 0.21481481481481482 0.05555555555555555 0.05648148148148148
1 1.1325757575757576 0.7027777777777777 0.04040404040404041 0.09814814814814815
3 0.9835858585858586 0.4981481481481482 0.07575757575757576 0.07592592592592592
1 0.07954545454545454 0.44537037037037036 0.07323232323232323 0.05277777777777778
1 0.4823232323232323 0.48703703703703705 0.08080808080808081 0.05277777777777778
1 0.041666666666666664 0.49444444444444446 0.045454545454545456 0.05648148148148148
1 0.7196969696969697 0.2601851851851852 0.07575757575757576 0.05277777777777778
2 1.0214646464646464 0.1962962962962963 0.05303030303030303 0.05277777777777778
2 0.9962121212121212 0.0787037037037037 0.050505050505050504 0.07592592592592592
1 0.5505050505050505 0.5509259259259259 0.03535353535353535 0.09074074074074075
1 0.702020202020202 1.2916666666666667 0.045454545454545456 0.05277777777777778
1 0.7348484848484849 1.299074074074074 0.03535353535353535 0.053703703703703705
3 0.7954545454545454 1.749074074074074 0.03535353535353535 0.06018518518518518
1 1.0593434343434343 1.2351851851851852 0.03282828282828283 0.049074074074074076
1 1.2992424242424243 1.1185185185185185 0.03282828282828283 0.04537037037037037
1 0.6060606060606061 1.1185185185185185 0.06818181818181818 0.05277777777777778
1 0.5984848484848485 1.238888888888889 0.04292929292929293 0.04537037037037037
2 0.013888888888888888 1.0462962962962963 0.07575757575757576 0.05277777777777778
2 0.021464646464646464 1.0574074074074074 0.047979797979797977 0.08703703703703704
2 0.22095959595959597 0.9518518518518518 0.04040404040404041 0.06018518518518518
2 0.0 1.0240740740740741 0.04924242424242424 0.040740740740740744
2 0.42045454545454547 0.9555555555555556 0.039141414141414144 0.06018518518518518
1 1.5782828282828283 1.099074074074074 0.050505050505050504 0.049074074074074076
2 1.0568181818181819 0.23796296296296296 0.05303030303030303 0.05277777777777778
2 1.029040404040404 0.2111111111111111 0.045454545454545456 0.08703703703703704
1 0.6565656565656566 1.2694444444444444 0.027777777777777776 0.049074074074074076
1 0.7676767676767676 1.3185185185185184 0.03282828282828283 0.04537037037037037
1 0.7146464646464646 1.2842592592592592 0.027777777777777776 0.049074074074074076
2 1.0669191919191918 1.151851851851852 0.06313131313131314 0.07222222222222222
1 0.8232323232323232 1.2657407407407408 0.03282828282828283 0.04537037037037037
2 0.31691919191919193 1.0648148148148149 0.045454545454545456 0.06111111111111111
2 0.4356060606060606 1.076851851851852 0.03409090909090909 0.05277777777777778
2 0.008838383838383838 1.1407407407407408 0.05808080808080808 0.04537037037037037
2 0.6464646464646465 0.7287037037037037 0.0707070707070707 0.05277777777777778
