3 1.0012626262626263 0.10925925925925926 0.05303030303030303 0.0712962962962963
3 1.0517676767676767 0.11296296296296296 0.050505050505050504 0.05277777777777778
1 1.0921717171717171 0.7138888888888889 0.04040404040404041 0.09814814814814815
3 0.9886363636363636 0.7814814814814814 0.07575757575757576 0.07592592592592592
1 0.0 0.44537037037037036 0.06944444444444445 0.05277777777777778
1 0.4722222222222222 0.49074074074074076 0.08080808080808081 0.05277777777777778
1 0.041666666666666664 0.49444444444444446 0.045454545454545456 0.05648148148148148
1 0.6742424242424242 0.5138888888888888 0.07575757575757576 0.05277777777777778
2 1.0366161616161615 0.06388888888888888 0.05303030303030303 0.041666666666666664
2 0.8863636363636364 0.4759259259259259 0.039141414141414144 0.05277777777777778
1 0.5505050505050505 0.5435185185185185 0.03535353535353535 0.09074074074074075
1 0.6944444444444444 1.2953703703703703 0.04292929292929293 0.053703703703703705
1 0.6994949494949495 1.299074074074074 0.03282828282828283 0.053703703703703705
3 0.7651515151515151 1.7453703703703705 0.03282828282828283 0.06388888888888888
1 0.9810606060606061 1.299074074074074 0.03282828282828283 0.041666666666666664
1 1.6388888888888888 1.0685185185185184 0.017676767676767676 0.04537037037037037
1 0.4532828282828283 1.1222222222222222 0.06691919191919192 0.05277777777777778
1 0.6287878787878788 1.224074074074074 0.04292929292929293 0.04537037037037037
2 0.013888888888888888 1.0462962962962963 0.07575757575757576 0.05277777777777778
2 0.021464646464646464 1.0574074074074074 0.047979797979797977 0.08703703703703704
2 0.19570707070707072 1.0083333333333333 0.04040404040404041 0.06018518518518518
2 0.3194444444444444 1.000925925925926 0.06565656565656566 0.041666666666666664
2 0.0 1.000925925925926 0.036616161616161616 0.06018518518518518
1 1.5782828282828283 1.099074074074074 0.050505050505050504 0.049074074074074076
2 1.0088383838383839 0.5018518518518519 0.05303030303030303 0.05277777777777778
2 0.9608585858585859 0.5055555555555555 0.045454545454545456 0.08703703703703704
1 0.7702020202020202 1.262037037037037 0.027777777777777776 0.049074074074074076
1 0.75 1.3074074074074074 0.03535353535353535 0.04537037037037037
1 0.7070707070707071 1.2842592592592592 0.027777777777777776 0.049074074074074076
2 0.9204545454545454 1.1972222222222222 0.06313131313131314 0.07222222222222222
1 0.9810606060606061 1.2351851851851852 0.03282828282828283 0.04537037037037037
2 0.0012626262626262627 1.0953703703703703 0.045454545454545456 0.06018518518518518
2 0.0 1.05 0.036616161616161616 0.049074074074074076
2 0.008838383838383838 1.1407407407407408 0.05808080808080808 0.04537037037037037
2 0.6237373737373737 0.7398148148148148 0.0707070707070707 0.053703703703703705
