2 0.6268844221105527 0.03981481481481482 0.056532663316582916 0.07314814814814814
2 0.6243718592964824 0.006481481481481481 0.05150753768844221 0.07407407407407407
2 0.5540201005025126 0.013888888888888888 0.06532663316582915 0.07777777777777778
2 0.031407035175879394 0.8842592592592593 0.048994974874371856 0.037037037037037035
2 0.0 0.8916666666666667 0.052763819095477386 0.037037037037037035
2 0.018844221105527637 0.9101851851851852 0.05402010050251256 0.05185185185185185
2 0.6444723618090452 0.013888888888888888 0.056532663316582916 0.05925925925925926
2 1.6683417085427135 0.7416666666666667 0.0728643216080402 0.09166666666666666
2 1.5037688442211055 1.549074074074074 0.056532663316582916 0.05555555555555555
2 0.018844221105527637 0.8407407407407408 0.03391959798994975 0.05092592592592592
2 0.008793969849246231 0.4546296296296296 0.07160804020100503 0.07037037037037037
2 0.23115577889447236 0.7888888888888889 0.05402010050251256 0.06666666666666667
2 0.7713567839195979 0.09907407407407408 0.048994974874371856 0.06574074074074074
2 0.5904522613065326 0.17222222222222222 0.048994974874371856 0.058333333333333334
2 0.9623115577889447 0.0 0.052763819095477386 0.04351851851851852
2 1.0477386934673367 0.0 0.03391959798994975 0.05462962962962963
2 1.0037688442211055 0.0 0.04396984924623116 0.032407407407407406
2 0.9937185929648241 0.2601851851851852 0.0678391959798995 0.06296296296296296
2 0.7613065326633166 0.675 0.04396984924623116 0.06296296296296296
2 0.5489949748743719 0.025 0.04396984924623116 0.04814814814814815
2 1.0037688442211055 0.09907407407407408 0.048994974874371856 0.058333333333333334
2 0.9962311557788944 0.5981481481481481 0.04396984924623116 0.05925925925925926
2 1.7261306532663316 0.9064814814814814 0.02763819095477387 0.05925925925925926
2 1.6092964824120604 0.8777777777777778 0.056532663316582916 0.032407407407407406
2 1.6746231155778895 0.8666666666666667 0.04020100502512563 0.04351851851851852
1 0.3907035175879397 0.0 0.06030150753768844 0.03981481481481482
1 0.17336683417085427 1.1083333333333334 0.0414572864321608 0.04814814814814815
2 0.20477386934673367 0.9064814814814814 0.05150753768844221 0.06296296296296296
1 0.6193467336683417 1.7222222222222223 0.032663316582914576 0.037037037037037035
1 0.6595477386934674 1.4287037037037038 0.031407035175879394 0.058333333333333334
1 0.6030150753768844 1.1824074074074074 0.04648241206030151 0.04722222222222222
1 0.6520100502512562 1.2148148148148148 0.026381909547738693 0.044444444444444446
1 0.585427135678392 1.4462962962962962 0.04396984924623116 0.05185185185185185
2 1.3115577889447236 0.8842592592592593 0.07035175879396985 0.06296296296296296
2 0.18467336683417085 0.48055555555555557 0.056532663316582916 0.044444444444444446
2 0.7273869346733668 1.4833333333333334 0.038944723618090454 0.062037037037037036
2 0.6884422110552764 1.3546296296296296 0.07035175879396985 0.05925925925925926
2 0.7738693467336684 1.3805555555555555 0.04648241206030151 0.058333333333333334
2 0.7474874371859297 1.2444444444444445 0.07788944723618091 0.06666666666666667
2 0.792713567839196 1.1712962962962963 0.09296482412060302 0.06574074074074074
2 0.8768844221105527 1.0611111111111111 0.0942211055276382 0.05462962962962963
2 0.8391959798994975 0.962037037037037 0.05402010050251256 0.10648148148148148
2 0.885678391959799 0.9027777777777778 0.04648241206030151 0.044444444444444446
2 0.9597989949748744 0.9472222222222222 0.05150753768844221 0.05092592592592592
2 0.9183417085427136 0.8481481481481481 0.048994974874371856 0.05462962962962963
2 0.957286432160804 0.8148148148148148 0.06281407035175879 0.06296296296296296
2 1.6896984924623115 0.8296296296296296 0.06407035175879397 0.06944444444444445
2 0.08542713567839195 0.7490740740740741 0.052763819095477386 0.04351851851851852
1 0.7613065326633166 1.6342592592592593 0.0414572864321608 0.03981481481481482
2 1.2889447236180904 0.962037037037037 0.0414572864321608 0.06944444444444445
1 1.1155778894472361 0.9981481481481481 0.038944723618090454 0.05185185185185185
1 0.585427135678392 1.6342592592592593 0.056532663316582916 0.058333333333333334
1 0.6959798994974874 1.6925925925925926 0.02386934673366834 0.04814814814814815
1 0.6595477386934674 1.711111111111111 0.05527638190954774 0.040740740740740744
1 1.0690954773869348 1.2666666666666666 0.04396984924623116 0.05185185185185185
1 0.9861809045226131 1.1935185185185184 0.02512562814070352 0.05462962962962963
2 1.2575376884422111 0.950925925925926 0.06532663316582915 0.058333333333333334
2 1.6193467336683418 0.9101851851851852 0.0829145728643216 0.05185185185185185
1 1.7160804020100502 0.9842592592592593 0.03768844221105527 0.05462962962962963
1 0.7814070351758794 1.6666666666666667 0.038944723618090454 0.044444444444444446
2 1.6331658291457287 0.7490740740740741 0.059045226130653265 0.06574074074074074
1 0.7864321608040201 1.7296296296296296 0.02386934673366834 0.025925925925925925
1 0.835427135678392 1.7185185185185186 0.0364321608040201 0.037037037037037035
2 0.9082914572864321 0.23796296296296296 0.048994974874371856 0.07037037037037037
2 0.5615577889447236 0.025 0.09296482412060302 0.06296296296296296
1 0.40703517587939697 1.1712962962962963 0.04396984924623116 0.037037037037037035
2 0.018844221105527637 0.8916666666666667 0.048994974874371856 0.05185185185185185
2 0.013819095477386936 0.8740740740740741 0.05150753768844221 0.04351851851851852
2 1.2135678391959799 0.8555555555555555 0.06155778894472362 0.06944444444444445
2 0.7663316582914573 1.662962962962963 0.04648241206030151 0.05555555555555555
2 0.03391959798994975 0.8222222222222222 0.038944723618090454 0.037037037037037035
2 0.7123115577889447 1.6925925925925926 0.0414572864321608 0.04814814814814815
2 0.6809045226130653 1.674074074074074 0.07035175879396985 0.05555555555555555
1 0.0 0.49537037037037035 0.04773869346733668 0.07685185185185185
1 0.0037688442211055275 0.021296296296296296 0.04396984924623116 0.05925925925925926
1 0.19974874371859297 0.9768518518518519 0.03391959798994975 0.04722222222222222
2 0.7449748743718593 1.662962962962963 0.05025125628140704 0.06666666666666667
2 0.7374371859296482 1.6453703703703704 0.05778894472361809 0.07685185185185185
1 1.0690954773869348 1.1268518518518518 0.04396984924623116 0.03333333333333333
2 0.6369346733668342 1.6925925925925926 0.06155778894472362 0.06296296296296296
2 0.714824120603015 1.6777777777777778 0.059045226130653265 0.05925925925925926
2 0.7097989949748744 1.6851851851851851 0.07914572864321608 0.06296296296296296
1 0.4371859296482412 1.1972222222222222 0.028894472361809045 0.03981481481481482
1 0.16080402010050251 1.1083333333333334 0.02135678391959799 0.040740740740740744
2 0.038944723618090454 0.887962962962963 0.04648241206030151 0.025925925925925925
2 1.670854271356784 0.7305555555555555 0.0728643216080402 0.062037037037037036
2 0.11180904522613065 0.47314814814814815 0.06155778894472362 0.06296296296296296
2 0.028894472361809045 0.8666666666666667 0.04396984924623116 0.04351851851851852
2 0.026381909547738693 0.887962962962963 0.03391959798994975 0.037037037037037035
2 0.011306532663316583 0.8777777777777778 0.0364321608040201 0.05092592592592592
2 1.2525125628140703 0.962037037037037 0.06407035175879397 0.05092592592592592
2 1.7072864321608041 0.7777777777777778 0.04648241206030151 0.06296296296296296
1 0.4685929648241206 1.1675925925925925 0.0364321608040201 0.04722222222222222
2 0.5615577889447236 0.021296296296296296 0.08542713567839195 0.07037037037037037
1 0.3492462311557789 0.7231481481481481 0.04396984924623116 0.044444444444444446
1 0.885678391959799 1.2148148148148148 0.032663316582914576 0.04814814814814815
1 0.657035175879397 1.5527777777777778 0.04396984924623116 0.06296296296296296
1 0.8077889447236181 1.487037037037037 0.05150753768844221 0.03333333333333333
