3 0.9987373737373737 0.18055555555555555 0.050505050505050504 0.06851851851851852
3 1.0492424242424243 0.18425925925925926 0.05303030303030303 0.05740740740740741
1 1.1325757575757576 0.7027777777777777 0.04040404040404041 0.09814814814814815
3 0.9684343434343434 0.5740740740740741 0.07575757575757576 0.075
1 0.04671717171717172 0.44537037037037036 0.0707070707070707 0.05277777777777778
1 0.4797979797979798 0.48703703703703705 0.08080808080808081 0.05277777777777778
1 0.041666666666666664 0.49444444444444446 0.045454545454545456 0.05648148148148148
1 0.7196969696969697 0.3509259259259259 0.07575757575757576 0.05277777777777778
2 1.0265151515151516 0.15833333333333333 0.05303030303030303 0.05277777777777778
2 0.9734848484848485 0.1925925925925926 0.05303030303030303 0.06388888888888888
1 0.5505050505050505 0.5509259259259259 0.03535353535353535 0.09074074074074075
1 0.6994949494949495 1.2953703703703703 0.045454545454545456 0.053703703703703705
1 0.7247474747474747 1.299074074074074 0.03535353535353535 0.053703703703703705
3 0.7752525252525253 1.7453703703703705 0.03535353535353535 0.06388888888888888
1 1.0416666666666667 1.2462962962962962 0.03282828282828283 0.049074074074074076
1 1.3914141414141414 1.1027777777777779 0.027777777777777776 0.04537037037037037
1 0.5707070707070707 1.1222222222222222 0.06818181818181818 0.05277777777777778
1 0.6136363636363636 1.2425925925925927 0.04292929292929293 0.04537037037037037
2 0.013888888888888888 1.0462962962962963 0.07575757575757576 0.05277777777777778
2 0.021464646464646464 1.0574074074074074 0.047979797979797977 0.08703703703703704
2 0.10732323232323232 0.9824074074074074 0.04040404040404041 0.06018518518518518
2 0.0012626262626262627 1.0194444444444444 0.050505050505050504 0.041666666666666664
2 0.2916666666666667 0.9703703703703703 0.03787878787878788 0.06111111111111111
1 1.5782828282828283 1.099074074074074 0.050505050505050504 0.049074074074074076
2 1.0467171717171717 0.31666666666666665 0.05303030303030303 0.05277777777777778
2 1.0113636363636365 0.29444444444444445 0.045454545454545456 0.08703703703703704
1 0.6843434343434344 1.2657407407407408 0.027777777777777776 0.049074074074074076
1 0.7348484848484849 1.3185185185185184 0.03282828282828283 0.04537037037037037
1 0.6843434343434344 1.2916666666666667 0.027777777777777776 0.049074074074074076
2 1.018939393939394 1.1675925925925925 0.06313131313131314 0.0712962962962963
1 0.8636363636363636 1.2537037037037038 0.03282828282828283 0.04537037037037037
2 0.2335858585858586 1.0916666666666666 0.045454545454545456 0.06018518518518518
2 0.28914141414141414 1.0574074074074074 0.03535353535353535 0.05277777777777778
2 0.008838383838383838 1.1407407407407408 0.05808080808080808 0.04537037037037037
2 0.6363636363636364 0.7324074074074074 0.0707070707070707 0.05277777777777778
