1 1.3871681415929205 0.33425925925925926 0.04424778761061947 0.06759259259259259
2 1.7444690265486726 1.025 0.05530973451327434 0.06759259259259259
2 0.21017699115044247 0.9805555555555555 0.03982300884955752 0.0824074074074074
2 0.9081858407079646 1.7314814814814814 0.04314159292035398 0.06388888888888888
2 0.07743362831858407 1.0972222222222223 0.03761061946902655 0.044444444444444446
2 1.7599557522123894 0.9879629629629629 0.03761061946902655 0.06388888888888888
2 0.8008849557522124 0.8416666666666667 0.05530973451327434 0.06018518518518518
2 0.0 1.0925925925925926 0.032079646017699116 0.05648148148148148
2 1.7699115044247788 1.0064814814814815 0.02765486725663717 0.06759259259259259
1 0.0 1.1611111111111112 0.0420353982300885 0.04814814814814815
2 1.720132743362832 0.9611111111111111 0.05530973451327434 0.05277777777777778
3 0.5530973451327433 0.5555555555555556 0.09734513274336283 0.06018518518518518
3 1.1692477876106195 0.3638888888888889 0.07743362831858407 0.06388888888888888
2 0.0 1.0851851851851853 0.03650442477876106 0.07962962962962963
2 0.0 0.9611111111111111 0.03982300884955752 0.06759259259259259
3 0.5608407079646017 0.6157407407407407 0.1172566371681416 0.06018518518518518
2 0.0 1.0777777777777777 0.03650442477876106 0.049074074074074076
1 0.34513274336283184 0.8787037037037037 0.03761061946902655 0.05648148148148148
1 1.5243362831858407 0.15 0.04535398230088496 0.05277777777777778
2 0.7953539823008849 0.018518518518518517 0.04756637168141593 0.06388888888888888
2 1.086283185840708 0.075 0.04535398230088496 0.06759259259259259
1 0.7654867256637168 0.24351851851851852 0.04535398230088496 0.06759259259259259
1 0.7831858407079646 0.9916666666666667 0.03982300884955752 0.05648148148148148
2 0.7378318584070797 1.0666666666666667 0.05752212389380531 0.075
1 1.7654867256637168 1.0407407407407407 0.034292035398230086 0.04814814814814815
1 1.7654867256637168 1.0888888888888888 0.034292035398230086 0.05277777777777778
2 0.0 0.9916666666666667 0.029867256637168143 0.06759259259259259
2 0.8263274336283186 1.025 0.04424778761061947 0.04537037037037037
2 0.793141592920354 1.1527777777777777 0.04535398230088496 0.03796296296296296
2 1.0884955752212389 0.0 0.035398230088495575 0.08611111111111111
1 1.7699115044247788 1.0629629629629629 0.02765486725663717 0.041666666666666664
1 1.700221238938053 1.0666666666666667 0.04756637168141593 0.0824074074074074
1 0.625 0.03333333333333333 0.04314159292035398 0.06388888888888888
2 0.10176991150442478 1.0518518518518518 0.035398230088495575 0.05648148148148148
2 0.9137168141592921 1.7277777777777779 0.04535398230088496 0.06759259259259259
2 0.9336283185840708 1.7314814814814814 0.032079646017699116 0.06388888888888888
2 0.372787610619469 1.1231481481481482 0.02765486725663717 0.05277777777777778
2 0.7101769911504425 0.8861111111111111 0.04535398230088496 0.06759259259259259
2 0.915929203539823 1.7472222222222222 0.04314159292035398 0.05185185185185185
2 0.497787610619469 1.0703703703703704 0.04535398230088496 0.05277777777777778
2 0.790929203539823 0.0 0.03982300884955752 0.0787037037037037
2 0.8130530973451328 0.0 0.05530973451327434 0.037037037037037035
2 1.0586283185840708 0.9425925925925925 0.04535398230088496 0.06759259259259259
2 1.0542035398230087 0.7962962962962963 0.04424778761061947 0.05277777777777778
