1 0.7713567839195979 1.1712962962962963 0.04648241206030151 0.044444444444444446
3 1.0439698492462313 0.0 0.06909547738693467 0.032407407407407406
2 1.0590452261306533 0.0 0.038944723618090454 0.04351851851851852
2 1.064070351758794 0.0 0.04396984924623116 0.04351851851851852
1 0.0 0.5907407407407408 0.03391959798994975 0.05185185185185185
2 0.699748743718593 1.4185185185185185 0.04648241206030151 0.08888888888888889
1 1.729899497487437 0.8277777777777777 0.035175879396984924 0.05555555555555555
2 0.9384422110552764 0.6759259259259259 0.05150753768844221 0.07037037037037037
1 1.079145728643216 0.7351851851851852 0.026381909547738693 0.037037037037037035
2 0.0 0.8240740740740741 0.031407035175879394 0.05925925925925926
1 1.085427135678392 0.7092592592592593 0.04522613065326633 0.05185185185185185
2 0.12939698492462312 0.8462962962962963 0.05402010050251256 0.05462962962962963
2 0.0 0.8537037037037037 0.028894472361809045 0.06574074074074074
1 0.7248743718592965 0.9861111111111112 0.04396984924623116 0.06666666666666667
1 0.6017587939698492 0.9564814814814815 0.0364321608040201 0.08148148148148149
1 1.7324120603015076 0.9564814814814815 0.032663316582914576 0.05925925925925926
1 1.729899497487437 0.9601851851851851 0.035175879396984924 0.05925925925925926
1 1.7248743718592965 0.9712962962962963 0.04020100502512563 0.04814814814814815
1 1.7399497487437185 0.9416666666666667 0.02512562814070352 0.07037037037037037
1 1.0816582914572865 0.0 0.0414572864321608 0.032407407407407406
1 1.7399497487437185 0.9453703703703704 0.02512562814070352 0.07037037037037037
1 1.17964824120603 0.7870370370370371 0.0364321608040201 0.05555555555555555
1 1.149497487437186 0.7833333333333333 0.04522613065326633 0.05555555555555555
1 0.0 0.8537037037037037 0.0364321608040201 0.062037037037037036
1 0.0 0.8462962962962963 0.02135678391959799 0.06944444444444445
1 1.7374371859296482 0.9157407407407407 0.02763819095477387 0.06666666666666667
1 1.0050251256281406 0.0 0.04396984924623116 0.03981481481481482
1 0.0 0.8722222222222222 0.03391959798994975 0.05462962962962963
1 1.7374371859296482 0.9157407407407407 0.02763819095477387 0.07777777777777778
1 0.0 0.8611111111111112 0.038944723618090454 0.05092592592592592
1 1.0464824120603016 0.0 0.03768844221105527 0.032407407407407406
1 1.0100502512562815 0.0 0.03391959798994975 0.03981481481481482
2 1.729899497487437 0.9527777777777777 0.035175879396984924 0.07037037037037037
1 1.7449748743718594 0.9453703703703704 0.020100502512562814 0.07037037037037037
1 1.0464824120603016 0.0 0.05150753768844221 0.04351851851851852
1 1.0314070351758795 0.07685185185185185 0.05025125628140704 0.06296296296296296
1 1.7374371859296482 0.9527777777777777 0.02763819095477387 0.07777777777777778
1 1.0100502512562815 0.7351851851851852 0.038944723618090454 0.08148148148148149
1 1.6469849246231156 0.9527777777777777 0.048994974874371856 0.07777777777777778
1 0.7097989949748744 1.7333333333333334 0.0364321608040201 0.03333333333333333
1 0.5376884422110553 1.1083333333333334 0.059045226130653265 0.06296296296296296
1 0.12185929648241206 0.8055555555555556 0.048994974874371856 0.05925925925925926
1 0.0037688442211055275 0.8166666666666667 0.056532663316582916 0.05555555555555555
1 1.7273869346733668 0.9564814814814815 0.04020100502512563 0.05925925925925926
1 1.729899497487437 0.9342592592592592 0.03768844221105527 0.05185185185185185
1 0.6846733668341709 1.7333333333333334 0.06155778894472362 0.037037037037037035
2 1.5414572864321607 0.9342592592592592 0.07788944723618091 0.07777777777777778
1 0.6846733668341709 1.7222222222222223 0.05527638190954774 0.04814814814814815
1 0.6846733668341709 1.7185185185185186 0.06155778894472362 0.05185185185185185
1 0.0 0.8277777777777777 0.028894472361809045 0.05185185185185185
1 1.2952261306532664 0.9527777777777777 0.056532663316582916 0.08148148148148149
1 0.9045226130653267 0.5907407407407408 0.04648241206030151 0.07037037037037037
1 0.6733668341708543 1.737037037037037 0.0364321608040201 0.03333333333333333
1 0.9208542713567839 1.1898148148148149 0.04020100502512563 0.037037037037037035
1 0.9409547738693468 1.200925925925926 0.028894472361809045 0.044444444444444446
1 0.9045226130653267 1.200925925925926 0.04648241206030151 0.05555555555555555
1 1.1155778894472361 1.049074074074074 0.0364321608040201 0.05185185185185185
1 0.9635678391959799 1.1935185185185184 0.0364321608040201 0.04814814814814815
1 1.0339195979899498 1.0601851851851851 0.04522613065326633 0.06296296296296296
1 0.8919597989949749 1.2157407407407408 0.038944723618090454 0.05185185185185185
1 1.0251256281407035 1.1935185185185184 0.0414572864321608 0.044444444444444446
2 0.8304020100502513 1.5666666666666667 0.04648241206030151 0.05925925925925926
1 0.8128140703517588 1.2083333333333333 0.035175879396984924 0.044444444444444446
1 0.8228643216080402 1.1972222222222222 0.02512562814070352 0.040740740740740744
1 1.4321608040201006 1.0305555555555554 0.05402010050251256 0.05185185185185185
1 0.0 0.812962962962963 0.028894472361809045 0.06666666666666667
1 0.8768844221105527 0.7055555555555556 0.059045226130653265 0.06296296296296296
1 0.20100502512562815 0.8685185185185185 0.06407035175879397 0.05462962962962963
2 1.714824120603015 0.9527777777777777 0.05025125628140704 0.07037037037037037
1 0.6482412060301508 1.1675925925925925 0.04648241206030151 0.040740740740740744
1 0.8919597989949749 1.075 0.048994974874371856 0.06666666666666667
1 0.7713567839195979 1.2157407407407408 0.04396984924623116 0.07407407407407407
2 0.7864321608040201 1.4259259259259258 0.04648241206030151 0.06666666666666667
2 0.7964824120603015 1.488888888888889 0.038944723618090454 0.07777777777777778
2 0.7713567839195979 1.4703703703703703 0.038944723618090454 0.07777777777777778
2 0.7399497487437185 1.4703703703703703 0.03391959798994975 0.08148148148148149
2 0.7437185929648241 1.537037037037037 0.05527638190954774 0.07407407407407407
1 0.7688442211055276 1.6407407407407408 0.056532663316582916 0.06296296296296296
1 0.8919597989949749 0.8462962962962963 0.08040201005025126 0.058333333333333334
1 1.1055276381909547 0.9861111111111112 0.056532663316582916 0.05185185185185185
1 1.079145728643216 0.9453703703703704 0.06155778894472362 0.07037037037037037
1 0.4685929648241206 0.8277777777777777 0.05402010050251256 0.05555555555555555
1 0.001256281407035176 0.9231481481481482 0.035175879396984924 0.07407407407407407
1 0.0 0.9120370370370371 0.026381909547738693 0.06666666666666667
1 1.2927135678391959 1.026851851851852 0.038944723618090454 0.044444444444444446
1 0.7223618090452262 0.0 0.04396984924623116 0.04351851851851852
1 0.7273869346733668 0.0 0.03391959798994975 0.028703703703703703
1 1.585427135678392 1.000925925925926 0.04396984924623116 0.05555555555555555
1 1.0364321608040201 1.2083333333333333 0.05150753768844221 0.07407407407407407
1 1.57035175879397 0.2953703703703704 0.059045226130653265 0.07037037037037037
1 1.6168341708542713 0.33240740740740743 0.05150753768844221 0.05925925925925926
2 1.0464824120603016 0.0 0.048994974874371856 0.032407407407407406
1 0.8479899497487438 1.0564814814814816 0.0414572864321608 0.07407407407407407
1 0.8329145728643216 0.44351851851851853 0.06155778894472362 0.062037037037037036
2 0.0 0.8574074074074074 0.031407035175879394 0.05462962962962963
1 0.36055276381909546 0.9898148148148148 0.05402010050251256 0.06296296296296296
1 0.7349246231155779 0.0 0.0364321608040201 0.03611111111111111
1 1.0339195979899498 1.0972222222222223 0.04271356783919598 0.044444444444444446
1 1.0175879396984924 0.6722222222222223 0.03391959798994975 0.044444444444444446
1 0.6432160804020101 1.2898148148148147 0.035175879396984924 0.05462962962962963
1 0.6608040201005025 1.362962962962963 0.031407035175879394 0.05925925925925926
1 1.071608040201005 0.6129629629629629 0.0364321608040201 0.04814814814814815
3 0.4120603015075377 0.47962962962962963 0.10301507537688442 0.05925925925925926
3 0.41708542713567837 0.5203703703703704 0.10301507537688442 0.07407407407407407
3 0.8203517587939698 0.16574074074074074 0.08919597989949749 0.17037037037037037
