3 0.9987373737373737 0.16574074074074074 0.050505050505050504 0.06851851851851852
3 1.0492424242424243 0.16944444444444445 0.05303030303030303 0.05648148148148148
1 1.1325757575757576 0.7027777777777777 0.04040404040404041 0.09814814814814815
3 0.9684343434343434 0.6157407407407407 0.07575757575757576 0.075
1 0.026515151515151516 0.44537037037037036 0.07323232323232323 0.05277777777777778
1 0.4772727272727273 0.49074074074074076 0.08080808080808081 0.05277777777777778
1 0.041666666666666664 0.49444444444444446 0.045454545454545456 0.05648148148148148
1 0.7196969696969697 0.3814814814814815 0.07575757575757576 0.05277777777777778
2 1.029040404040404 0.1398148148148148 0.05303030303030303 0.049074074074074076
2 0.9608585858585859 0.25277777777777777 0.04040404040404041 0.049074074074074076
1 0.5505050505050505 0.5472222222222223 0.03535353535353535 0.09074074074074075
1 0.6994949494949495 1.2953703703703703 0.04292929292929293 0.053703703703703705
1 0.7196969696969697 1.299074074074074 0.03282828282828283 0.053703703703703705
3 0.7651515151515151 1.7453703703703705 0.03282828282828283 0.06388888888888888
1 1.029040404040404 1.262037037037037 0.03282828282828283 0.049074074074074076
1 1.4419191919191918 1.0953703703703703 0.027777777777777776 0.04537037037037037
1 0.5454545454545454 1.1222222222222222 0.06818181818181818 0.05277777777777778
1 0.6237373737373737 1.238888888888889 0.04292929292929293 0.04537037037037037
2 0.013888888888888888 1.0462962962962963 0.07575757575757576 0.05277777777777778
2 0.021464646464646464 1.0574074074074074 0.047979797979797977 0.08703703703703704
2 0.04671717171717172 0.9972222222222222 0.04040404040404041 0.06018518518518518
2 0.056818181818181816 1.012037037037037 0.05555555555555555 0.041666666666666664
2 0.22095959595959597 0.9740740740740741 0.04040404040404041 0.06111111111111111
1 1.5782828282828283 1.099074074074074 0.050505050505050504 0.049074074074074076
2 1.0416666666666667 0.35462962962962963 0.05303030303030303 0.05277777777777778
2 0.9911616161616161 0.3509259259259259 0.045454545454545456 0.08703703703703704
1 0.6994949494949495 1.2657407407407408 0.027777777777777776 0.049074074074074076
1 0.7171717171717171 1.3185185185185184 0.03282828282828283 0.04537037037037037
1 0.6666666666666666 1.2953703703703703 0.027777777777777776 0.049074074074074076
2 0.9987373737373737 1.175 0.06313131313131314 0.0712962962962963
1 0.8863636363636364 1.25 0.03156565656565657 0.04537037037037037
2 0.17297979797979798 1.0842592592592593 0.045454545454545456 0.06018518518518518
2 0.21843434343434343 1.0574074074074074 0.03787878787878788 0.05277777777777778
2 0.008838383838383838 1.1407407407407408 0.05808080808080808 0.04537037037037037
2 0.6338383838383839 0.7361111111111112 0.0707070707070707 0.05277777777777778
