2 1.6557788944723617 0.8898148148148148 0.06407035175879397 0.07037037037037037
1 0.6532663316582915 1.0675925925925926 0.03015075376884422 0.02962962962962963
2 0.6871859296482412 0.04722222222222222 0.05025125628140704 0.05185185185185185
2 0.6896984924623115 0.013888888888888888 0.04773869346733668 0.044444444444444446
1 0.0 0.2916666666666667 0.026381909547738693 0.05185185185185185
2 0.7298994974874372 0.13240740740740742 0.056532663316582916 0.05925925925925926
2 0.7223618090452262 0.125 0.04396984924623116 0.07407407407407407
2 0.6846733668341709 0.14722222222222223 0.03768844221105527 0.05555555555555555
1 0.5678391959798995 1.0527777777777778 0.0364321608040201 0.05555555555555555
1 0.6507537688442211 1.6481481481481481 0.04396984924623116 0.06666666666666667
3 0.4962311557788945 1.0898148148148148 0.06658291457286432 0.07407407407407407
1 0.7814070351758794 1.5518518518518518 0.05402010050251256 0.07777777777777778
2 0.8869346733668342 0.7722222222222223 0.048994974874371856 0.07777777777777778
2 0.5917085427135679 0.8277777777777777 0.048994974874371856 0.07314814814814814
2 0.6381909547738693 0.6907407407407408 0.04522613065326633 0.07407407407407407
1 0.14949748743718594 0.5944444444444444 0.05402010050251256 0.06666666666666667
1 1.015075376884422 0.35833333333333334 0.0364321608040201 0.08518518518518518
2 1.2462311557788945 0.8611111111111112 0.05150753768844221 0.07314814814814814
2 1.6834170854271358 0.8759259259259259 0.06155778894472362 0.06574074074074074
1 0.7022613065326633 0.6314814814814815 0.06155778894472362 0.06666666666666667
1 0.8304020100502513 1.7185185185185186 0.038944723618090454 0.04814814814814815
3 0.8253768844221105 0.15833333333333333 0.08165829145728644 0.16296296296296298
3 0.41959798994974873 0.4722222222222222 0.10301507537688442 0.07407407407407407
3 0.41959798994974873 0.5277777777777778 0.10552763819095477 0.07037037037037037
1 0.5376884422110553 1.1194444444444445 0.0364321608040201 0.05185185185185185
1 0.5402010050251256 1.1416666666666666 0.0414572864321608 0.04814814814814815
1 0.6407035175879398 1.0453703703703703 0.04396984924623116 0.037037037037037035
1 0.550251256281407 0.7018518518518518 0.05150753768844221 0.06666666666666667
2 1.678391959798995 0.8722222222222222 0.07914572864321608 0.07685185185185185
1 1.7110552763819096 1.0231481481481481 0.048994974874371856 0.05925925925925926
1 0.678391959798995 1.548148148148148 0.038944723618090454 0.05925925925925926
1 0.6507537688442211 1.3231481481481482 0.0414572864321608 0.07314814814814814
1 0.621859296482412 1.1824074074074074 0.031407035175879394 0.04814814814814815
3 0.6407035175879398 1.1787037037037038 0.048994974874371856 0.07407407407407407
2 0.2550251256281407 0.6277777777777778 0.06407035175879397 0.04814814814814815
3 0.6532663316582915 1.4222222222222223 0.06909547738693467 0.09259259259259259
