3 1.0063131313131313 0.044444444444444446 0.05303030303030303 0.11388888888888889
3 1.0517676767676767 0.06759259259259259 0.050505050505050504 0.07962962962962963
1 1.0568181818181819 0.7444444444444445 0.04040404040404041 0.08611111111111111
3 0.9962121212121212 1.125925925925926 0.07575757575757576 0.075
1 0.1755050505050505 0.44907407407407407 0.07575757575757576 0.05277777777777778
1 0.5050505050505051 0.48703703703703705 0.08080808080808081 0.05277777777777778
1 0.041666666666666664 0.49444444444444446 0.045454545454545456 0.05648148148148148
1 0.4154040404040404 0.7555555555555555 0.07449494949494949 0.05277777777777778
2 1.0164141414141414 0.29074074074074074 0.05303030303030303 0.06759259259259259
2 0.9886363636363636 0.8722222222222222 0.03535353535353535 0.05277777777777778
1 0.553030303030303 0.5212962962962963 0.03535353535353535 0.09074074074074075
1 0.7222222222222222 1.2805555555555554 0.045454545454545456 0.05277777777777778
1 0.7676767676767676 1.299074074074074 0.03535353535353535 0.053703703703703705
3 0.8156565656565656 1.7685185185185186 0.03787878787878788 0.037037037037037035
1 0.898989898989899 1.4203703703703703 0.03409090909090909 0.049074074074074076
1 1.3497474747474747 1.076851851851852 0.04924242424242424 0.04537037037037037
1 0.25126262626262624 1.125925925925926 0.06818181818181818 0.05277777777777778
1 0.6136363636363636 1.262037037037037 0.04292929292929293 0.04537037037037037
2 0.013888888888888888 1.0462962962962963 0.07575757575757576 0.05277777777777778
2 0.021464646464646464 1.0574074074074074 0.047979797979797977 0.08703703703703704
2 0.6944444444444444 0.8157407407407408 0.04040404040404041 0.06018518518518518
2 0.7373737373737373 0.6796296296296296 0.06565656565656566 0.041666666666666664
2 0.6868686868686869 0.937037037037037 0.04040404040404041 0.06018518518518518
1 1.5782828282828283 1.099074074074074 0.050505050505050504 0.049074074074074076
2 1.0340909090909092 0.8462962962962963 0.05303030303030303 0.05277777777777778
2 0.9785353535353535 0.8342592592592593 0.045454545454545456 0.08703703703703704
1 0.9204545454545454 1.2583333333333333 0.027777777777777776 0.049074074074074076
1 0.8939393939393939 1.3111111111111111 0.021464646464646464 0.05277777777777778
1 0.8333333333333334 1.262037037037037 0.027777777777777776 0.049074074074074076
2 0.7348484848484849 1.163888888888889 0.06313131313131314 0.0712962962962963
1 1.0997474747474747 1.1898148148148149 0.03282828282828283 0.04537037037037037
2 0.0012626262626262627 1.0953703703703703 0.045454545454545456 0.06018518518518518
2 0.023989898989898988 1.0648148148148149 0.027777777777777776 0.023148148148148147
2 0.008838383838383838 1.1407407407407408 0.05808080808080808 0.04537037037037037
2 0.5984848484848485 0.7592592592592593 0.0707070707070707 0.05277777777777778
