3 1.0113636363636365 0.21481481481481482 0.047979797979797977 0.11388888888888889
3 1.0517676767676767 0.23425925925925925 0.05555555555555555 0.0824074074074074
1 1.029040404040404 0.6796296296296296 0.04040404040404041 0.09444444444444444
3 0.8257575757575758 1.1675925925925925 0.07575757575757576 0.06759259259259259
1 0.24621212121212122 0.44907407407407407 0.07575757575757576 0.05277777777777778
1 0.47474747474747475 0.48333333333333334 0.08080808080808081 0.05277777777777778
1 0.041666666666666664 0.49444444444444446 0.045454545454545456 0.05648148148148148
1 0.2159090909090909 0.7703703703703704 0.07575757575757576 0.05277777777777778
2 0.9457070707070707 0.5472222222222223 0.05555555555555555 0.06481481481481481
2 0.9861111111111112 1.0240740740740741 0.03282828282828283 0.05277777777777778
1 0.553030303030303 0.5212962962962963 0.03787878787878788 0.0787037037037037
1 0.7449494949494949 1.287962962962963 0.045454545454545456 0.05277777777777778
1 0.8106060606060606 1.2953703703703703 0.03535353535353535 0.053703703703703705
3 0.8964646464646465 1.7685185185185186 0.036616161616161616 0.040740740740740744
1 0.8914141414141414 1.4805555555555556 0.03409090909090909 0.049074074074074076
1 1.1022727272727273 1.1296296296296295 0.050505050505050504 0.04537037037037037
1 0.16792929292929293 1.1333333333333333 0.06818181818181818 0.05277777777777778
1 0.6161616161616161 1.2657407407407408 0.04292929292929293 0.04537037037037037
2 0.013888888888888888 1.0462962962962963 0.07575757575757576 0.05277777777777778
2 0.021464646464646464 1.0574074074074074 0.047979797979797977 0.08703703703703704
2 0.7424242424242424 0.6759259259259259 0.04040404040404041 0.06018518518518518
2 0.8383838383838383 0.4759259259259259 0.06565656565656566 0.041666666666666664
2 0.9861111111111112 0.9064814814814814 0.04040404040404041 0.06018518518518518
1 1.5782828282828283 1.099074074074074 0.050505050505050504 0.049074074074074076
2 1.0921717171717171 0.9787037037037037 0.05303030303030303 0.05277777777777778
2 1.0113636363636365 0.9333333333333333 0.045454545454545456 0.08611111111111111
1 0.976010101010101 1.25 0.03282828282828283 0.04537037037037037
1 0.9431818181818182 1.3037037037037038 0.022727272727272728 0.05277777777777778
1 0.9040404040404041 1.276851851851852 0.026515151515151516 0.049074074074074076
2 0.6414141414141414 1.137037037037037 0.06313131313131314 0.07222222222222222
1 1.0997474747474747 1.1898148148148149 0.03282828282828283 0.04537037037037037
2 0.0012626262626262627 1.0953703703703703 0.045454545454545456 0.06018518518518518
2 0.03409090909090909 1.0731481481481482 0.022727272727272728 0.011111111111111112
2 0.008838383838383838 1.1407407407407408 0.05808080808080808 0.04537037037037037
2 0.5883838383838383 0.762962962962963 0.0707070707070707 0.05277777777777778
