3 0.9911616161616161 0.32407407407407407 0.050505050505050504 0.06111111111111111
3 1.0441919191919191 0.33611111111111114 0.05555555555555555 0.06018518518518518
1 1.1401515151515151 0.7064814814814815 0.04040404040404041 0.09814814814814815
3 1.023989898989899 0.2037037037037037 0.07575757575757576 0.07592592592592592
1 0.22348484848484848 0.44537037037037036 0.07575757575757576 0.05277777777777778
1 0.49747474747474746 0.48333333333333334 0.08080808080808081 0.05277777777777778
1 0.041666666666666664 0.49444444444444446 0.045454545454545456 0.05648148148148148
1 0.3851010101010101 0.7555555555555555 0.07449494949494949 0.05277777777777778
2 1.0063131313131313 0.3472222222222222 0.05303030303030303 0.06759259259259259
2 0.9987373737373737 0.8916666666666667 0.03535353535353535 0.05277777777777778
1 0.553030303030303 0.5361111111111111 0.03535353535353535 0.09074074074074075
1 0.7146464646464646 1.287962962962963 0.045454545454545456 0.05277777777777778
1 0.7803030303030303 1.299074074074074 0.03535353535353535 0.053703703703703705
3 0.8762626262626263 1.7722222222222221 0.036616161616161616 0.037037037037037035
1 0.8914141414141414 1.4472222222222222 0.03409090909090909 0.049074074074074076
1 0.9078282828282829 1.175 0.050505050505050504 0.04537037037037037
1 0.7702020202020202 1.125925925925926 0.06818181818181818 0.05277777777777778
1 0.6085858585858586 1.2583333333333333 0.04292929292929293 0.04537037037037037
2 0.601010101010101 0.9861111111111112 0.07323232323232323 0.049074074074074076
2 0.34974747474747475 1.0574074074074074 0.047979797979797977 0.08703703703703704
2 0.6919191919191919 0.8268518518518518 0.04040404040404041 0.06111111111111111
2 0.9356060606060606 0.5666666666666667 0.06313131313131314 0.0712962962962963
2 0.9583333333333334 0.9027777777777778 0.04040404040404041 0.06018518518518518
1 1.3863636363636365 1.0953703703703703 0.050505050505050504 0.049074074074074076
2 1.0391414141414141 0.8574074074074074 0.05303030303030303 0.05277777777777778
2 1.0088383838383839 0.0 0.045454545454545456 0.040740740740740744
1 0.9381313131313131 1.2537037037037038 0.027777777777777776 0.05
1 0.9078282828282829 1.3185185185185184 0.022727272727272728 0.05277777777777778
1 0.8459595959595959 1.2583333333333333 0.027777777777777776 0.049074074074074076
2 0.7146464646464646 1.1555555555555554 0.06313131313131314 0.07222222222222222
1 0.6414141414141414 1.3111111111111111 0.03282828282828283 0.04537037037037037
2 0.7323232323232324 0.9027777777777778 0.045454545454545456 0.06018518518518518
2 0.9065656565656566 1.1675925925925925 0.03409090909090909 0.05277777777777778
2 0.04671717171717172 1.1333333333333333 0.05555555555555555 0.05277777777777778
2 0.9204545454545454 0.5814814814814815 0.0707070707070707 0.05277777777777778
