2 1.1695979899497488 0.7453703703703703 0.0678391959798995 0.06944444444444445
2 0.8567839195979899 1.1083333333333334 0.04648241206030151 0.04814814814814815
2 0.9937185929648241 1.0055555555555555 0.038944723618090454 0.06296296296296296
2 1.6821608040201006 0.8 0.07412060301507538 0.06666666666666667
2 0.23366834170854273 0.887962962962963 0.05402010050251256 0.040740740740740744
2 0.7223618090452262 1.6555555555555554 0.03391959798994975 0.05555555555555555
2 0.6733668341708543 1.5601851851851851 0.0414572864321608 0.06296296296296296
2 0.7324120603015075 1.5453703703703703 0.0414572864321608 0.05555555555555555
2 0.7512562814070352 1.7074074074074075 0.0414572864321608 0.044444444444444446
2 0.0 0.7453703703703703 0.052763819095477386 0.08425925925925926
2 0.001256281407035176 0.7962962962962963 0.09045226130653267 0.05555555555555555
2 0.0 0.7925925925925926 0.08542713567839195 0.04814814814814815
2 1.6821608040201006 0.8842592592592593 0.07160804020100503 0.05555555555555555
2 1.6721105527638191 0.8740740740740741 0.08165829145728644 0.06944444444444445
2 1.6658291457286432 0.9101851851851852 0.08793969849246232 0.05925925925925926
2 0.0 0.7601851851851852 0.07035175879396985 0.09166666666666666
2 0.0 0.7712962962962963 0.06281407035175879 0.06574074074074074
2 0.001256281407035176 0.7712962962962963 0.08417085427135679 0.05462962962962963
2 0.9623115577889447 0.0 0.05527638190954774 0.062037037037037036
2 0.8329145728643216 0.0 0.09673366834170855 0.04351851851851852
2 1.6972361809045227 0.9212962962962963 0.056532663316582916 0.06666666666666667
1 1.1771356783919598 0.950925925925926 0.06532663316582915 0.05462962962962963
2 1.6683417085427135 0.9212962962962963 0.08542713567839195 0.05555555555555555
2 0.0 0.8916666666666667 0.052763819095477386 0.05555555555555555
2 0.0 0.825925925925926 0.052763819095477386 0.05555555555555555
1 0.4296482412060301 1.175 0.031407035175879394 0.058333333333333334
2 0.7173366834170855 1.4425925925925926 0.0414572864321608 0.05555555555555555
2 0.6809045226130653 1.711111111111111 0.038944723618090454 0.040740740740740744
2 0.12939698492462312 0.8518518518518519 0.0414572864321608 0.05462962962962963
2 0.6884422110552764 1.7074074074074075 0.04648241206030151 0.04814814814814815
1 0.41959798994974873 1.1490740740740741 0.03391959798994975 0.044444444444444446
2 0.6193467336683417 1.7037037037037037 0.056532663316582916 0.04814814814814815
2 0.6959798994974874 1.7185185185185186 0.038944723618090454 0.040740740740740744
2 0.10427135678391959 0.9027777777777778 0.04396984924623116 0.05925925925925926
1 0.45603015075376885 1.2222222222222223 0.056532663316582916 0.044444444444444446
1 0.3957286432160804 1.1601851851851852 0.0414572864321608 0.08425925925925926
2 0.7587939698492462 1.3185185185185184 0.038944723618090454 0.05092592592592592
2 1.0402010050251256 0.002777777777777778 0.056532663316582916 0.08518518518518518
2 0.314070351758794 0.42962962962962964 0.03768844221105527 0.058333333333333334
2 0.9962311557788944 0.825925925925926 0.06532663316582915 0.058333333333333334
2 1.7185929648241205 0.8222222222222222 0.03768844221105527 0.08425925925925926
2 0.4396984924623116 0.40370370370370373 0.04522613065326633 0.05092592592592592
2 1.1055276381909547 0.6638888888888889 0.04396984924623116 0.05555555555555555
2 0.8442211055276382 0.4185185185185185 0.06909547738693467 0.06574074074074074
2 0.9861809045226131 0.0 0.06155778894472362 0.062037037037037036
2 0.9937185929648241 0.6092592592592593 0.04396984924623116 0.058333333333333334
2 0.9208542713567839 0.8111111111111111 0.04648241206030151 0.06666666666666667
1 0.3442211055276382 0.21666666666666667 0.07035175879396985 0.04351851851851852
2 0.5665829145728644 0.0 0.0728643216080402 0.06574074074074074
1 0.7273869346733668 0.5175925925925926 0.07537688442211055 0.07685185185185185
2 1.4987437185929648 0.7888888888888889 0.06658291457286432 0.05555555555555555
1 0.00628140703517588 0.9879629629629629 0.0414572864321608 0.05092592592592592
1 0.1407035175879397 1.098148148148148 0.04396984924623116 0.05092592592592592
2 0.0037688442211055275 0.8916666666666667 0.06407035175879397 0.04814814814814815
2 0.8492462311557789 0.5509259259259259 0.0414572864321608 0.09166666666666666
2 0.9133165829145728 0.6018518518518519 0.038944723618090454 0.05925925925925926
2 1.278894472361809 0.7851851851851852 0.04396984924623116 0.05925925925925926
2 1.0251256281407035 0.7231481481481481 0.056532663316582916 0.06574074074074074
2 0.9296482412060302 0.5537037037037037 0.05150753768844221 0.05185185185185185
2 1.364321608040201 0.7777777777777778 0.056532663316582916 0.05185185185185185
1 0.4510050251256281 1.2148148148148148 0.04396984924623116 0.05925925925925926
2 0.885678391959799 0.31574074074074077 0.04648241206030151 0.06944444444444445
2 0.9422110552763819 0.31203703703703706 0.04648241206030151 0.05092592592592592
1 0.4510050251256281 1.2083333333333333 0.038944723618090454 0.04722222222222222
2 0.9082914572864321 0.887962962962963 0.04396984924623116 0.05185185185185185
2 0.20728643216080403 0.9138888888888889 0.056532663316582916 0.044444444444444446
1 1.1695979899497488 1.0574074074074074 0.04648241206030151 0.07685185185185185
2 0.8253768844221105 1.1787037037037038 0.0414572864321608 0.05092592592592592
2 0.6545226130653267 1.7037037037037037 0.038944723618090454 0.04814814814814815
2 0.707286432160804 1.7148148148148148 0.03768844221105527 0.040740740740740744
1 0.49246231155778897 1.2046296296296297 0.038944723618090454 0.058333333333333334
2 0.7198492462311558 1.7074074074074075 0.05150753768844221 0.044444444444444446
1 0.04396984924623116 0.7083333333333334 0.05025125628140704 0.05185185185185185
2 1.4082914572864322 0.9175925925925926 0.06407035175879397 0.04814814814814815
2 0.0 0.7962962962962963 0.0829145728643216 0.05555555555555555
2 1.6972361809045227 0.8629629629629629 0.056532663316582916 0.06944444444444445
2 1.6896984924623115 0.8592592592592593 0.06407035175879397 0.06944444444444445
2 1.6947236180904524 0.9027777777777778 0.059045226130653265 0.06666666666666667
2 1.6721105527638191 0.837037037037037 0.08165829145728644 0.07314814814814814
2 1.670854271356784 0.8814814814814815 0.0829145728643216 0.07314814814814814
2 0.0 0.40370370370370373 0.0678391959798995 0.062037037037037036
1 0.9597989949748744 0.062037037037037036 0.06281407035175879 0.07685185185185185
2 0.6005025125628141 1.6925925925925926 0.04396984924623116 0.06666666666666667
1 0.3530150753768844 0.0 0.07412060301507538 0.08055555555555556
1 0.0 0.7231481481481481 0.0364321608040201 0.04814814814814815
1 1.7185929648241205 0.7157407407407408 0.04020100502512563 0.058333333333333334
1 1.0087939698492463 0.49537037037037035 0.0414572864321608 0.08055555555555556
1 0.49748743718592964 1.175 0.0414572864321608 0.04722222222222222
1 0.47361809045226133 1.1675925925925925 0.026381909547738693 0.05462962962962963
1 0.4434673366834171 1.1416666666666666 0.0414572864321608 0.05185185185185185
1 0.7663316582914573 1.6851851851851851 0.05150753768844221 0.04814814814814815
2 1.6972361809045227 0.9361111111111111 0.059045226130653265 0.037037037037037035
1 0.8077889447236181 1.5712962962962962 0.04396984924623116 0.04814814814814815
1 0.8278894472361809 1.4796296296296296 0.05527638190954774 0.044444444444444446
2 0.0037688442211055275 0.8407407407407408 0.06155778894472362 0.05092592592592592
