2 1.113938053097345 1.0629629629629629 0.06305309734513274 0.06388888888888888
2 1.1216814159292035 0.9842592592592593 0.04756637168141593 0.05648148148148148
2 1.2765486725663717 1.048148148148148 0.05309734513274336 0.05277777777777778
1 1.3097345132743363 0.9953703703703703 0.051991150442477874 0.06388888888888888
2 1.4745575221238938 1.0212962962962964 0.06969026548672566 0.0712962962962963
2 1.2367256637168142 1.0629629629629629 0.04756637168141593 0.06018518518518518
2 0.9612831858407079 0.8898148148148148 0.06526548672566372 0.075
2 1.6095132743362832 0.9916666666666667 0.0752212389380531 0.075
2 1.75 1.0175925925925926 0.049778761061946904 0.06388888888888888
2 0.6504424778761062 1.0407407407407407 0.06305309734513274 0.075
2 0.0 0.9462962962962963 0.03650442477876106 0.06018518518518518
2 0.8053097345132744 1.5435185185185185 0.05309734513274336 0.08333333333333333
2 0.9081858407079646 0.47685185185185186 0.05530973451327434 0.09351851851851851
2 1.0309734513274336 0.5185185185185185 0.05530973451327434 0.075
2 1.0309734513274336 0.3675925925925926 0.05088495575221239 0.06759259259259259
2 1.0741150442477876 0.003703703703703704 0.04424778761061947 0.075
2 0.0022123893805309734 1.0212962962962964 0.06969026548672566 0.06018518518518518
2 0.9280973451327433 1.3074074074074074 0.05309734513274336 0.09351851851851851
2 0.48008849557522126 1.0064814814814815 0.05752212389380531 0.06018518518518518
2 0.8008849557522124 1.1083333333333334 0.051991150442477874 0.06018518518518518
2 0.7555309734513275 1.048148148148148 0.04756637168141593 0.08981481481481482
2 1.7577433628318584 1.0064814814814815 0.03982300884955752 0.05277777777777778
2 1.747787610619469 0.9462962962962963 0.051991150442477874 0.05277777777777778
2 0.00663716814159292 1.0138888888888888 0.08075221238938053 0.05648148148148148
2 0.2676991150442478 1.0027777777777778 0.06747787610619468 0.0712962962962963
2 0.051991150442477874 1.0175925925925926 0.06305309734513274 0.07962962962962963
2 0.8030973451327433 1.1870370370370371 0.05530973451327434 0.06759259259259259
2 0.004424778761061947 1.0287037037037037 0.05752212389380531 0.06018518518518518
1 0.7079646017699115 1.2287037037037036 0.04535398230088496 0.06759259259259259
1 0.0 1.0888888888888888 0.04756637168141593 0.06759259259259259
1 0.5132743362831859 1.1833333333333333 0.049778761061946904 0.06018518518518518
1 0.7179203539823009 1.262037037037037 0.04314159292035398 0.05277777777777778
2 0.9037610619469026 1.6944444444444444 0.03761061946902655 0.06759259259259259
2 0.0022123893805309734 1.037037037037037 0.06969026548672566 0.0712962962962963
2 0.7732300884955752 0.6462962962962963 0.04535398230088496 0.06759259259259259
2 0.0022123893805309734 0.9574074074074074 0.05530973451327434 0.06388888888888888
2 0.7787610619469026 0.044444444444444446 0.049778761061946904 0.06018518518518518
1 0.11172566371681415 1.1046296296296296 0.035398230088495575 0.044444444444444446
1 0.19690265486725664 1.0666666666666667 0.023230088495575223 0.03425925925925926
1 0.16482300884955753 1.0703703703703704 0.032079646017699116 0.04537037037037037
1 0.1902654867256637 1.1046296296296296 0.02654867256637168 0.044444444444444446
2 0.7002212389380531 0.6231481481481481 0.05088495575221239 0.0712962962962963
1 0.12168141592920353 1.0666666666666667 0.035398230088495575 0.049074074074074076
1 0.8761061946902655 0.6611111111111111 0.032079646017699116 0.044444444444444446
1 0.9535398230088495 0.7472222222222222 0.035398230088495575 0.06018518518518518
1 0.5553097345132744 0.9694444444444444 0.049778761061946904 0.06759259259259259
3 0.5575221238938053 0.5898148148148148 0.10287610619469026 0.06759259259259259
3 1.1559734513274336 0.35648148148148145 0.08296460176991151 0.0712962962962963
1 1.1991150442477876 0.7888888888888889 0.04535398230088496 0.06759259259259259
2 0.0022123893805309734 1.0287037037037037 0.059734513274336286 0.06388888888888888
2 0.0 1.048148148148148 0.059734513274336286 0.06388888888888888
2 1.0608407079646018 1.0972222222222223 0.05752212389380531 0.05925925925925926
2 1.0442477876106195 1.137962962962963 0.059734513274336286 0.06759259259259259
2 0.8506637168141593 1.2055555555555555 0.05309734513274336 0.0787037037037037
2 0.8462389380530974 1.0740740740740742 0.051991150442477874 0.0787037037037037
2 1.2544247787610618 1.0175925925925926 0.04756637168141593 0.06018518518518518
2 1.7577433628318584 1.0064814814814815 0.03982300884955752 0.075
2 0.7433628318584071 1.1611111111111112 0.049778761061946904 0.0712962962962963
3 0.5530973451327433 0.5370370370370371 0.08960176991150443 0.0712962962962963
2 1.0486725663716814 0.4425925925925926 0.04756637168141593 0.0712962962962963
2 1.0331858407079646 0.19074074074074074 0.04314159292035398 0.08333333333333333
2 1.1061946902654867 0.2212962962962963 0.04314159292035398 0.08611111111111111
2 1.086283185840708 0.0 0.05309734513274336 0.05185185185185185
2 0.7953539823008849 0.3148148148148148 0.04092920353982301 0.09444444444444444
1 0.5132743362831859 1.1907407407407407 0.0420353982300885 0.06388888888888888
1 0.4026548672566372 0.924074074074074 0.04535398230088496 0.05648148148148148
1 0.6504424778761062 0.02962962962962963 0.04314159292035398 0.05648148148148148
1 0.38716814159292035 0.8111111111111111 0.030973451327433628 0.04537037037037037
1 0.3827433628318584 0.774074074074074 0.03761061946902655 0.05185185185185185
1 1.7699115044247788 1.0777777777777777 0.029867256637168143 0.03796296296296296
1 1.7776548672566372 1.0972222222222223 0.01991150442477876 0.044444444444444446
2 1.657079646017699 1.1009259259259259 0.04314159292035398 0.04814814814814815
1 1.747787610619469 1.0592592592592593 0.03982300884955752 0.05277777777777778
1 1.7654867256637168 1.0972222222222223 0.032079646017699116 0.03333333333333333
3 0.8738938053097345 1.6870370370370371 0.03982300884955752 0.09722222222222222
1 0.7787610619469026 1.45 0.049778761061946904 0.06018518518518518
1 0.26991150442477874 1.0925925925925926 0.02765486725663717 0.041666666666666664
1 0.14933628318584072 1.0851851851851853 0.01991150442477876 0.03425925925925926
1 0.22013274336283187 1.0666666666666667 0.029867256637168143 0.041666666666666664
1 0.9015486725663717 0.6685185185185185 0.03650442477876106 0.049074074074074076
1 0.25 1.1046296296296296 0.02765486725663717 0.037037037037037035
1 0.14712389380530974 1.0629629629629629 0.02765486725663717 0.03796296296296296
1 0.2721238938053097 1.0629629629629629 0.025442477876106196 0.03425925925925926
1 0.21238938053097345 1.1046296296296296 0.029867256637168143 0.037037037037037035
1 0.25 1.0740740740740742 0.025442477876106196 0.03796296296296296
1 0.3396017699115044 0.8185185185185185 0.035398230088495575 0.05277777777777778
1 0.1426991150442478 1.1157407407407407 0.029867256637168143 0.03333333333333333
