3 1.0063131313131313 0.1398148148148148 0.047979797979797977 0.11296296296296296
3 1.0517676767676767 0.14722222222222223 0.05555555555555555 0.0824074074074074
1 1.0441919191919191 0.7064814814814815 0.04040404040404041 0.0824074074074074
3 0.9381313131313131 1.1407407407407408 0.07575757575757576 0.08333333333333333
1 0.22601010101010102 0.44537037037037036 0.07575757575757576 0.05277777777777778
1 0.49242424242424243 0.48333333333333334 0.08080808080808081 0.05277777777777778
1 0.041666666666666664 0.49444444444444446 0.045454545454545456 0.05648148148148148
1 0.3143939393939394 0.762962962962963 0.07575757575757576 0.05277777777777778
2 0.9861111111111112 0.42314814814814816 0.05303030303030303 0.06388888888888888
2 0.976010101010101 0.9666666666666667 0.03282828282828283 0.05277777777777778
1 0.553030303030303 0.5324074074074074 0.03535353535353535 0.08703703703703704
1 0.7146464646464646 1.2842592592592592 0.045454545454545456 0.05277777777777778
1 0.7853535353535354 1.299074074074074 0.03535353535353535 0.053703703703703705
3 0.8535353535353535 1.7685185185185186 0.03787878787878788 0.037037037037037035
1 0.8914141414141414 1.450925925925926 0.03409090909090909 0.049074074074074076
1 1.2285353535353536 1.0916666666666666 0.050505050505050504 0.04537037037037037
1 0.20833333333333334 1.1296296296296295 0.06818181818181818 0.05277777777777778
1 0.6161616161616161 1.2657407407407408 0.04292929292929293 0.04537037037037037
2 0.013888888888888888 1.0462962962962963 0.07575757575757576 0.05277777777777778
2 0.021464646464646464 1.0574074074074074 0.047979797979797977 0.08703703703703704
2 0.7272727272727273 0.7518518518518519 0.04040404040404041 0.06018518518518518
2 0.7777777777777778 0.5777777777777777 0.06565656565656566 0.041666666666666664
2 0.8383838383838383 0.9175925925925926 0.04040404040404041 0.06111111111111111
1 1.5782828282828283 1.099074074074074 0.050505050505050504 0.049074074074074076
2 1.0744949494949494 0.9175925925925926 0.05303030303030303 0.05277777777777778
2 0.9962121212121212 0.8842592592592593 0.045454545454545456 0.08611111111111111
1 0.9507575757575758 1.2537037037037038 0.027777777777777776 0.05
1 0.9179292929292929 1.3111111111111111 0.022727272727272728 0.05277777777777778
1 0.8661616161616161 1.2657407407407408 0.027777777777777776 0.049074074074074076
2 0.6893939393939394 1.1481481481481481 0.06313131313131314 0.07222222222222222
1 1.0997474747474747 1.1898148148148149 0.03282828282828283 0.04537037037037037
2 0.0012626262626262627 1.0953703703703703 0.045454545454545456 0.06018518518518518
2 0.02904040404040404 1.0685185185185184 0.025252525252525252 0.019444444444444445
2 0.008838383838383838 1.1407407407407408 0.05808080808080808 0.04537037037037037
2 0.5934343434343434 0.7592592592592593 0.0707070707070707 0.05277777777777778
