1 1.2525125628140703 1.5240740740740741 0.04648241206030151 0.05092592592592592
1 0.0364321608040201 0.0 0.05778894472361809 0.05092592592592592
2 0.6984924623115578 1.1861111111111111 0.05778894472361809 0.08796296296296297
2 0.6494974874371859 1.6083333333333334 0.07035175879396985 0.08796296296296297
2 0.018844221105527637 0.8592592592592593 0.05402010050251256 0.058333333333333334
2 0.9861809045226131 0.7268518518518519 0.10552763819095477 0.08796296296296297
1 1.6218592964824121 0.6388888888888888 0.07035175879396985 0.08796296296296297
2 0.8743718592964824 0.7888888888888889 0.07035175879396985 0.08888888888888889
2 0.9371859296482412 0.3333333333333333 0.08542713567839195 0.07777777777777778
1 0.8768844221105527 1.2444444444444445 0.07537688442211055 0.10277777777777777
2 1.1130653266331658 1.5240740740740741 0.0829145728643216 0.12129629629629629
2 0.8517587939698492 1.2481481481481482 0.04648241206030151 0.16574074074074074
2 0.5339195979899497 0.4583333333333333 0.059045226130653265 0.10648148148148148
2 0.5728643216080402 0.6314814814814815 0.06658291457286432 0.09166666666666666
2 0.5665829145728644 0.7638888888888888 0.0728643216080402 0.08425925925925926
2 0.3630653266331658 0.8111111111111111 0.07412060301507538 0.07685185185185185
2 0.39949748743718594 0.7379629629629629 0.048994974874371856 0.08425925925925926
2 0.4120603015075377 0.9583333333333334 0.09045226130653267 0.08796296296296297
2 1.4233668341708543 0.7046296296296296 0.06909547738693467 0.06944444444444445
2 0.6934673366834171 1.4796296296296296 0.0364321608040201 0.07685185185185185
2 0.742462311557789 1.487037037037037 0.05778894472361809 0.07685185185185185
2 0.7763819095477387 0.9435185185185185 0.11180904522613065 0.11388888888888889
2 1.1055276381909547 0.9981481481481481 0.06155778894472362 0.09259259259259259
2 0.0 0.8074074074074075 0.028894472361809045 0.08425925925925926
2 0.5954773869346733 1.7037037037037037 0.06155778894472362 0.05555555555555555
2 0.43467336683417085 0.9981481481481481 0.0728643216080402 0.08888888888888889
2 1.7160804020100502 0.9064814814814814 0.03768844221105527 0.08796296296296297
2 0.7914572864321608 1.1898148148148149 0.06030150753768844 0.07314814814814814
2 0.871859296482412 0.7638888888888888 0.08542713567839195 0.05462962962962963
2 0.292713567839196 0.7564814814814815 0.06030150753768844 0.05462962962962963
2 0.7035175879396985 0.8 0.06030150753768844 0.09166666666666666
2 0.9811557788944724 0.0 0.0414572864321608 0.07685185185185185
1 0.3391959798994975 0.0 0.06532663316582915 0.058333333333333334
1 0.0 1.137962962962963 0.04396984924623116 0.09166666666666666
1 0.4949748743718593 0.8333333333333334 0.06155778894472362 0.05462962962962963
1 1.7123115577889447 0.7305555555555555 0.04396984924623116 0.07314814814814814
2 1.7123115577889447 0.8074074074074075 0.04396984924623116 0.08796296296296297
6 0.0 0.5509259259259259 0.12185929648241206 0.08796296296296297
2 1.0917085427135678 0.774074074074074 0.08542713567839195 0.09259259259259259
1 1.3304020100502512 0.7564814814814815 0.06155778894472362 0.07685185185185185
2 0.7223618090452262 0.9175925925925926 0.08542713567839195 0.07407407407407407
2 0.6909547738693468 1.1490740740740741 0.06030150753768844 0.05555555555555555
2 1.071608040201005 0.8842592592592593 0.06155778894472362 0.1287037037037037
2 0.8027638190954773 1.137962962962963 0.08542713567839195 0.09166666666666666
2 0.835427135678392 1.1564814814814814 0.06030150753768844 0.05555555555555555
1 0.5464824120603015 1.087037037037037 0.07035175879396985 0.09166666666666666
2 0.4585427135678392 0.887962962962963 0.08542713567839195 0.05555555555555555
2 1.7097989949748744 0.9324074074074075 0.04648241206030151 0.05925925925925926
1 0.9962311557788944 0.9212962962962963 0.056532663316582916 0.05555555555555555
1 0.038944723618090454 0.9981481481481481 0.026381909547738693 0.06666666666666667
1 0.031407035175879394 0.9138888888888889 0.05402010050251256 0.05925925925925926
1 0.6055276381909548 0.7083333333333334 0.03391959798994975 0.08796296296296297
1 0.5665829145728644 0.8148148148148148 0.03391959798994975 0.08796296296296297
1 1.3969849246231156 0.7888888888888889 0.038944723618090454 0.08888888888888889
2 0.08793969849246232 0.021296296296296296 0.03391959798994975 0.08888888888888889
2 0.0 1.4722222222222223 0.04773869346733668 0.05185185185185185
2 0.8793969849246231 1.1157407407407407 0.05778894472361809 0.05185185185185185
2 0.6394472361809045 1.6888888888888889 0.07788944723618091 0.06666666666666667
2 0.4271356783919598 0.0 0.05778894472361809 0.06944444444444445
2 0.7889447236180904 0.7453703703703703 0.06030150753768844 0.05462962962962963
2 0.7587939698492462 1.5314814814814814 0.07412060301507538 0.05462962962962963
1 0.8128140703517588 1.5351851851851852 0.0364321608040201 0.062037037037037036
2 1.6947236180904524 0.8703703703703703 0.059045226130653265 0.07685185185185185
2 0.9962311557788944 0.8916666666666667 0.06030150753768844 0.08888888888888889
1 1.0113065326633166 0.950925925925926 0.04522613065326633 0.05092592592592592
1 1.228643216080402 1.1157407407407407 0.03391959798994975 0.05185185185185185
1 0.8366834170854272 0.8842592592592593 0.04648241206030151 0.08888888888888889
2 0.7474874371859297 1.5453703703703703 0.0829145728643216 0.12129629629629629
2 0.4849246231155779 0.5685185185185185 0.048994974874371856 0.06666666666666667
2 0.4849246231155779 0.6935185185185185 0.048994974874371856 0.09907407407407408
2 0.6984924623115578 1.3694444444444445 0.0678391959798995 0.05925925925925926
2 0.7198492462311558 1.5638888888888889 0.06155778894472362 0.10277777777777777
