3 1.0063131313131313 0.18055555555555555 0.047979797979797977 0.11388888888888889
3 1.0517676767676767 0.18888888888888888 0.05555555555555555 0.0824074074074074
1 1.0467171717171717 0.687037037037037 0.04040404040404041 0.07962962962962963
3 0.8787878787878788 1.1787037037037038 0.07449494949494949 0.06759259259259259
1 0.2335858585858586 0.44907407407407407 0.07575757575757576 0.05277777777777778
1 0.48484848484848486 0.48333333333333334 0.08080808080808081 0.05277777777777778
1 0.041666666666666664 0.49444444444444446 0.045454545454545456 0.05648148148148148
1 0.26641414141414144 0.7666666666666667 0.07575757575757576 0.05277777777777778
2 0.9608585858585859 0.48333333333333334 0.05303030303030303 0.06388888888888888
2 0.9810606060606061 0.9935185185185185 0.03282828282828283 0.05277777777777778
1 0.553030303030303 0.5287037037037037 0.03535353535353535 0.08333333333333333
1 0.7247474747474747 1.287962962962963 0.045454545454545456 0.05277777777777778
1 0.797979797979798 1.299074074074074 0.03535353535353535 0.053703703703703705
3 0.8712121212121212 1.7685185185185186 0.036616161616161616 0.037037037037037035
1 0.8914141414141414 1.4657407407407408 0.03409090909090909 0.049074074074074076
1 1.167929292929293 1.1064814814814814 0.050505050505050504 0.04537037037037037
1 0.18813131313131312 1.1296296296296295 0.06818181818181818 0.05277777777777778
1 0.6161616161616161 1.2657407407407408 0.04292929292929293 0.04537037037037037
2 0.013888888888888888 1.0462962962962963 0.07575757575757576 0.05277777777777778
2 0.021464646464646464 1.0574074074074074 0.047979797979797977 0.08703703703703704
2 0.7424242424242424 0.7175925925925926 0.04040404040404041 0.06018518518518518
2 0.8055555555555556 0.5287037037037037 0.06565656565656566 0.041666666666666664
2 0.9128787878787878 0.9064814814814814 0.04040404040404041 0.06018518518518518
1 1.5782828282828283 1.099074074074074 0.050505050505050504 0.049074074074074076
2 1.0871212121212122 0.9518518518518518 0.05303030303030303 0.05277777777777778
2 1.003787878787879 0.9064814814814814 0.045454545454545456 0.08703703703703704
1 0.9633838383838383 1.2537037037037038 0.027777777777777776 0.05
1 0.9305555555555556 1.3074074074074074 0.022727272727272728 0.05277777777777778
1 0.8888888888888888 1.276851851851852 0.026515151515151516 0.049074074074074076
2 0.6666666666666666 1.1444444444444444 0.06313131313131314 0.07222222222222222
1 1.0997474747474747 1.1898148148148149 0.03282828282828283 0.04537037037037037
2 0.0012626262626262627 1.0953703703703703 0.045454545454545456 0.06018518518518518
2 0.03156565656565657 1.0731481481481482 0.022727272727272728 0.014814814814814815
2 0.008838383838383838 1.1407407407407408 0.05808080808080808 0.04537037037037037
2 0.5909090909090909 0.762962962962963 0.0707070707070707 0.05277777777777778
