1 0.9824120603015075 1.1194444444444445 0.035175879396984924 0.06296296296296296
3 0.8379396984924623 0.18055555555555555 0.07160804020100503 0.12962962962962962
1 1.0904522613065326 0.013888888888888888 0.06155778894472362 0.10740740740740741
1 0.6532663316582915 1.3305555555555555 0.05402010050251256 0.058333333333333334
2 0.5603015075376885 0.8722222222222222 0.08040201005025126 0.06944444444444445
1 0.7022613065326633 1.737037037037037 0.05402010050251256 0.02962962962962963
1 0.7738693467336684 1.6814814814814816 0.056532663316582916 0.06666666666666667
2 0.6532663316582915 0.6981481481481482 0.07160804020100503 0.09259259259259259
2 0.5628140703517588 0.75 0.06155778894472362 0.1037037037037037
1 0.2675879396984925 0.27685185185185185 0.048994974874371856 0.08888888888888889
1 0.03391959798994975 0.6092592592592593 0.056532663316582916 0.06666666666666667
6 0.5841708542713567 1.0527777777777778 0.08417085427135679 0.0962962962962963
1 0.9535175879396985 0.17685185185185184 0.06909547738693467 0.1111111111111111
1 0.9384422110552764 0.30277777777777776 0.06909547738693467 0.11481481481481481
2 0.5201005025125628 0.8351851851851851 0.07412060301507538 0.05462962962962963
3 0.6118090452261307 0.9564814814814815 0.07537688442211055 0.09259259259259259
1 0.001256281407035176 0.9305555555555556 0.056532663316582916 0.09259259259259259
1 0.7374371859296482 0.17314814814814813 0.06155778894472362 0.08888888888888889
2 0.8555276381909548 0.8277777777777777 0.07537688442211055 0.07685185185185185
2 1.4108040201005025 0.8722222222222222 0.04648241206030151 0.07314814814814814
1 0.4685929648241206 0.8388888888888889 0.07412060301507538 0.058333333333333334
1 0.11934673366834171 0.8277777777777777 0.06658291457286432 0.05925925925925926
3 1.6909547738693467 0.8870370370370371 0.05402010050251256 0.06574074074074074
2 1.7223618090452262 0.8648148148148148 0.04522613065326633 0.05092592592592592
1 1.056532663316583 1.2046296296296297 0.05150753768844221 0.05925925925925926
3 0.4321608040201005 0.49074074074074076 0.10804020100502512 0.05185185185185185
3 0.41708542713567837 0.5351851851851852 0.11306532663316583 0.05925925925925926
1 1.5829145728643217 0.30648148148148147 0.048994974874371856 0.044444444444444446
1 1.614321608040201 0.3398148148148148 0.04648241206030151 0.07037037037037037
2 0.6922110552763819 0.002777777777777778 0.06155778894472362 0.040740740740740744
2 1.7010050251256281 0.8898148148148148 0.0414572864321608 0.07777777777777778
2 0.6846733668341709 0.19907407407407407 0.05527638190954774 0.0962962962962963
1 0.001256281407035176 0.6314814814814815 0.05025125628140704 0.06296296296296296
2 0.013819095477386936 0.9453703703703704 0.07914572864321608 0.044444444444444446
2 1.7399497487437185 0.8898148148148148 0.02763819095477387 0.07037037037037037
2 1.7223618090452262 0.9305555555555556 0.04522613065326633 0.08148148148148149
1 1.714824120603015 0.8203703703703704 0.035175879396984924 0.04814814814814815
