1 0.9137168141592921 1.7546296296296295 0.029867256637168143 0.044444444444444446
1 1.4767699115044248 1.1416666666666666 0.03982300884955752 0.06018518518518518
1 1.6626106194690264 0.2777777777777778 0.05530973451327434 0.075
2 0.0 1.0703703703703704 0.034292035398230086 0.049074074074074076
2 1.7422566371681416 1.010185185185185 0.04756637168141593 0.05277777777777778
2 0.0 1.0064814814814815 0.034292035398230086 0.0712962962962963
2 1.7754424778761062 0.9731481481481481 0.022123893805309734 0.05555555555555555
1 0.6426991150442478 0.3824074074074074 0.04756637168141593 0.06851851851851852
2 0.7853982300884956 0.0 0.04092920353982301 0.037037037037037035
1 0.7887168141592921 1.424074074074074 0.032079646017699116 0.05555555555555555
2 0.9657079646017699 1.2583333333333333 0.03761061946902655 0.06759259259259259
2 1.0542035398230087 1.0212962962962964 0.05420353982300885 0.06759259259259259
2 1.1615044247787611 0.9648148148148148 0.05530973451327434 0.049074074074074076
2 0.8960176991150443 1.750925925925926 0.04535398230088496 0.04814814814814815
2 0.9037610619469026 1.739814814814815 0.0420353982300885 0.05555555555555555
1 0.8030973451327433 1.4685185185185186 0.02765486725663717 0.049074074074074076
2 0.0 1.0555555555555556 0.03982300884955752 0.06018518518518518
2 0.0 1.1009259259259259 0.034292035398230086 0.040740740740740744
2 0.9911504424778761 1.1416666666666666 0.05530973451327434 0.05277777777777778
2 1.7699115044247788 1.0027777777777778 0.02765486725663717 0.049074074074074076
1 0.32964601769911506 1.1305555555555555 0.05088495575221239 0.049074074074074076
2 0.0022123893805309734 1.1046296296296296 0.04535398230088496 0.037037037037037035
2 0.8429203539823009 1.5175925925925926 0.04535398230088496 0.06759259259259259
1 0.9137168141592921 1.510185185185185 0.04535398230088496 0.05277777777777778
1 1.7278761061946903 0.9351851851851852 0.03761061946902655 0.041666666666666664
1 1.7323008849557522 0.9277777777777778 0.033185840707964605 0.04537037037037037
3 0.5575221238938053 0.5518518518518518 0.09513274336283185 0.06388888888888888
1 0.8407079646017699 0.0712962962962963 0.035398230088495575 0.05555555555555555
3 1.165929203539823 0.3638888888888889 0.08296460176991151 0.06388888888888888
2 1.2688053097345133 1.0888888888888888 0.03761061946902655 0.05277777777777778
3 0.5608407079646017 0.612037037037037 0.11504424778761062 0.06388888888888888
2 1.0542035398230087 1.0888888888888888 0.07190265486725664 0.07592592592592592
2 1.7577433628318584 0.9648148148148148 0.0420353982300885 0.06851851851851852
1 0.34292035398230086 0.875 0.03982300884955752 0.06018518518518518
2 0.9037610619469026 1.1611111111111112 0.04756637168141593 0.0712962962962963
2 1.2986725663716814 1.0333333333333334 0.05530973451327434 0.05555555555555555
2 1.0564159292035398 0.8787037037037037 0.0420353982300885 0.06018518518518518
2 1.1294247787610618 0.8787037037037037 0.03982300884955752 0.05277777777777778
2 1.5674778761061947 1.0666666666666667 0.049778761061946904 0.05277777777777778
2 1.6393805309734513 1.0407407407407407 0.05088495575221239 0.04814814814814815
2 1.1084070796460177 1.1490740740740741 0.04092920353982301 0.06388888888888888
2 0.8528761061946902 1.762037037037037 0.02765486725663717 0.03333333333333333
2 0.7101769911504425 0.8935185185185185 0.04535398230088496 0.05277777777777778
2 0.7831858407079646 0.825925925925926 0.03982300884955752 0.06388888888888888
2 1.1039823008849559 0.0 0.04756637168141593 0.05925925925925926
2 1.1393805309734513 0.0 0.032079646017699116 0.05185185185185185
