2 0.9346733668341709 0.0 0.04396984924623116 0.03981481481481482
2 0.957286432160804 0.0 0.0364321608040201 0.04351851851851852
2 0.9811557788944724 0.0 0.04648241206030151 0.021296296296296296
2 1.0741206030150754 0.0 0.05150753768844221 0.06944444444444445
2 0.9371859296482412 0.0 0.05402010050251256 0.05092592592592592
2 0.792713567839196 0.5509259259259259 0.04648241206030151 0.05092592592592592
1 0.39949748743718594 0.49166666666666664 0.05402010050251256 0.06574074074074074
2 0.5879396984924623 1.549074074074074 0.04396984924623116 0.06296296296296296
2 1.1444723618090453 0.8916666666666667 0.04020100502512563 0.07037037037037037
2 0.621859296482412 1.7222222222222223 0.0414572864321608 0.037037037037037035
2 0.6155778894472361 1.7074074074074075 0.038944723618090454 0.05185185185185185
2 1.079145728643216 1.0425925925925925 0.04396984924623116 0.04814814814814815
2 1.0251256281407035 0.6018518518518519 0.048994974874371856 0.06944444444444445
2 0.9472361809045227 0.5287037037037037 0.05402010050251256 0.07314814814814814
2 0.9371859296482412 0.19814814814814816 0.04648241206030151 0.05462962962962963
2 0.4371859296482412 0.7268518518518519 0.0414572864321608 0.062037037037037036
2 0.8881909547738693 0.36666666666666664 0.09547738693467336 0.07685185185185185
2 1.7047738693467336 0.8703703703703703 0.05150753768844221 0.07314814814814814
2 1.728643216080402 0.9064814814814814 0.02763819095477387 0.06666666666666667
2 1.7160804020100502 0.887962962962963 0.04020100502512563 0.08148148148148149
2 0.016331658291457288 0.774074074074074 0.05150753768844221 0.06296296296296296
2 0.008793969849246231 0.8777777777777778 0.056532663316582916 0.05092592592592592
2 0.0 0.9879629629629629 0.028894472361809045 0.03981481481481482
3 0.22110552763819097 0.30833333333333335 0.11055276381909548 0.09166666666666666
3 0.21733668341708542 0.22037037037037038 0.12185929648241206 0.062037037037037036
1 1.0866834170854272 1.1083333333333334 0.0414572864321608 0.05185185185185185
2 0.0 0.4583333333333333 0.06281407035175879 0.06296296296296296
2 0.0037688442211055275 0.8555555555555555 0.056532663316582916 0.058333333333333334
2 0.7123115577889447 1.3185185185185184 0.04396984924623116 0.06944444444444445
1 1.721105527638191 0.9944444444444445 0.035175879396984924 0.05555555555555555
2 1.7185929648241205 0.9944444444444445 0.035175879396984924 0.05555555555555555
1 0.6444723618090452 1.0240740740740741 0.038944723618090454 0.06666666666666667
2 0.0 0.42592592592592593 0.052763819095477386 0.06944444444444445
2 0.6859296482412061 1.5092592592592593 0.048994974874371856 0.05092592592592592
2 0.800251256281407 1.2407407407407407 0.035175879396984924 0.06666666666666667
2 0.8278894472361809 1.2592592592592593 0.038944723618090454 0.05925925925925926
1 0.8077889447236181 1.4759259259259259 0.028894472361809045 0.05555555555555555
1 0.8517587939698492 1.4907407407407407 0.028894472361809045 0.044444444444444446
1 1.521356783919598 0.9944444444444445 0.031407035175879394 0.05185185185185185
1 1.7072864321608041 0.9879629629629629 0.03391959798994975 0.062037037037037036
2 1.1746231155778895 0.9435185185185185 0.07035175879396985 0.05092592592592592
2 1.0037688442211055 0.0 0.052763819095477386 0.062037037037037036
2 1.0891959798994975 0.6712962962962963 0.048994974874371856 0.07407407407407407
1 0.0 0.7814814814814814 0.06281407035175879 0.05925925925925926
2 0.5025125628140703 0.9879629629629629 0.048994974874371856 0.062037037037037036
1 0.1507537688442211 1.1083333333333334 0.056532663316582916 0.037037037037037035
1 0.12437185929648241 1.0240740740740741 0.05527638190954774 0.05185185185185185
1 0.5201005025125628 0.21296296296296297 0.03391959798994975 0.09166666666666666
1 0.5590452261306532 0.19814814814814816 0.03391959798994975 0.12129629629629629
2 0.9422110552763819 0.6861111111111111 0.056532663316582916 0.08796296296296297
2 1.6922110552763818 0.7851851851851852 0.0414572864321608 0.05185185185185185
2 0.10175879396984924 0.46574074074074073 0.06909547738693467 0.07407407407407407
2 0.08793969849246232 0.7490740740740741 0.06281407035175879 0.062037037037037036
2 0.7487437185929648 1.425 0.056532663316582916 0.06574074074074074
2 0.7374371859296482 1.6777777777777778 0.04396984924623116 0.06666666666666667
2 0.008793969849246231 0.8842592592592593 0.06909547738693467 0.05925925925925926
2 0.008793969849246231 0.9064814814814814 0.08040201005025126 0.06296296296296296
2 0.6520100502512562 1.662962962962963 0.05150753768844221 0.07037037037037037
2 0.7512562814070352 1.586111111111111 0.048994974874371856 0.06666666666666667
2 0.026381909547738693 0.887962962962963 0.048994974874371856 0.05185185185185185
1 1.0552763819095476 0.08796296296296297 0.0364321608040201 0.08425925925925926
1 0.6520100502512562 0.002777777777777778 0.052763819095477386 0.05555555555555555
1 1.7160804020100502 0.7083333333333334 0.035175879396984924 0.05555555555555555
2 1.050251256281407 0.9287037037037037 0.05778894472361809 0.08796296296296297
2 0.016331658291457288 0.8555555555555555 0.06909547738693467 0.058333333333333334
1 0.0 0.9657407407407408 0.05527638190954774 0.03981481481481482
2 0.0 0.8953703703703704 0.07035175879396985 0.05925925925925926
2 1.1595477386934674 0.7453703703703703 0.059045226130653265 0.08055555555555556
2 1.0251256281407035 1.2444444444444445 0.048994974874371856 0.05555555555555555
1 0.835427135678392 1.637962962962963 0.05778894472361809 0.08796296296296297
1 0.07537688442211055 1.05 0.05778894472361809 0.05185185185185185
1 0.08793969849246232 1.112037037037037 0.06281407035175879 0.04814814814814815
1 1.7072864321608041 0.9694444444444444 0.031407035175879394 0.05462962962962963
2 0.6884422110552764 1.6814814814814816 0.05150753768844221 0.07407407407407407
2 1.6771356783919598 0.7888888888888889 0.059045226130653265 0.07407407407407407
2 0.7173366834170855 1.6666666666666667 0.04648241206030151 0.08518518518518518
1 0.7738693467336684 1.512962962962963 0.05150753768844221 0.06574074074074074
2 0.678391959798995 1.6666666666666667 0.04648241206030151 0.07777777777777778
2 1.0402010050251256 0.7231481481481481 0.038944723618090454 0.08425925925925926
