2 1.7123115577889447 0.8777777777777778 0.04396984924623116 0.09166666666666666
1 0.39321608040201006 0.6425925925925926 0.07035175879396985 0.07685185185185185
3 0.25879396984924624 0.7194444444444444 0.0992462311557789 0.07685185185185185
1 0.8103015075376885 1.6814814814814816 0.08542713567839195 0.07037037037037037
1 0.957286432160804 1.1861111111111111 0.06281407035175879 0.062037037037037036
1 0.7952261306532663 1.487037037037037 0.06407035175879397 0.07314814814814814
1 0.4371859296482412 1.1935185185185184 0.06281407035175879 0.08425925925925926
2 0.7298994974874372 1.6814814814814816 0.06532663316582915 0.07407407407407407
2 0.48115577889447236 0.9546296296296296 0.09045226130653267 0.06944444444444445
2 0.008793969849246231 0.9027777777777778 0.0829145728643216 0.06666666666666667
2 0.06281407035175879 0.8666666666666667 0.08793969849246232 0.062037037037037036
2 0.02386934673366834 0.8777777777777778 0.059045226130653265 0.04351851851851852
2 0.0 0.7638888888888888 0.0678391959798995 0.08425925925925926
3 0.9861809045226131 0.575925925925926 0.07537688442211055 0.05925925925925926
2 0.5590452261306532 0.24166666666666667 0.0829145728643216 0.09907407407407408
2 1.67964824120603 0.8444444444444444 0.07663316582914573 0.06944444444444445
1 1.670854271356784 0.7814814814814814 0.08040201005025126 0.07777777777777778
2 0.9057788944723618 0.0 0.0678391959798995 0.06944444444444445
1 0.5690954773869347 0.013888888888888888 0.06281407035175879 0.08518518518518518
1 1.2399497487437185 0.525 0.07914572864321608 0.062037037037037036
1 1.7097989949748744 1.0018518518518518 0.0414572864321608 0.05555555555555555
6 0.20979899497487436 0.31203703703703706 0.12185929648241206 0.06944444444444445
2 0.6658291457286433 0.9916666666666667 0.12311557788944724 0.06944444444444445
