3 0.9911616161616161 0.2796296296296296 0.05303030303030303 0.06388888888888888
3 1.0441919191919191 0.29074074074074074 0.05555555555555555 0.05648148148148148
1 1.1376262626262625 0.7027777777777777 0.04040404040404041 0.09814814814814815
3 1.0063131313131313 0.31666666666666665 0.07575757575757576 0.07592592592592592
1 0.17045454545454544 0.44537037037037036 0.07323232323232323 0.05277777777777778
1 0.49242424242424243 0.48333333333333334 0.08080808080808081 0.05277777777777778
1 0.041666666666666664 0.49444444444444446 0.045454545454545456 0.05648148148148148
1 0.6994949494949495 0.0712962962962963 0.07575757575757576 0.05648148148148148
2 1.0113636363636365 0.29074074074074074 0.05303030303030303 0.06018518518518518
2 0.9987373737373737 0.44907407407407407 0.04292929292929293 0.06481481481481481
1 0.5505050505050505 0.5398148148148149 0.03535353535353535 0.09074074074074075
1 0.7095959595959596 1.287962962962963 0.045454545454545456 0.05277777777777778
1 0.7626262626262627 1.299074074074074 0.03535353535353535 0.053703703703703705
3 0.8459595959595959 1.7638888888888888 0.03535353535353535 0.04537037037037037
1 0.9785353535353535 1.325925925925926 0.04040404040404041 0.04537037037037037
1 1.0517676767676767 1.151851851851852 0.04292929292929293 0.04537037037037037
1 0.7045454545454546 1.1185185185185185 0.06818181818181818 0.05277777777777778
1 0.6085858585858586 1.2583333333333333 0.04292929292929293 0.04537037037037037
2 0.38257575757575757 1.0240740740740741 0.07449494949494949 0.05277777777777778
2 0.1527777777777778 1.0574074074074074 0.047979797979797977 0.08703703703703704
2 0.5151515151515151 0.8722222222222222 0.04040404040404041 0.06111111111111111
2 0.0 1.0240740740740741 0.04924242424242424 0.040740740740740744
2 0.76010101010101 0.9212962962962963 0.03787878787878788 0.06111111111111111
1 1.452020202020202 1.0953703703703703 0.050505050505050504 0.049074074074074076
2 1.0593434343434343 0.049074074074074076 0.05303030303030303 0.04537037037037037
2 1.0138888888888888 0.040740740740740744 0.045454545454545456 0.06481481481481481
1 0.7651515151515151 1.2694444444444444 0.027777777777777776 0.049074074074074076
1 0.8560606060606061 1.3185185185185184 0.025252525252525252 0.049074074074074076
1 0.797979797979798 1.2657407407407408 0.027777777777777776 0.049074074074074076
2 0.9608585858585859 1.1407407407407408 0.06313131313131314 0.07222222222222222
1 0.7121212121212122 1.276851851851852 0.03282828282828283 0.04537037037037037
2 0.5782828282828283 1.000925925925926 0.045454545454545456 0.06018518518518518
2 0.7550505050505051 1.1824074074074074 0.03535353535353535 0.05277777777777778
2 0.008838383838383838 1.1407407407407408 0.05808080808080808 0.04537037037037037
2 0.8181818181818182 0.6342592592592593 0.0707070707070707 0.05277777777777778
