2 1.7537688442211055 0.9064814814814814 0.008793969849246231 0.07407407407407407
2 0.964824120603015 0.8481481481481481 0.09170854271356783 0.06574074074074074
1 0.8806532663316583 0.962037037037037 0.06909547738693467 0.08796296296296297
1 0.9346733668341709 1.0240740740740741 0.059045226130653265 0.09166666666666666
2 0.30778894472361806 0.9287037037037037 0.0829145728643216 0.08796296296296297
2 0.008793969849246231 0.8703703703703703 0.07412060301507538 0.06944444444444445
2 0.0 0.45092592592592595 0.07537688442211055 0.08518518518518518
1 0.6293969849246231 0.0 0.08040201005025126 0.032407407407407406
2 0.5314070351758794 0.006481481481481481 0.09045226130653267 0.1
2 0.5389447236180904 0.0 0.09296482412060302 0.08796296296296297
2 0.8329145728643216 0.0 0.08040201005025126 0.013888888888888888
2 1.6582914572864322 0.7601851851851852 0.09547738693467336 0.09166666666666666
3 0.8442211055276382 0.7194444444444444 0.12688442211055276 0.06944444444444445
3 1.0552763819095476 0.7342592592592593 0.10678391959798995 0.08796296296296297
2 1.7512562814070352 0.887962962962963 0.008793969849246231 0.06666666666666667
2 1.2989949748743719 0.9546296296296296 0.09045226130653267 0.058333333333333334
2 0.7324120603015075 1.6453703703703704 0.07788944723618091 0.10648148148148148
2 0.0 0.7601851851851852 0.031407035175879394 0.10648148148148148
1 0.742462311557789 1.2851851851851852 0.04396984924623116 0.062037037037037036
1 0.8932160804020101 1.1898148148148149 0.05402010050251256 0.06574074074074074
2 0.6344221105527639 1.6194444444444445 0.08793969849246232 0.11388888888888889
2 0.9422110552763819 0.0 0.08040201005025126 0.013888888888888888
2 0.9962311557788944 0.0 0.0829145728643216 0.013888888888888888
2 0.8881909547738693 0.0 0.06909547738693467 0.021296296296296296
2 0.8982412060301508 0.006481481481481481 0.08040201005025126 0.06296296296296296
1 0.5314070351758794 0.0 0.056532663316582916 0.08055555555555556
2 0.6633165829145728 1.6453703703703704 0.08542713567839195 0.10648148148148148
2 1.4698492462311559 0.8703703703703703 0.09798994974874371 0.1388888888888889
2 0.03391959798994975 0.8629629629629629 0.09045226130653267 0.08796296296296297
2 0.9962311557788944 0.9657407407407408 0.0829145728643216 0.07314814814814814
2 0.8103015075376885 1.1194444444444445 0.08793969849246232 0.08148148148148149
2 0.9346733668341709 0.8037037037037037 0.048994974874371856 0.07777777777777778
2 0.8592964824120602 0.8 0.0829145728643216 0.06296296296296296
1 0.0 0.010185185185185186 0.06281407035175879 0.11018518518518519
2 0.013819095477386936 0.8777777777777778 0.07537688442211055 0.09166666666666666
2 0.00628140703517588 0.8074074074074075 0.08165829145728644 0.08425925925925926
2 1.6896984924623115 0.8148148148148148 0.06658291457286432 0.09166666666666666
2 0.5565326633165829 1.1935185185185184 0.07537688442211055 0.07685185185185185
1 1.0037688442211055 0.0 0.05150753768844221 0.08055555555555556
1 0.08040201005025126 1.1046296296296296 0.05150753768844221 0.07037037037037037
2 0.02135678391959799 0.8842592592592593 0.08040201005025126 0.10740740740740741
1 0.5050251256281407 1.1712962962962963 0.06407035175879397 0.08796296296296297
