2 1.6347150259067358 1.0851851851851853 0.10362694300518134 0.1037037037037037
2 0.8290155440414507 1.663888888888889 0.08290155440414508 0.11944444444444445
2 0.5427461139896373 0.0 0.06735751295336788 0.07314814814814814
2 0.5012953367875648 0.041666666666666664 0.08031088082901554 0.09722222222222222
2 0.3160621761658031 0.041666666666666664 0.06735751295336788 0.06944444444444445
2 0.5764248704663213 0.03796296296296296 0.07253886010362694 0.11203703703703703
1 0.44559585492227977 1.3046296296296296 0.12564766839378239 0.10833333333333334
2 0.6308290155440415 1.5833333333333333 0.11010362694300518 0.1537037037037037
1 0.19300518134715025 0.7138888888888889 0.12823834196891193 0.08148148148148149
2 1.7357512953367875 1.05 0.08808290155440414 0.1
2 1.7772020725388602 1.0194444444444444 0.07253886010362694 0.08425925925925926
1 0.029792746113989636 0.9842592592592593 0.05699481865284974 0.07314814814814814
1 0.1800518134715026 0.3351851851851852 0.06347150259067358 0.08518518518518518
2 0.20595854922279794 1.1657407407407407 0.10751295336787564 0.10092592592592593
2 0.9987046632124352 1.4555555555555555 0.10621761658031088 0.13148148148148148
2 0.7875647668393783 1.787962962962963 0.08290155440414508 0.05
1 0.11528497409326424 1.4203703703703703 0.09326424870466321 0.09722222222222222
1 0.8626943005181347 0.0 0.05699481865284974 0.03796296296296296
1 0.5531088082901554 0.7527777777777778 0.11139896373056994 0.06574074074074074
1 0.8704663212435233 1.4398148148148149 0.15414507772020725 0.12037037037037036
1 0.16709844559585493 0.38981481481481484 0.10751295336787564 0.09259259259259259
1 0.46113989637305697 0.30092592592592593 0.12305699481865284 0.11203703703703703
2 0.08678756476683938 1.0611111111111111 0.13212435233160622 0.12037037037037036
1 0.20595854922279794 0.7870370370370371 0.12046632124352331 0.08518518518518518
1 0.1878238341968912 0.825925925925926 0.11010362694300518 0.09259259259259259
1 0.23834196891191708 0.8222222222222222 0.14766839378238342 0.12314814814814815
1 0.04533678756476684 0.5861111111111111 0.09585492227979274 0.09351851851851851
1 0.38082901554404147 0.7796296296296297 0.11010362694300518 0.0962962962962963
1 1.7279792746113989 1.0462962962962963 0.07512953367875648 0.08518518518518518
1 1.2098445595854923 1.0425925925925925 0.10103626943005181 0.08888888888888889
1 1.7564766839378239 0.95 0.06217616580310881 0.06481481481481481
1 1.660621761658031 1.0305555555555554 0.08549222797927461 0.06944444444444445
1 1.717616580310881 1.0694444444444444 0.07253886010362694 0.062037037037037036
2 0.810880829015544 0.95 0.1411917098445596 0.11574074074074074
2 0.11269430051813471 0.9305555555555556 0.14378238341968913 0.12314814814814815
2 0.35751295336787564 1.489814814814815 0.13860103626943004 0.12037037037037036
1 0.5660621761658031 0.7796296296296297 0.11658031088082901 0.07314814814814814
2 0.5064766839378239 0.9537037037037037 0.13730569948186527 0.1037037037037037
2 0.8031088082901554 0.7870370370370371 0.12435233160621761 0.10833333333333334
2 0.9119170984455959 0.9842592592592593 0.133419689119171 0.10462962962962963
1 0.8652849740932642 0.5212962962962963 0.07642487046632124 0.0962962962962963
2 0.6437823834196891 0.9416666666666667 0.15155440414507773 0.12777777777777777
2 1.5505181347150259 1.0231481481481481 0.133419689119171 0.0962962962962963
2 1.7124352331606219 1.0425925925925925 0.04404145077720207 0.08055555555555556
2 1.7538860103626943 1.011111111111111 0.06476683937823834 0.07777777777777778
2 1.7772020725388602 1.0925925925925926 0.05699481865284974 0.08055555555555556
2 0.7512953367875648 0.0 0.05958549222797927 0.05740740740740741
2 0.7202072538860104 0.37037037037037035 0.11398963730569948 0.0962962962962963
1 0.8963730569948186 0.08796296296296297 0.04533678756476684 0.07777777777777778
1 0.8886010362694301 0.08055555555555556 0.07124352331606218 0.08518518518518518
1 0.9248704663212435 0.003703703703703704 0.07383419689119171 0.07685185185185185
1 1.3808290155440415 1.2851851851851852 0.1411917098445596 0.10462962962962963
1 1.2020725388601037 1.4361111111111111 0.07772020725388601 0.06944444444444445
1 1.2046632124352332 1.3703703703703705 0.06994818652849741 0.10092592592592593
1 0.5038860103626943 1.4824074074074074 0.08290155440414508 0.11203703703703703
