2 1.771978021978022 0.9398148148148148 0.042582417582417584 0.03425925925925926
1 1.0741758241758241 0.6194444444444445 0.042582417582417584 0.03888888888888889
3 1.5796703296703296 1.012037037037037 0.08516483516483517 0.041666666666666664
2 1.2980769230769231 0.9666666666666667 0.06593406593406594 0.03425925925925926
2 1.1978021978021978 0.9814814814814815 0.057692307692307696 0.03425925925925926
2 1.081043956043956 0.9851851851851852 0.050824175824175824 0.04537037037037037
2 0.8035714285714286 0.9814814814814815 0.06593406593406594 0.06111111111111111
2 0.0 0.9055555555555556 0.046703296703296704 0.05277777777777778
2 0.14835164835164835 0.9925925925925926 0.06593406593406594 0.04259259259259259
1 0.27472527472527475 0.5814814814814815 0.04807692307692308 0.053703703703703705
1 1.4752747252747254 0.6842592592592592 0.04532967032967033 0.06851851851851852
1 1.4711538461538463 1.201851851851852 0.042582417582417584 0.05
2 1.3214285714285714 1.05 0.04532967032967033 0.053703703703703705
2 0.33516483516483514 0.9888888888888889 0.06593406593406594 0.046296296296296294
2 0.23626373626373626 1.0083333333333333 0.059065934065934064 0.049074074074074076
1 1.7664835164835164 0.687962962962963 0.04807692307692308 0.05
