2 1.696629213483146 1.1824074074074074 0.05337078651685393 0.06666666666666667
2 1.7808988764044944 1.2055555555555555 0.07865168539325842 0.058333333333333334
1 0.9536516853932584 0.6435185185185185 0.0702247191011236 0.08148148148148149
1 1.7808988764044944 0.5231481481481481 0.0449438202247191 0.07777777777777778
1 0.4803370786516854 1.2212962962962963 0.07443820224719101 0.06574074074074074
1 1.4213483146067416 1.3064814814814816 0.060393258426966294 0.07037037037037037
1 1.771067415730337 0.55 0.03651685393258427 0.058333333333333334
1 1.8174157303370786 1.364814814814815 0.03932584269662921 0.058333333333333334
2 1.8258426966292134 0.9268518518518518 0.033707865168539325 0.08148148148148149
1 1.8202247191011236 1.423148148148148 0.03932584269662921 0.058333333333333334
1 0.7471910112359551 1.2333333333333334 0.07162921348314606 0.062037037037037036
