2 0.7678571428571429 0.8898148148148148 0.05357142857142857 0.046296296296296294
1 0.0 0.7342592592592593 0.042582417582417584 0.03796296296296296
1 0.006868131868131868 0.6962962962962963 0.03571428571428571 0.03425925925925926
1 0.0013736263736263737 0.6537037037037037 0.04532967032967033 0.03888888888888889
2 0.9821428571428571 1.7842592592592592 0.04120879120879121 0.03425925925925926
1 0.6840659340659341 0.3416666666666667 0.059065934065934064 0.053703703703703705
2 0.0 0.8981481481481481 0.06456043956043957 0.049074074074074076
2 1.745879120879121 1.0462962962962963 0.06868131868131869 0.041666666666666664
2 0.9478021978021978 1.762037037037037 0.07554945054945054 0.06018518518518518
2 1.0755494505494505 1.0046296296296295 0.08379120879120878 0.05648148148148148
2 0.046703296703296704 0.8824074074074074 0.08104395604395605 0.06111111111111111
2 0.364010989010989 0.8861111111111111 0.06318681318681318 0.05
2 0.2774725274725275 0.9703703703703703 0.07280219780219781 0.05277777777777778
2 0.28708791208791207 0.9361111111111111 0.05357142857142857 0.049074074074074076
1 1.0178571428571428 0.37222222222222223 0.042582417582417584 0.05740740740740741
1 0.20192307692307693 0.49074074074074076 0.050824175824175824 0.049074074074074076
1 1.0892857142857142 1.5787037037037037 0.03296703296703297 0.05
1 1.1236263736263736 1.5407407407407407 0.046703296703296704 0.05
