2 1.1275510204081634 1.7694444444444444 0.04336734693877551 0.053703703703703705
1 1.1377551020408163 0.14444444444444443 0.058673469387755105 0.05740740740740741
2 0.8966836734693877 1.349074074074074 0.047193877551020405 0.06111111111111111
2 1.6581632653061225 0.6342592592592593 0.058673469387755105 0.06851851851851852
2 1.2691326530612246 1.1083333333333334 0.03571428571428571 0.06851851851851852
2 1.155612244897959 0.5962962962962963 0.05357142857142857 0.05277777777777778
2 1.4221938775510203 0.9435185185185185 0.04591836734693878 0.06944444444444445
2 1.125 0.5194444444444445 0.05102040816326531 0.08055555555555556
2 1.096938775510204 0.20555555555555555 0.04846938775510204 0.06944444444444445
2 0.9119897959183674 1.1425925925925926 0.04974489795918367 0.07314814814814814
1 0.9145408163265306 1.2916666666666667 0.04974489795918367 0.07685185185185185
1 1.1734693877551021 1.5629629629629629 0.04591836734693878 0.06574074074074074
1 1.2142857142857142 1.2953703703703703 0.03443877551020408 0.06944444444444445
1 1.3839285714285714 0.9435185185185185 0.04846938775510204 0.0962962962962963
6 1.625 0.9287037037037037 0.18112244897959184 0.10277777777777777
1 1.2168367346938775 1.3074074074074074 0.042091836734693876 0.06481481481481481
1 1.6301020408163265 0.5574074074074075 0.058673469387755105 0.06944444444444445
1 0.6619897959183674 1.0277777777777777 0.05612244897959184 0.06944444444444445
1 0.5357142857142857 0.8101851851851852 0.04846938775510204 0.06481481481481481
1 0.6517857142857143 1.173148148148148 0.058673469387755105 0.06851851851851852
2 1.0153061224489797 1.7925925925925925 0.05102040816326531 0.03425925925925926
1 1.0535714285714286 1.25 0.04591836734693878 0.08796296296296297
2 0.4923469387755102 0.9324074074074075 0.05612244897959184 0.08425925925925926
1 1.340561224489796 0.14074074074074075 0.058673469387755105 0.09166666666666666
2 1.0994897959183674 1.5824074074074075 0.04336734693877551 0.06111111111111111
3 1.0765306122448979 1.3722222222222222 0.058673469387755105 0.09907407407407408
2 1.1658163265306123 0.7185185185185186 0.05357142857142857 0.09166666666666666
2 1.0714285714285714 1.5324074074074074 0.04081632653061224 0.07314814814814814
2 0.9642857142857143 1.3111111111111111 0.04336734693877551 0.06481481481481481
2 0.9744897959183674 1.3796296296296295 0.061224489795918366 0.09907407407407408
2 0.8201530612244898 0.7675925925925926 0.05612244897959184 0.053703703703703705
2 0.7130102040816326 1.173148148148148 0.05612244897959184 0.07314814814814814
2 0.413265306122449 1.000925925925926 0.05357142857142857 0.08425925925925926
1 1.6454081632653061 0.7064814814814815 0.03826530612244898 0.07685185185185185
2 0.8278061224489796 1.3037037037037038 0.08418367346938775 0.07222222222222222
2 1.3303571428571428 0.07592592592592592 0.05102040816326531 0.08425925925925926
2 0.9566326530612245 0.20555555555555555 0.04591836734693878 0.053703703703703705
2 0.7818877551020408 0.6148148148148148 0.05102040816326531 0.06111111111111111
2 0.8737244897959183 0.5925925925925926 0.04974489795918367 0.06481481481481481
