2 0.006510416666666667 1.136111111111111 0.0546875 0.07777777777777778
2 0.8502604166666666 1.7805555555555554 0.07291666666666667 0.07314814814814814
1 0.6184895833333334 1.4583333333333333 0.06380208333333333 0.09259259259259259
2 1.7578125 1.1166666666666667 0.09114583333333333 0.09351851851851851
2 1.7630208333333333 1.0935185185185186 0.08854166666666667 0.09351851851851851
2 0.7447916666666666 0.5657407407407408 0.044270833333333336 0.09722222222222222
2 0.33203125 0.7870370370370371 0.08984375 0.09351851851851851
1 0.053385416666666664 1.299074074074074 0.0703125 0.058333333333333334
1 0.17708333333333334 0.5231481481481481 0.06510416666666667 0.08888888888888889
2 1.5234375 1.0777777777777777 0.06510416666666667 0.09351851851851851
2 0.87109375 0.0 0.07682291666666667 0.09259259259259259
2 0.8346354166666666 0.0 0.08333333333333333 0.08518518518518518
2 1.0208333333333333 0.6277777777777778 0.06380208333333333 0.09351851851851851
2 0.96875 0.4925925925925926 0.06510416666666667 0.11203703703703703
6 0.0 1.1324074074074073 0.11067708333333333 0.10092592592592593
1 0.7526041666666666 0.7018518518518518 0.08203125 0.08888888888888889
1 0.4244791666666667 0.962037037037037 0.06510416666666667 0.07314814814814814
2 0.5052083333333334 1.249074074074074 0.06380208333333333 0.09259259259259259
2 1.7864583333333333 1.2833333333333334 0.059895833333333336 0.09351851851851851
1 1.3736979166666667 1.2055555555555555 0.06510416666666667 0.13240740740740742
1 0.4322916666666667 0.8333333333333334 0.0625 0.09351851851851851
