1 0.40816326530612246 0.09907407407407408 0.061224489795918366 0.053703703703703705
1 1.0076530612244898 1.7425925925925927 0.03316326530612245 0.08796296296296297
2 0.8048469387755102 0.6231481481481481 0.058673469387755105 0.05277777777777778
2 1.0025510204081634 0.5231481481481481 0.08673469387755102 0.07685185185185185
2 1.0994897959183674 0.4925925925925926 0.03571428571428571 0.08796296296296297
2 1.058673469387755 0.11388888888888889 0.04081632653061224 0.09166666666666666
2 0.8992346938775511 0.6611111111111111 0.05994897959183673 0.053703703703703705
2 0.9209183673469388 0.55 0.061224489795918366 0.09166666666666666
1 1.0357142857142858 1.738888888888889 0.04081632653061224 0.09166666666666666
1 1.1045918367346939 1.5055555555555555 0.05102040816326531 0.07685185185185185
1 1.1301020408163265 1.3453703703703703 0.061224489795918366 0.07222222222222222
1 1.1862244897959184 0.1527777777777778 0.05229591836734694 0.05277777777777778
1 1.4834183673469388 0.1675925925925926 0.03571428571428571 0.053703703703703705
1 1.211734693877551 0.5657407407407408 0.036989795918367346 0.05277777777777778
2 0.8431122448979592 0.8712962962962963 0.061224489795918366 0.07685185185185185
2 1.0 1.750925925925926 0.058673469387755105 0.07962962962962963
1 1.1938775510204083 1.2574074074074073 0.03443877551020408 0.06481481481481481
1 1.2168367346938775 1.2685185185185186 0.03443877551020408 0.09166666666666666
1 1.2091836734693877 1.2842592592592592 0.02423469387755102 0.053703703703703705
6 1.625 0.9518518518518518 0.17857142857142858 0.07592592592592592
2 1.1198979591836735 1.662962962962963 0.0663265306122449 0.09166666666666666
1 1.6071428571428572 0.9666666666666667 0.03571428571428571 0.03796296296296296
1 1.7142857142857142 0.9861111111111112 0.025510204081632654 0.06111111111111111
1 1.6938775510204083 1.0092592592592593 0.02806122448979592 0.04537037037037037
