2 0.7858974358974359 0.7342592592592593 0.05641025641025641 0.06481481481481481
2 1.008974358974359 0.9925925925925926 0.07692307692307693 0.07222222222222222
2 0.6410256410256411 1.1601851851851852 0.06153846153846154 0.08425925925925926
1 0.9128205128205128 1.225 0.04358974358974359 0.07962962962962963
2 0.7576923076923077 1.7351851851851852 0.05384615384615385 0.06851851851851852
1 0.9692307692307692 1.7277777777777779 0.03205128205128205 0.06018518518518518
2 1.278205128205128 0.9666666666666667 0.07051282051282051 0.08703703703703704
2 1.3115384615384615 0.825 0.047435897435897434 0.08796296296296297
1 0.9128205128205128 1.7314814814814814 0.035897435897435895 0.07222222222222222
1 1.3948717948717948 0.07592592592592592 0.041025641025641026 0.06481481481481481
1 1.2935897435897437 0.10648148148148148 0.057692307692307696 0.07222222222222222
1 1.1307692307692307 0.09074074074074075 0.06153846153846154 0.08425925925925926
1 1.073076923076923 0.02962962962962963 0.03974358974358974 0.06481481481481481
1 1.1076923076923078 0.014814814814814815 0.05384615384615385 0.06851851851851852
2 1.721794871794872 0.9435185185185185 0.07435897435897436 0.06851851851851852
1 0.24487179487179486 0.8175925925925925 0.05128205128205128 0.06111111111111111
2 0.2205128205128205 1.0425925925925925 0.08333333333333333 0.08333333333333333
2 0.8423076923076923 1.7314814814814814 0.029487179487179487 0.06851851851851852
1 1.4961538461538462 0.5361111111111111 0.04871794871794872 0.09537037037037037
2 0.8948717948717949 1.7351851851851852 0.05384615384615385 0.08333333333333333
2 0.7371794871794872 1.7657407407407408 0.08205128205128205 0.05277777777777778
2 0.9538461538461539 0.525 0.05 0.07962962962962963
1 1.1358974358974359 1.0731481481481482 0.04358974358974359 0.07222222222222222
1 1.4884615384615385 0.5435185185185185 0.041025641025641026 0.06481481481481481
2 0.8589743589743589 1.5527777777777778 0.035897435897435895 0.06388888888888888
