1 0.7598314606741573 1.5555555555555556 0.0702247191011236 0.07314814814814814
1 1.8132022471910112 1.3111111111111111 0.04073033707865169 0.0962962962962963
2 0.0 1.0157407407407408 0.037921348314606744 0.062037037037037036
2 1.8328651685393258 1.2138888888888888 0.026685393258426966 0.058333333333333334
1 1.8328651685393258 0.8953703703703704 0.026685393258426966 0.06666666666666667
1 0.21910112359550563 0.825925925925926 0.054775280898876406 0.06944444444444445
1 0.9971910112359551 0.8685185185185185 0.05758426966292135 0.07407407407407407
6 0.016853932584269662 1.1435185185185186 0.2542134831460674 0.07777777777777778
1 0.21910112359550563 0.8064814814814815 0.0702247191011236 0.058333333333333334
1 1.8132022471910112 0.5694444444444444 0.03089887640449438 0.07407407407407407
3 0.20084269662921347 1.1824074074074074 0.10674157303370786 0.05092592592592592
1 0.2991573033707865 0.7712962962962963 0.06179775280898876 0.06574074074074074
