1 0.0 1.1083333333333334 0.06347150259067358 0.053703703703703705
2 0.8523316062176166 0.8685185185185185 0.08678756476683938 0.09259259259259259
1 1.782383419689119 0.9805555555555555 0.06476683937823834 0.053703703703703705
1 0.06088082901554404 0.5824074074074074 0.06994818652849741 0.09259259259259259
1 0.1878238341968912 0.37407407407407406 0.06088082901554404 0.09259259259259259
1 0.1489637305699482 0.8916666666666667 0.08678756476683938 0.062037037037037036
2 0.0 1.0925925925925926 0.03756476683937824 0.053703703703703705
1 0.40932642487046633 0.0 0.08678756476683938 0.07685185185185185
2 0.43005181347150256 0.18518518518518517 0.07642487046632124 0.1037037037037037
1 0.483160621761658 1.575 0.06476683937823834 0.08518518518518518
1 0.09715025906735751 0.5398148148148149 0.05699481865284974 0.08888888888888889
1 0.10492227979274611 1.3009259259259258 0.10103626943005181 0.09259259259259259
2 1.3212435233160622 1.1583333333333334 0.08419689119170984 0.06944444444444445
1 0.8575129533678757 0.23148148148148148 0.07642487046632124 0.11203703703703703
1 0.19818652849740934 0.9416666666666667 0.034974093264248704 0.05
1 0.40932642487046633 1.4435185185185184 0.04922279792746114 0.08148148148148149
1 0.40414507772020725 0.4009259259259259 0.07642487046632124 0.06944444444444445
1 0.810880829015544 0.25462962962962965 0.08290155440414508 0.11574074074074074
2 1.3601036269430051 1.0731481481481482 0.08419689119170984 0.058333333333333334
1 0.18523316062176165 0.8416666666666667 0.10751295336787564 0.08888888888888889
1 0.0 0.9731481481481481 0.04015544041450777 0.09259259259259259
1 0.23834196891191708 0.8101851851851852 0.13471502590673576 0.09259259259259259
1 0.05569948186528497 0.9574074074074074 0.06476683937823834 0.07314814814814814
2 1.7461139896373057 1.0962962962962963 0.07512953367875648 0.053703703703703705
2 0.25906735751295334 1.3166666666666667 0.03626943005181347 0.053703703703703705
2 0.4650259067357513 0.937962962962963 0.08808290155440414 0.08888888888888889
2 1.8238341968911918 1.1777777777777778 0.025906735751295335 0.06111111111111111
1 0.21632124352331605 0.9768518518518519 0.03756476683937824 0.04259259259259259
2 1.7487046632124352 1.1 0.08549222797927461 0.062037037037037036
2 1.7202072538860103 1.0305555555555554 0.11398963730569948 0.06574074074074074
2 1.7487046632124352 1.135185185185185 0.09326424870466321 0.06574074074074074
2 1.599740932642487 1.200925925925926 0.023316062176165803 0.05
2 1.7227979274611398 1.0574074074074074 0.09585492227979274 0.05462962962962963
2 1.7487046632124352 1.05 0.10103626943005181 0.0962962962962963
2 0.8886010362694301 1.799074074074074 0.038860103626943004 0.05
1 0.8497409326424871 0.011111111111111112 0.07772020725388601 0.058333333333333334
1 0.944300518134715 1.4592592592592593 0.06217616580310881 0.07314814814814814
1 0.8082901554404145 1.7064814814814815 0.06476683937823834 0.058333333333333334
1 0.9145077720207254 1.613888888888889 0.050518134715025906 0.053703703703703705
1 0.727979274611399 0.0 0.11398963730569948 0.06944444444444445
1 0.0 1.0574074074074074 0.06088082901554404 0.062037037037037036
2 0.7383419689119171 0.45555555555555555 0.10103626943005181 0.09259259259259259
2 0.33678756476683935 0.30092592592592593 0.10880829015544041 0.053703703703703705
2 0.0 1.0694444444444444 0.10492227979274611 0.053703703703703705
2 0.0 1.0194444444444444 0.034974093264248704 0.08888888888888889
1 0.0 1.3046296296296296 0.08419689119170984 0.09259259259259259
2 0.8678756476683938 0.9731481481481481 0.08678756476683938 0.09259259259259259
1 1.1256476683937824 0.9879629629629629 0.11269430051813471 0.08518518518518518
2 0.6049222797927462 1.5638888888888889 0.04922279792746114 0.09259259259259259
2 0.23186528497409326 0.7870370370370371 0.07383419689119171 0.07407407407407407
