2 1.7679487179487179 0.9166666666666666 0.046153846153846156 0.09166666666666666
1 1.1282051282051282 0.14074074074074075 0.04358974358974359 0.04537037037037037
1 1.0294871794871794 0.3648148148148148 0.035897435897435895 0.053703703703703705
1 0.6717948717948717 0.003703703703703704 0.04358974358974359 0.041666666666666664
2 0.24102564102564103 0.8481481481481481 0.06282051282051282 0.06851851851851852
1 1.5576923076923077 0.5703703703703704 0.03717948717948718 0.06851851851851852
2 0.9076923076923077 1.724074074074074 0.046153846153846156 0.06018518518518518
2 0.8871794871794871 1.6972222222222222 0.041025641025641026 0.06111111111111111
2 0.9051282051282051 1.7046296296296297 0.05897435897435897 0.06851851851851852
1 1.008974358974359 0.34629629629629627 0.03333333333333333 0.041666666666666664
2 0.8397435897435898 1.724074074074074 0.057692307692307696 0.07592592592592592
1 0.35512820512820514 1.125925925925926 0.052564102564102565 0.06851851851851852
1 1.4730769230769232 0.7074074074074074 0.046153846153846156 0.06481481481481481
2 0.8794871794871795 0.0 0.05128205128205128 0.04537037037037037
2 0.8743589743589744 0.24351851851851852 0.05641025641025641 0.06388888888888888
2 0.8871794871794871 1.0916666666666666 0.06666666666666667 0.08055555555555556
2 0.7423076923076923 1.4416666666666667 0.05897435897435897 0.05740740740740741
2 1.3897435897435897 0.950925925925926 0.05384615384615385 0.04537037037037037
2 0.6948717948717948 1.7731481481481481 0.04487179487179487 0.049074074074074076
2 1.1205128205128205 1.0462962962962963 0.05897435897435897 0.05277777777777778
2 1.014102564102564 1.0805555555555555 0.04871794871794872 0.08333333333333333
2 0.8923076923076924 1.3277777777777777 0.038461538461538464 0.06481481481481481
2 1.4153846153846155 0.9814814814814815 0.047435897435897434 0.06111111111111111
2 0.36666666666666664 1.099074074074074 0.04871794871794872 0.053703703703703705
2 0.3038461538461538 1.0611111111111111 0.04871794871794872 0.05
2 0.8948717948717949 1.7351851851851852 0.06153846153846154 0.06851851851851852
2 0.6089743589743589 1.724074074074074 0.04230769230769231 0.07222222222222222
