2 1.1275510204081634 1.7694444444444444 0.04336734693877551 0.053703703703703705
1 1.1301020408163265 0.007407407407407408 0.058673469387755105 0.053703703703703705
2 0.4336734693877551 1.0046296296296295 0.04591836734693878 0.05740740740740741
2 1.3176020408163265 0.9898148148148148 0.058673469387755105 0.06851851851851852
2 1.7551020408163265 0.8861111111111111 0.02295918367346939 0.06944444444444445
2 1.0637755102040816 0.39351851851851855 0.05357142857142857 0.06481481481481481
2 1.7346938775510203 0.8907407407407407 0.025510204081632654 0.06851851851851852
2 1.0790816326530612 0.011111111111111112 0.05102040816326531 0.09166666666666666
2 1.096938775510204 0.06851851851851852 0.04846938775510204 0.053703703703703705
2 0.8354591836734694 0.9555555555555556 0.05102040816326531 0.07222222222222222
1 0.9285714285714286 1.2157407407407408 0.05102040816326531 0.07592592592592592
1 1.1760204081632653 1.7046296296296297 0.044642857142857144 0.06481481481481481
1 1.211734693877551 1.3185185185185184 0.03188775510204082 0.06851851851851852
1 1.0994897959183674 1.6055555555555556 0.05102040816326531 0.07222222222222222
6 1.625 0.9287037037037037 0.18112244897959184 0.10277777777777777
1 1.2168367346938775 1.5324074074074074 0.042091836734693876 0.06944444444444445
1 1.6326530612244898 0.55 0.061224489795918366 0.06851851851851852
1 0.6517857142857143 0.8101851851851852 0.05612244897959184 0.06851851851851852
1 0.5357142857142857 0.8101851851851852 0.04846938775510204 0.06481481481481481
1 0.6071428571428571 0.9703703703703703 0.05739795918367347 0.06944444444444445
2 1.0153061224489797 1.7925925925925925 0.05102040816326531 0.03425925925925926
1 1.0331632653061225 1.276851851851852 0.04591836734693878 0.08333333333333333
2 0.7946428571428571 1.1425925925925926 0.05102040816326531 0.08425925925925926
1 1.5012755102040816 0.14907407407407408 0.0548469387755102 0.09166666666666666
2 1.114795918367347 1.7657407407407408 0.04336734693877551 0.06111111111111111
3 1.0816326530612246 1.7351851851851852 0.05612244897959184 0.09166666666666666
2 1.1122448979591837 1.3185185185185184 0.05357142857142857 0.09166666666666666
2 1.0841836734693877 1.7777777777777777 0.030612244897959183 0.049074074074074076
2 0.9183673469387755 0.5388888888888889 0.04336734693877551 0.06481481481481481
2 0.8686224489795918 0.7638888888888888 0.05994897959183673 0.1
2 1.655612244897959 0.9935185185185185 0.05612244897959184 0.05740740740740741
2 0.9744897959183674 1.211111111111111 0.05612244897959184 0.07314814814814814
2 0.42091836734693877 0.9703703703703703 0.05357142857142857 0.08796296296296297
1 1.3915816326530612 0.6611111111111111 0.03826530612244898 0.07592592592592592
2 0.5102040816326531 0.9972222222222222 0.08418367346938775 0.07314814814814814
2 1.1734693877551021 0.37777777777777777 0.04974489795918367 0.08425925925925926
2 0.9591836734693877 0.0 0.04591836734693878 0.05277777777777778
2 1.2487244897959184 0.7333333333333333 0.05102040816326531 0.06111111111111111
2 1.2665816326530612 0.8101851851851852 0.05102040816326531 0.053703703703703705
