2 0.9574175824175825 1.7731481481481481 0.07005494505494506 0.04537037037037037
2 0.009615384615384616 0.8333333333333334 0.042582417582417584 0.10648148148148148
1 0.3708791208791209 0.19722222222222222 0.05631868131868132 0.08425925925925926
1 0.006868131868131868 0.5518518518518518 0.05631868131868132 0.07962962962962963
2 1.1236263736263736 0.8861111111111111 0.07417582417582418 0.08796296296296297
1 0.5879120879120879 0.7953703703703704 0.05631868131868132 0.08333333333333333
1 0.8131868131868132 0.11018518518518519 0.04120879120879121 0.05277777777777778
2 0.9931318681318682 1.7694444444444444 0.03983516483516483 0.04537037037037037
1 0.004120879120879121 0.837037037037037 0.03296703296703297 0.09074074074074075
1 1.081043956043956 1.5907407407407408 0.05357142857142857 0.06851851851851852
2 0.006868131868131868 0.8935185185185185 0.03571428571428571 0.07685185185185185
