2 0.009114583333333334 1.1324074074074073 0.057291666666666664 0.07777777777777778
2 0.8502604166666666 1.7805555555555554 0.07291666666666667 0.07314814814814814
1 0.734375 1.45 0.06380208333333333 0.09351851851851851
2 1.7526041666666667 1.1166666666666667 0.09114583333333333 0.09351851851851851
2 1.7578125 1.0898148148148148 0.09114583333333333 0.09259259259259259
2 0.7213541666666666 0.37592592592592594 0.046875 0.09722222222222222
2 0.4791666666666667 0.6935185185185185 0.08984375 0.09351851851851851
1 0.1796875 1.337962962962963 0.0703125 0.058333333333333334
1 0.17708333333333334 0.5231481481481481 0.06510416666666667 0.08888888888888889
2 1.7786458333333333 1.1009259259259259 0.07291666666666667 0.08981481481481482
2 0.87109375 0.0 0.07682291666666667 0.09259259259259259
2 0.8346354166666666 0.0 0.08333333333333333 0.08518518518518518
2 1.1315104166666667 0.7675925925925926 0.06380208333333333 0.09351851851851851
2 0.96875 0.4925925925925926 0.06510416666666667 0.11203703703703703
6 0.006510416666666667 1.1287037037037038 0.11458333333333333 0.10092592592592593
1 0.8424479166666666 0.6898148148148148 0.08072916666666667 0.08981481481481482
1 0.46875 1.0157407407407408 0.06380208333333333 0.07407407407407407
2 0.3919270833333333 1.0546296296296296 0.06380208333333333 0.09351851851851851
2 1.7838541666666667 1.2833333333333334 0.0625 0.09351851851851851
1 1.3098958333333333 1.275925925925926 0.061197916666666664 0.13148148148148148
1 0.4322916666666667 0.8916666666666667 0.0625 0.09351851851851851
