2 0.9564102564102565 0.33425925925925926 0.08076923076923077 0.10277777777777777
2 0.2205128205128205 0.7564814814814815 0.08846153846153847 0.12222222222222222
2 0.2205128205128205 0.9361111111111111 0.0858974358974359 0.125
1 0.9935897435897436 1.461111111111111 0.05384615384615385 0.07592592592592592
2 0.9076923076923077 1.3583333333333334 0.08846153846153847 0.1175925925925926
2 0.9179487179487179 0.003703703703703704 0.06538461538461539 0.03425925925925926
2 0.4076923076923077 1.0953703703703703 0.07948717948717948 0.12222222222222222
1 0.7448717948717949 1.4722222222222223 0.07692307692307693 0.08055555555555556
2 0.8717948717948718 1.724074074074074 0.09487179487179487 0.08333333333333333
2 1.7423076923076923 0.8675925925925926 0.08205128205128205 0.10648148148148148
2 0.2076923076923077 1.000925925925926 0.08076923076923077 0.10648148148148148
2 0.7705128205128206 0.025925925925925925 0.08333333333333333 0.09166666666666666
1 0.5961538461538461 1.3657407407407407 0.08846153846153847 0.09537037037037037
2 0.3628205128205128 1.1074074074074074 0.07564102564102564 0.11388888888888889
1 1.2076923076923076 0.20925925925925926 0.06794871794871794 0.07592592592592592
1 1.0192307692307692 0.33796296296296297 0.06923076923076923 0.11481481481481481
2 0.8923076923076924 1.6166666666666667 0.08205128205128205 0.11851851851851852
2 0.7346153846153847 1.7694444444444444 0.08461538461538462 0.05277777777777778
2 1.0346153846153847 0.38055555555555554 0.05897435897435897 0.08333333333333333
2 0.8525641025641025 1.724074074074074 0.06025641025641026 0.09444444444444444
