2 0.8434065934065934 0.9888888888888889 0.057692307692307696 0.046296296296296294
1 0.7403846153846154 0.6537037037037037 0.04807692307692308 0.053703703703703705
3 1.282967032967033 1.012037037037037 0.08104395604395605 0.05277777777777778
2 0.14148351648351648 0.9814814814814815 0.06456043956043957 0.03425925925925926
2 0.09478021978021978 0.9777777777777777 0.059065934065934064 0.03425925925925926
2 0.08791208791208792 0.9740740740740741 0.05357142857142857 0.04537037037037037
2 0.08241758241758242 0.9703703703703703 0.06593406593406594 0.06018518518518518
2 1.1112637362637363 0.9277777777777778 0.06043956043956044 0.05740740740740741
2 0.08241758241758242 0.9962962962962963 0.06593406593406594 0.04259259259259259
1 0.5274725274725275 0.950925925925926 0.04807692307692308 0.053703703703703705
1 1.0384615384615385 0.6842592592592592 0.05357142857142857 0.05
1 1.4725274725274726 1.1759259259259258 0.04395604395604396 0.049074074074074076
2 0.8557692307692307 1.05 0.04532967032967033 0.053703703703703705
2 0.024725274725274724 0.9925925925925926 0.06593406593406594 0.046296296296296294
2 0.09752747252747253 0.9925925925925926 0.059065934065934064 0.05
1 1.771978021978022 0.7037037037037037 0.042582417582417584 0.05277777777777778
