2 1.7865168539325842 1.3731481481481482 0.06741573033707865 0.11574074074074074
2 1.7949438202247192 1.423148148148148 0.06460674157303371 0.12777777777777777
1 1.7654494382022472 0.5120370370370371 0.05758426966292135 0.11944444444444445
1 0.6713483146067416 1.6555555555555554 0.05758426966292135 0.09722222222222222
1 0.526685393258427 1.2527777777777778 0.10955056179775281 0.10462962962962963
2 0.025280898876404494 1.124074074074074 0.07724719101123595 0.09722222222222222
1 1.3160112359550562 1.2527777777777778 0.06741573033707865 0.10092592592592593
1 1.2640449438202248 0.9657407407407408 0.0702247191011236 0.08148148148148149
1 0.0 1.2333333333333334 0.09269662921348315 0.062037037037037036
1 0.05337078651685393 1.0814814814814815 0.11095505617977527 0.09351851851851851
