2 0.984375 1.249074074074074 0.08723958333333333 0.0962962962962963
2 1.6106770833333333 1.0620370370370371 0.11328125 0.11666666666666667
2 1.3268229166666667 1.3611111111111112 0.09635416666666667 0.11296296296296296
2 0.016927083333333332 1.162962962962963 0.08333333333333333 0.09722222222222222
1 0.0 1.299074074074074 0.09505208333333333 0.10462962962962963
1 0.3984375 1.4388888888888889 0.057291666666666664 0.07777777777777778
1 0.2604166666666667 0.8842592592592593 0.07421875 0.10092592592592593
2 1.3502604166666667 1.175 0.10416666666666667 0.08518518518518518
2 1.3841145833333333 1.112962962962963 0.10807291666666667 0.09259259259259259
2 0.9427083333333334 1.1944444444444444 0.10416666666666667 0.09722222222222222
6 1.7174479166666667 1.1981481481481482 0.13671875 0.09722222222222222
1 0.1796875 0.5305555555555556 0.09765625 0.09722222222222222
1 0.1640625 0.5546296296296296 0.078125 0.08888888888888889
2 0.7786458333333334 1.7138888888888888 0.10807291666666667 0.09722222222222222
2 0.87890625 1.5898148148148148 0.09765625 0.08148148148148149
2 0.8606770833333334 0.007407407407407408 0.07682291666666667 0.11666666666666667
1 1.7838541666666667 0.9962962962962963 0.06770833333333333 0.11296296296296296
1 0.36328125 1.4814814814814814 0.055989583333333336 0.08148148148148149
1 1.5416666666666667 0.9851851851851852 0.049479166666666664 0.08518518518518518
2 0.9505208333333334 0.0 0.06510416666666667 0.09259259259259259
2 1.7395833333333333 1.0314814814814814 0.109375 0.11203703703703703
2 0.22916666666666666 0.9305555555555556 0.08723958333333333 0.08888888888888889
1 0.4973958333333333 0.5074074074074074 0.07942708333333333 0.09722222222222222
