3 0.012362637362637362 0.9814814814814815 0.09340659340659341 0.06481481481481481
1 0.0 0.7305555555555555 0.034340659340659344 0.03425925925925926
1 0.9931318681318682 0.7722222222222223 0.034340659340659344 0.030555555555555555
1 0.8667582417582418 0.7870370370370371 0.04532967032967033 0.04259259259259259
1 0.004120879120879121 0.7564814814814815 0.03296703296703297 0.03888888888888889
2 0.0 0.8935185185185185 0.0521978021978022 0.05
1 0.02197802197802198 1.0574074074074074 0.03571428571428571 0.03796296296296296
1 1.282967032967033 1.0574074074074074 0.04532967032967033 0.03796296296296296
2 1.7431318681318682 0.9666666666666667 0.07417582417582418 0.05648148148148148
2 1.7431318681318682 0.9962962962962963 0.06868131868131869 0.05
2 0.0 0.8935185185185185 0.08516483516483517 0.06111111111111111
2 0.2541208791208791 0.8787037037037037 0.05631868131868132 0.07592592592592592
2 1.7335164835164836 0.9740740740740741 0.06868131868131869 0.03796296296296296
2 1.4986263736263736 0.9888888888888889 0.07280219780219781 0.06481481481481481
2 1.7431318681318682 0.9851851851851852 0.07417582417582418 0.041666666666666664
2 1.739010989010989 1.012037037037037 0.0782967032967033 0.049074074074074076
2 1.7431318681318682 0.9472222222222222 0.07417582417582418 0.049074074074074076
1 1.3543956043956045 0.42592592592592593 0.04807692307692308 0.03425925925925926
1 1.0480769230769231 0.475 0.04807692307692308 0.03796296296296296
