2 1.1275510204081634 1.7694444444444444 0.04336734693877551 0.053703703703703705
1 1.1301020408163265 0.0 0.058673469387755105 0.05277777777777778
2 0.5918367346938775 1.0435185185185185 0.047193877551020405 0.06481481481481481
2 1.1938775510204083 1.0888888888888888 0.04974489795918367 0.07314814814814814
2 1.6275510204081634 0.9018518518518519 0.04081632653061224 0.06851851851851852
2 1.1122448979591837 0.6111111111111112 0.05357142857142857 0.06481481481481481
2 1.778061224489796 0.8861111111111111 0.04336734693877551 0.06944444444444445
2 1.086734693877551 0.21388888888888888 0.05102040816326531 0.09166666666666666
2 1.096938775510204 0.022222222222222223 0.04846938775510204 0.05
2 0.8227040816326531 0.8907407407407407 0.05102040816326531 0.07222222222222222
1 0.9285714285714286 1.2074074074074075 0.05102040816326531 0.07685185185185185
1 1.1811224489795917 1.6324074074074073 0.044642857142857144 0.06481481481481481
1 1.211734693877551 1.3185185185185184 0.03188775510204082 0.06851851851851852
1 1.1173469387755102 1.7351851851851852 0.05102040816326531 0.07314814814814814
6 1.625 0.9287037037037037 0.18112244897959184 0.10277777777777777
1 1.2142857142857142 1.636111111111111 0.042091836734693876 0.06851851851851852
1 1.6326530612244898 0.5537037037037037 0.061224489795918366 0.06944444444444445
1 0.6951530612244898 0.7296296296296296 0.05612244897959184 0.06851851851851852
1 0.5357142857142857 0.8101851851851852 0.04846938775510204 0.06481481481481481
1 0.6045918367346939 0.9018518518518519 0.05739795918367347 0.06851851851851852
2 1.0153061224489797 1.7925925925925925 0.05102040816326531 0.03425925925925926
1 0.9158163265306123 1.299074074074074 0.04591836734693878 0.08796296296296297
2 0.9719387755102041 1.2731481481481481 0.04081632653061224 0.08333333333333333
1 1.447704081632653 0.14074074074074075 0.05612244897959184 0.09166666666666666
2 1.1122448979591837 1.762037037037037 0.04336734693877551 0.06111111111111111
3 1.0790816326530612 1.7314814814814814 0.05612244897959184 0.09537037037037037
2 1.1173469387755102 1.5666666666666667 0.05357142857142857 0.09259259259259259
2 1.0841836734693877 1.7777777777777777 0.030612244897959183 0.049074074074074076
2 0.9119897959183674 0.23703703703703705 0.042091836734693876 0.06481481481481481
2 0.9209183673469388 0.5574074074074075 0.061224489795918366 0.0962962962962963
2 1.7295918367346939 1.0046296296296295 0.058673469387755105 0.05740740740740741
2 1.0357142857142858 1.261111111111111 0.05612244897959184 0.07314814814814814
2 0.44387755102040816 0.9787037037037037 0.05357142857142857 0.08796296296296297
1 1.3099489795918366 0.649074074074074 0.03826530612244898 0.07685185185185185
2 0.5102040816326531 0.9972222222222222 0.08418367346938775 0.07314814814814814
2 1.1683673469387754 0.4925925925925926 0.05102040816326531 0.08425925925925926
2 0.9591836734693877 0.0 0.04591836734693878 0.05277777777777778
2 1.3635204081632653 0.8333333333333334 0.05102040816326531 0.06111111111111111
2 1.3864795918367347 0.8861111111111111 0.05102040816326531 0.053703703703703705
