1 1.7346938775510203 0.9935185185185185 0.04336734693877551 0.053703703703703705
2 0.0 0.9018518518518519 0.05994897959183673 0.08425925925925926
2 0.0 0.837037037037037 0.05994897959183673 0.053703703703703705
2 0.32142857142857145 0.9824074074074074 0.07653061224489796 0.08425925925925926
2 0.0012755102040816326 0.9703703703703703 0.058673469387755105 0.07314814814814814
2 1.2563775510204083 0.9055555555555556 0.08673469387755102 0.08425925925925926
2 0.9183673469387755 1.7314814814814814 0.07397959183673469 0.08425925925925926
1 0.6339285714285714 0.7416666666666667 0.04081632653061224 0.08333333333333333
1 0.8660714285714286 0.2898148148148148 0.030612244897959183 0.04259259259259259
2 0.9948979591836735 1.8037037037037038 0.04336734693877551 0.026851851851851852
2 0.9566326530612245 1.7777777777777777 0.04591836734693878 0.05277777777777778
1 1.7959183673469388 0.9287037037037037 0.02806122448979592 0.053703703703703705
2 0.9068877551020408 1.2194444444444446 0.0548469387755102 0.09907407407407408
1 1.125 1.6935185185185184 0.04081632653061224 0.07962962962962963
1 0.9017857142857143 0.022222222222222223 0.042091836734693876 0.06111111111111111
1 1.2283163265306123 0.11851851851851852 0.04591836734693878 0.06111111111111111
1 1.1760204081632653 0.007407407407407408 0.044642857142857144 0.049074074074074076
1 0.01913265306122449 0.09537037037037037 0.04591836734693878 0.04537037037037037
1 1.7831632653061225 0.6685185185185185 0.03826530612244898 0.05
1 1.7551020408163265 0.637962962962963 0.025510204081632654 0.06111111111111111
1 1.7704081632653061 0.6416666666666667 0.04081632653061224 0.05
1 1.711734693877551 0.9972222222222222 0.03826530612244898 0.06481481481481481
1 0.8278061224489796 0.2935185185185185 0.03571428571428571 0.046296296296296294
2 1.2895408163265305 0.9824074074074074 0.06377551020408163 0.07592592592592592
2 0.026785714285714284 0.8907407407407407 0.05612244897959184 0.05740740740740741
2 1.086734693877551 1.7546296296296295 0.04846938775510204 0.07222222222222222
2 1.7551020408163265 0.8444444444444444 0.058673469387755105 0.07314814814814814
1 1.2971938775510203 0.1638888888888889 0.03571428571428571 0.06481481481481481
2 1.0688775510204083 0.007407407407407408 0.05357142857142857 0.05740740740740741
2 0.24107142857142858 0.9361111111111111 0.06505102040816327 0.07685185185185185
1 1.1887755102040816 1.7046296296296297 0.03443877551020408 0.06851851851851852
1 1.191326530612245 1.7425925925925927 0.03188775510204082 0.06111111111111111
1 1.2308673469387754 1.5935185185185186 0.03316326530612245 0.08796296296296297
6 1.625 0.9435185185185185 0.1760204081632653 0.07314814814814814
1 1.6071428571428572 0.9518518518518518 0.03826530612244898 0.05740740740740741
