2 0.88671875 0.0 0.036458333333333336 0.05740740740740741
2 0.86328125 0.0 0.0546875 0.06574074074074074
2 0.9765625 0.8453703703703703 0.08723958333333333 0.13148148148148148
1 1.7604166666666667 1.0620370370370371 0.06510416666666667 0.07407407407407407
1 1.7552083333333333 1.0935185185185186 0.049479166666666664 0.06574074074074074
1 1.7864583333333333 1.0972222222222223 0.057291666666666664 0.06574074074074074
2 0.14322916666666666 1.3416666666666666 0.07291666666666667 0.05462962962962963
1 0.0 1.3185185185185184 0.032552083333333336 0.03888888888888889
1 0.0 1.2953703703703703 0.03515625 0.046296296296296294
1 0.2877604166666667 0.662962962962963 0.0390625 0.08518518518518518
2 0.80078125 1.8111111111111111 0.06510416666666667 0.046296296296296294
2 0.80859375 1.6444444444444444 0.036458333333333336 0.05462962962962963
2 0.9817708333333334 1.5398148148148147 0.06510416666666667 0.058333333333333334
2 0.11328125 1.2527777777777778 0.05078125 0.09259259259259259
2 0.4348958333333333 0.0 0.0625 0.026851851851851852
1 0.5286458333333334 0.17777777777777778 0.06901041666666667 0.07037037037037037
