1 1.7582417582417582 0.6731481481481482 0.04120879120879121 0.06111111111111111
1 1.7403846153846154 0.6620370370370371 0.046703296703296704 0.07592592592592592
2 1.745879120879121 0.8824074074074074 0.06318681318681318 0.07962962962962963
2 1.1593406593406594 0.9092592592592592 0.08653846153846154 0.09166666666666666
2 0.6291208791208791 0.7074074074074074 0.07005494505494506 0.08333333333333333
1 0.3804945054945055 0.8175925925925925 0.05631868131868132 0.06481481481481481
1 0.019230769230769232 0.9361111111111111 0.08104395604395605 0.08333333333333333
1 1.6497252747252746 1.05 0.04807692307692308 0.06851851851851852
1 0.009615384615384616 0.7037037037037037 0.03708791208791209 0.05740740740740741
1 0.7554945054945055 0.837037037037037 0.057692307692307696 0.06481481481481481
2 0.07280219780219781 0.9472222222222222 0.04532967032967033 0.07222222222222222
2 0.03021978021978022 0.9324074074074075 0.06318681318681318 0.07222222222222222
2 0.01510989010989011 0.9472222222222222 0.06456043956043957 0.07962962962962963
2 0.01510989010989011 0.9851851851851852 0.04807692307692308 0.07222222222222222
