2 0.49870466321243523 0.2777777777777778 0.03626943005181347 0.05740740740740741
2 0.6567357512953368 0.0 0.038860103626943004 0.05
1 0.20595854922279794 1.3046296296296296 0.03756476683937824 0.05462962962962963
2 0.36787564766839376 0.737037037037037 0.06476683937823834 0.05462962962962963
2 0.211139896373057 0.8611111111111112 0.06606217616580311 0.06111111111111111
1 0.0 1.0 0.04533678756476684 0.05740740740740741
2 0.6645077720207254 0.06111111111111111 0.050518134715025906 0.07777777777777778
1 1.8082901554404145 1.2814814814814814 0.031088082901554404 0.05462962962962963
1 0.5375647668393783 1.462962962962963 0.04145077720207254 0.06574074074074074
1 0.10492227979274611 1.238888888888889 0.06735751295336788 0.06944444444444445
1 0.19041450777202074 1.386111111111111 0.042746113989637305 0.05740740740740741
2 0.5116580310880829 0.8685185185185185 0.03626943005181347 0.053703703703703705
2 0.6515544041450777 0.26944444444444443 0.04533678756476684 0.05462962962962963
2 1.1994818652849741 1.3824074074074073 0.04145077720207254 0.053703703703703705
2 0.14637305699481865 1.1657407407407407 0.05181347150259067 0.07777777777777778
1 1.2072538860103628 0.7064814814814815 0.038860103626943004 0.05
1 0.22150259067357514 0.0 0.04792746113989637 0.046296296296296294
1 0.22409326424870465 0.0 0.05569948186528497 0.026851851851851852
1 0.8704663212435233 0.0 0.046632124352331605 0.053703703703703705
1 0.6075129533678757 0.2388888888888889 0.03626943005181347 0.053703703703703705
1 0.5375647668393783 0.28888888888888886 0.03367875647668394 0.05462962962962963
1 1.8082901554404145 0.9685185185185186 0.04145077720207254 0.05462962962962963
2 1.8005181347150259 1.0694444444444444 0.04922279792746114 0.05740740740740741
2 1.689119170984456 1.162037037037037 0.046632124352331605 0.06944444444444445
2 1.7435233160621761 1.15 0.046632124352331605 0.06944444444444445
2 1.2279792746113989 1.1314814814814815 0.046632124352331605 0.07685185185185185
2 1.2487046632124352 1.2157407407407408 0.046632124352331605 0.058333333333333334
1 0.9702072538860104 1.462962962962963 0.054404145077720206 0.05462962962962963
2 0.4378238341968912 0.7407407407407407 0.05569948186528497 0.046296296296296294
1 0.34196891191709844 0.014814814814814815 0.03626943005181347 0.05462962962962963
1 0.11787564766839378 0.16203703703703703 0.05181347150259067 0.053703703703703705
1 0.15932642487046633 0.15833333333333333 0.038860103626943004 0.053703703703703705
2 1.1308290155440415 1.2194444444444446 0.08937823834196891 0.08148148148148149
1 0.18264248704663213 1.2277777777777779 0.025906735751295335 0.062037037037037036
1 0.21373056994818654 1.2583333333333333 0.03238341968911917 0.058333333333333334
1 0.38082901554404147 0.5675925925925925 0.04404145077720207 0.053703703703703705
2 1.6632124352331605 1.1657407407407407 0.05958549222797927 0.053703703703703705
2 1.0142487046632125 1.489814814814815 0.06735751295336788 0.05462962962962963
2 1.3005181347150259 1.0231481481481481 0.08031088082901554 0.05
2 1.0220207253886011 0.9685185185185186 0.06217616580310881 0.06944444444444445
2 1.349740932642487 1.1268518518518518 0.04533678756476684 0.05462962962962963
1 0.6204663212435233 1.5907407407407408 0.04145077720207254 0.053703703703703705
1 0.7512953367875648 0.5361111111111111 0.046632124352331605 0.06574074074074074
1 1.7927461139896372 1.0694444444444444 0.046632124352331605 0.046296296296296294
2 1.2461139896373057 1.0962962962962963 0.046632124352331605 0.053703703703703705
1 0.5634715025906736 0.887962962962963 0.03626943005181347 0.046296296296296294
1 0.9313471502590673 0.8842592592592593 0.046632124352331605 0.053703703703703705
1 0.7694300518134715 0.9805555555555555 0.04922279792746114 0.05
2 1.6398963730569949 1.1268518518518518 0.046632124352331605 0.06944444444444445
1 0.7487046632124352 0.09259259259259259 0.046632124352331605 0.046296296296296294
1 0.8031088082901554 0.05740740740740741 0.046632124352331605 0.053703703703703705
1 0.7357512953367875 0.003703703703703704 0.03626943005181347 0.046296296296296294
2 1.310880829015544 1.224074074074074 0.05699481865284974 0.06944444444444445
