1 0.26785714285714285 0.21666666666666667 0.0673076923076923 0.06111111111111111
1 0.36538461538461536 1.3472222222222223 0.05357142857142857 0.04537037037037037
1 0.0 0.8333333333333334 0.054945054945054944 0.049074074074074076
1 1.0892857142857142 1.587037037037037 0.03983516483516483 0.07962962962962963
1 0.0 0.7268518518518519 0.06318681318681318 0.07222222222222222
1 0.6744505494505495 0.34629629629629627 0.050824175824175824 0.06018518518518518
1 0.43131868131868134 0.31203703703703706 0.06593406593406594 0.041666666666666664
1 0.9931318681318682 0.6583333333333333 0.0521978021978022 0.07222222222222222
1 0.10851648351648352 0.5666666666666667 0.08241758241758242 0.05740740740740741
2 0.5837912087912088 0.8675925925925926 0.054945054945054944 0.06481481481481481
2 0.8337912087912088 0.8824074074074074 0.050824175824175824 0.053703703703703705
2 0.12637362637362637 0.950925925925926 0.0782967032967033 0.08796296296296297
2 0.9601648351648352 1.6935185185185184 0.042582417582417584 0.10277777777777777
2 1.2431318681318682 0.9703703703703703 0.08379120879120878 0.05648148148148148
