1 1.4947916666666667 1.3222222222222222 0.049479166666666664 0.07777777777777778
2 1.7890625 1.0898148148148148 0.06510416666666667 0.053703703703703705
1 0.9661458333333334 1.4657407407407408 0.03125 0.06574074074074074
1 0.2630208333333333 0.9694444444444444 0.029947916666666668 0.062037037037037036
2 0.83203125 0.7287037037037037 0.06510416666666667 0.05092592592592592
2 0.006510416666666667 0.9694444444444444 0.06510416666666667 0.046296296296296294
2 1.7890625 1.249074074074074 0.052083333333333336 0.053703703703703705
1 1.8151041666666667 1.0083333333333333 0.036458333333333336 0.058333333333333334
2 1.5130208333333333 1.1435185185185186 0.041666666666666664 0.07037037037037037
1 1.0924479166666667 0.9694444444444444 0.052083333333333336 0.05
2 1.3255208333333333 0.9805555555555555 0.061197916666666664 0.08611111111111111
2 1.4049479166666667 1.225 0.061197916666666664 0.062037037037037036
1 0.22135416666666666 0.1935185185185185 0.048177083333333336 0.07407407407407407
1 0.9231770833333334 0.34444444444444444 0.06901041666666667 0.058333333333333334
1 0.9973958333333334 0.003703703703703704 0.0546875 0.07685185185185185
1 0.6744791666666666 1.5787037037037037 0.059895833333333336 0.06944444444444445
2 1.8125 1.1944444444444444 0.041666666666666664 0.07777777777777778
1 0.91015625 1.651851851851852 0.06901041666666667 0.07777777777777778
1 0.5950520833333334 1.3064814814814816 0.0546875 0.058333333333333334
