2 1.7837078651685394 1.2212962962962963 0.054775280898876406 0.06574074074074074
2 1.7808988764044944 1.2055555555555555 0.07865168539325842 0.058333333333333334
1 0.9536516853932584 0.6435185185185185 0.0702247191011236 0.08148148148148149
1 1.7808988764044944 0.5231481481481481 0.0449438202247191 0.07777777777777778
1 0.7106741573033708 1.3768518518518518 0.07443820224719101 0.06574074074074074
1 1.0491573033707866 1.2796296296296297 0.060393258426966294 0.06944444444444445
1 1.771067415730337 0.55 0.03651685393258427 0.058333333333333334
1 1.696629213483146 1.3064814814814816 0.04073033707865169 0.058333333333333334
2 1.8258426966292134 0.9268518518518518 0.033707865168539325 0.08148148148148149
1 1.6980337078651686 1.337962962962963 0.03932584269662921 0.058333333333333334
1 0.3637640449438202 1.2333333333333334 0.07303370786516854 0.062037037037037036
