1 0.8538461538461538 0.38425925925925924 0.05384615384615385 0.09074074074074075
1 0.9435897435897436 1.2861111111111112 0.06794871794871794 0.09537037037037037
2 0.9333333333333333 0.49074074074074076 0.07051282051282051 0.10648148148148148
2 0.958974358974359 0.7268518518518519 0.0858974358974359 0.10648148148148148
2 0.6820512820512821 0.7564814814814815 0.07051282051282051 0.08796296296296297
2 0.7935897435897435 1.7277777777777779 0.08333333333333333 0.09074074074074075
1 1.176923076923077 0.3685185185185185 0.04230769230769231 0.06851851851851852
2 0.6128205128205129 0.003703703703703704 0.06153846153846154 0.04537037037037037
1 0.47692307692307695 0.6314814814814815 0.05 0.06851851851851852
1 0.011538461538461539 0.8333333333333334 0.05641025641025641 0.08703703703703704
2 0.9128205128205128 0.0 0.05897435897435897 0.06759259259259259
2 1.1641025641025642 0.25462962962962965 0.06282051282051282 0.07962962962962963
2 1.7705128205128204 0.9740740740740741 0.04871794871794872 0.08703703703703704
2 0.8641025641025641 0.003703703703703704 0.05641025641025641 0.041666666666666664
1 1.3487179487179488 0.07592592592592592 0.05641025641025641 0.09907407407407408
1 0.9641025641025641 0.041666666666666664 0.06794871794871794 0.07592592592592592
2 1.791025641025641 0.9203703703703704 0.03333333333333333 0.08055555555555556
2 1.008974358974359 1.114814814814815 0.06153846153846154 0.08333333333333333
1 0.5628205128205128 1.7842592592592592 0.07307692307692308 0.03425925925925926
1 1.7884615384615385 0.7185185185185186 0.03076923076923077 0.05740740740740741
1 0.05512820512820513 0.003703703703703704 0.09871794871794871 0.049074074074074076
2 0.8615384615384616 1.7194444444444446 0.05897435897435897 0.09537037037037037
2 0.8897435897435897 1.7083333333333333 0.06666666666666667 0.10648148148148148
