2 0.8294270833333334 0.5546296296296296 0.08854166666666667 0.09259259259259259
2 0.82421875 0.7212962962962963 0.11328125 0.11203703703703703
2 1.33984375 1.3064814814814816 0.09635416666666667 0.11296296296296296
2 0.171875 1.1944444444444444 0.08072916666666667 0.09722222222222222
1 0.0 1.299074074074074 0.09505208333333333 0.10462962962962963
1 0.19010416666666666 1.3222222222222222 0.057291666666666664 0.08148148148148149
1 0.26953125 0.8722222222222222 0.07552083333333333 0.10092592592592593
2 1.0924479166666667 1.4694444444444446 0.10286458333333333 0.08148148148148149
2 1.21875 1.3027777777777778 0.10807291666666667 0.09722222222222222
2 1.21875 1.201851851851852 0.10416666666666667 0.09722222222222222
6 1.7174479166666667 1.1981481481481482 0.13671875 0.09722222222222222
1 0.1796875 0.5305555555555556 0.09765625 0.09722222222222222
1 0.15885416666666666 0.5546296296296296 0.078125 0.08888888888888889
2 0.7786458333333334 1.7138888888888888 0.10807291666666667 0.09722222222222222
2 0.7630208333333334 1.761111111111111 0.09765625 0.08148148148148149
2 0.8606770833333334 0.0 0.07682291666666667 0.11203703703703703
1 1.7838541666666667 0.9962962962962963 0.06770833333333333 0.11296296296296296
1 0.15625 1.3685185185185185 0.057291666666666664 0.08148148148148149
1 1.7369791666666667 0.9962962962962963 0.049479166666666664 0.08148148148148149
2 0.9505208333333334 0.0 0.06510416666666667 0.09259259259259259
2 0.7890625 0.937962962962963 0.10807291666666667 0.10925925925925926
2 0.55859375 0.25925925925925924 0.08854166666666667 0.08981481481481482
1 0.5208333333333334 0.3296296296296296 0.07942708333333333 0.0962962962962963
