1 0.004120879120879121 0.7185185185185186 0.04807692307692308 0.07222222222222222
1 1.5535714285714286 0.8787037037037037 0.0782967032967033 0.08796296296296297
2 0.004120879120879121 0.7796296296296297 0.08928571428571429 0.07592592592592592
1 0.004120879120879121 0.7305555555555555 0.050824175824175824 0.06018518518518518
2 1.7486263736263736 0.9666666666666667 0.06593406593406594 0.09444444444444444
2 1.7362637362637363 0.9777777777777777 0.0782967032967033 0.07222222222222222
2 1.1167582417582418 1.0425925925925925 0.050824175824175824 0.05648148148148148
2 1.3722527472527473 1.0731481481481482 0.0673076923076923 0.06018518518518518
2 1.342032967032967 0.9324074074074075 0.08241758241758242 0.08703703703703704
1 0.38873626373626374 0.799074074074074 0.04807692307692308 0.07592592592592592
1 1.4024725274725274 0.7 0.054945054945054944 0.06851851851851852
2 1.260989010989011 0.9203703703703704 0.08104395604395605 0.07592592592592592
2 0.13324175824175824 0.9546296296296296 0.06318681318681318 0.09537037037037037
2 0.01510989010989011 0.950925925925926 0.0673076923076923 0.09537037037037037
2 0.6620879120879121 0.8675925925925926 0.09340659340659341 0.09444444444444444
2 1.7005494505494505 0.9324074074074075 0.07554945054945054 0.11018518518518519
