2 0.6237244897959183 1.0583333333333333 0.05612244897959184 0.08425925925925926
1 1.6811224489795917 0.5731481481481482 0.04336734693877551 0.04537037037037037
1 1.4196428571428572 0.5768518518518518 0.02806122448979592 0.09537037037037037
1 0.889030612244898 1.700925925925926 0.044642857142857144 0.053703703703703705
1 0.9948979591836735 1.2194444444444446 0.03571428571428571 0.049074074074074076
1 1.0484693877551021 1.2 0.05357142857142857 0.08425925925925926
1 0.5102040816326531 0.041666666666666664 0.05102040816326531 0.06481481481481481
1 1.191326530612245 1.349074074074074 0.042091836734693876 0.07314814814814814
2 1.0408163265306123 0.0 0.05612244897959184 0.03425925925925926
2 0.9821428571428571 1.4787037037037036 0.05102040816326531 0.08425925925925926
2 0.0 0.8444444444444444 0.008928571428571428 0.11481481481481481
2 0.8380102040816326 1.1768518518518518 0.05612244897959184 0.08425925925925926
1 1.2436224489795917 0.6759259259259259 0.03316326530612245 0.04259259259259259
1 1.465561224489796 0.8296296296296296 0.05102040816326531 0.06111111111111111
1 1.7678571428571428 0.649074074074074 0.04336734693877551 0.053703703703703705
1 1.225765306122449 0.5842592592592593 0.04846938775510204 0.053703703703703705
1 1.3354591836734695 0.011111111111111112 0.04081632653061224 0.06851851851851852
2 1.0510204081632653 0.0 0.0663265306122449 0.030555555555555555
6 1.6301020408163265 0.9518518518518518 0.1683673469387755 0.05277777777777778
