1 1.7200520833333333 1.3148148148148149 0.048177083333333336 0.07777777777777778
2 1.7890625 1.0898148148148148 0.06510416666666667 0.053703703703703705
1 1.1809895833333333 1.3962962962962964 0.029947916666666668 0.06574074074074074
1 0.22916666666666666 1.1092592592592592 0.03125 0.062037037037037036
2 1.2734375 1.1287037037037038 0.06640625 0.046296296296296294
2 0.1328125 1.1824074074074074 0.06770833333333333 0.04722222222222222
2 1.1809895833333333 1.2407407407407407 0.05078125 0.05462962962962963
1 1.8151041666666667 1.0083333333333333 0.036458333333333336 0.058333333333333334
2 1.7421875 1.237037037037037 0.052083333333333336 0.06944444444444445
1 1.7395833333333333 1.0703703703703704 0.052083333333333336 0.05
2 1.3294270833333333 0.9574074074074074 0.0625 0.08518518518518518
2 1.7864583333333333 1.112962962962963 0.0625 0.062037037037037036
1 0.22135416666666666 0.1935185185185185 0.048177083333333336 0.07407407407407407
1 0.9231770833333334 0.34444444444444444 0.06901041666666667 0.058333333333333334
1 0.9973958333333334 0.003703703703703704 0.0546875 0.07685185185185185
1 0.6744791666666666 1.5787037037037037 0.059895833333333336 0.06944444444444445
2 1.8125 1.1944444444444444 0.041666666666666664 0.07777777777777778
1 0.91015625 1.651851851851852 0.06901041666666667 0.07777777777777778
1 0.6627604166666666 1.4194444444444445 0.053385416666666664 0.058333333333333334
