2 0.7025641025641025 1.5444444444444445 0.05512820512820513 0.06111111111111111
2 1.7833333333333334 0.962037037037037 0.041025641025641026 0.06481481481481481
2 0.6948717948717948 1.7731481481481481 0.04487179487179487 0.049074074074074076
1 1.0782051282051281 1.201851851851852 0.03461538461538462 0.07685185185185185
2 1.6564102564102565 0.9324074074074075 0.052564102564102565 0.06851851851851852
1 0.9884615384615385 1.423148148148148 0.03076923076923077 0.03425925925925926
2 1.7884615384615385 0.9472222222222222 0.035897435897435895 0.07222222222222222
2 1.0628205128205128 0.4787037037037037 0.052564102564102565 0.07314814814814814
1 0.9076923076923077 1.700925925925926 0.041025641025641026 0.07222222222222222
1 1.3948717948717948 0.07592592592592592 0.041025641025641026 0.06481481481481481
1 1.3794871794871795 0.07592592592592592 0.04871794871794872 0.07222222222222222
1 1.3692307692307693 0.08333333333333333 0.05128205128205128 0.05277777777777778
1 1.0807692307692307 0.025925925925925925 0.04487179487179487 0.06481481481481481
1 1.2320512820512821 0.06018518518518518 0.05384615384615385 0.06851851851851852
2 1.75 0.950925925925926 0.07435897435897436 0.06851851851851852
1 0.24487179487179486 0.8175925925925925 0.05128205128205128 0.06111111111111111
2 0.2205128205128205 1.0425925925925925 0.08333333333333333 0.08333333333333333
2 0.8346153846153846 1.7314814814814814 0.03717948717948718 0.06851851851851852
1 1.4961538461538462 0.5398148148148149 0.04871794871794872 0.07592592592592592
2 0.8948717948717949 1.7351851851851852 0.05384615384615385 0.08333333333333333
2 0.7653846153846153 1.7425925925925927 0.05384615384615385 0.07592592592592592
2 0.5551282051282052 0.9777777777777777 0.041025641025641026 0.07222222222222222
1 1.123076923076923 0.8675925925925926 0.04358974358974359 0.07222222222222222
1 1.4884615384615385 0.5435185185185185 0.041025641025641026 0.06481481481481481
2 0.9666666666666667 0.5287037037037037 0.03461538461538462 0.06481481481481481
