1 0.9666666666666667 0.003703703703703704 0.04487179487179487 0.049074074074074076
1 1.0474358974358975 0.37592592592592594 0.04358974358974359 0.06111111111111111
1 1.1205128205128205 0.4027777777777778 0.03333333333333333 0.041666666666666664
2 0.8871794871794871 1.7462962962962962 0.041025641025641026 0.07222222222222222
2 0.8769230769230769 1.5527777777777778 0.05384615384615385 0.06388888888888888
1 0.44871794871794873 0.6240740740740741 0.04230769230769231 0.05277777777777778
2 0.958974358974359 0.6657407407407407 0.03205128205128205 0.04537037037037037
1 0.2705128205128205 0.7759259259259259 0.038461538461538464 0.04537037037037037
1 0.7474358974358974 1.362037037037037 0.038461538461538464 0.05740740740740741
1 0.9987179487179487 1.762037037037037 0.035897435897435895 0.05648148148148148
2 0.8192307692307692 1.7657407407407408 0.04487179487179487 0.05648148148148148
2 1.7756410256410255 0.8675925925925926 0.046153846153846156 0.07592592592592592
1 1.514102564102564 0.5592592592592592 0.03076923076923077 0.05277777777777778
2 0.8871794871794871 1.7194444444444446 0.05897435897435897 0.08425925925925926
1 1.7833333333333334 0.7342592592592593 0.035897435897435895 0.06111111111111111
1 0.9961538461538462 0.0 0.046153846153846156 0.08703703703703704
2 1.3294871794871794 0.9583333333333334 0.03205128205128205 0.05
2 1.7653846153846153 0.9472222222222222 0.035897435897435895 0.06481481481481481
2 0.9884615384615385 1.724074074074074 0.03076923076923077 0.049074074074074076
2 1.6717948717948719 0.9962962962962963 0.03974358974358974 0.06111111111111111
2 0.6641025641025641 1.738888888888889 0.05384615384615385 0.06851851851851852
2 0.6974358974358974 1.7805555555555554 0.03461538461538462 0.041666666666666664
2 0.676923076923077 1.2592592592592593 0.04871794871794872 0.05740740740740741
2 1.617948717948718 0.7564814814814815 0.05641025641025641 0.06481481481481481
2 1.721794871794872 0.7564814814814815 0.04871794871794872 0.05740740740740741
2 1.7833333333333334 0.962037037037037 0.041025641025641026 0.06111111111111111
1 1.008974358974359 0.0 0.04358974358974359 0.05277777777777778
1 0.9461538461538461 1.7314814814814814 0.04230769230769231 0.06111111111111111
2 1.1333333333333333 0.962037037037037 0.035897435897435895 0.053703703703703705
2 1.0397435897435898 1.0305555555555554 0.041025641025641026 0.05740740740740741
1 1.0371794871794873 0.5018518518518519 0.04358974358974359 0.05740740740740741
3 1.1487179487179486 1.0083333333333333 0.10128205128205128 0.09537037037037037
1 1.3923076923076922 0.07592592592592592 0.05128205128205128 0.08703703703703704
1 1.3692307692307693 0.08333333333333333 0.04871794871794872 0.06851851851851852
2 0.6666666666666666 1.738888888888889 0.05384615384615385 0.08333333333333333
1 1.0243589743589743 0.3611111111111111 0.04871794871794872 0.03796296296296296
2 1.8064102564102564 0.9703703703703703 0.017948717948717947 0.06018518518518518
2 1.7474358974358974 0.9814814814814815 0.0641025641025641 0.049074074074074076
