2 1.747191011235955 1.249074074074074 0.07303370786516854 0.11574074074074074
2 1.7893258426966292 1.112962962962963 0.06741573033707865 0.12037037037037036
1 1.7921348314606742 0.5425925925925926 0.04353932584269663 0.08888888888888889
1 0.7008426966292135 1.4425925925925926 0.06882022471910113 0.07407407407407407
1 0.8820224719101124 1.2675925925925926 0.10814606741573034 0.10555555555555556
2 0.046348314606741575 1.1203703703703705 0.0800561797752809 0.09722222222222222
1 1.5997191011235956 1.2675925925925926 0.06741573033707865 0.10092592592592593
1 1.2640449438202248 0.9657407407407408 0.0702247191011236 0.08148148148148149
1 0.21629213483146068 1.249074074074074 0.09831460674157304 0.062037037037037036
1 0.12921348314606743 1.0814814814814815 0.12640449438202248 0.09351851851851851
