2 0.0012953367875647669 1.2157407407407408 0.06735751295336788 0.06944444444444445
2 0.25906735751295334 1.1231481481481482 0.05699481865284974 0.06944444444444445
2 1.7849740932642486 1.0305555555555554 0.06476683937823834 0.08888888888888889
2 1.7901554404145077 1.0694444444444444 0.04922279792746114 0.062037037037037036
2 0.31865284974093266 1.135185185185185 0.046632124352331605 0.06944444444444445
2 0.19041450777202074 1.2351851851851852 0.06088082901554404 0.062037037037037036
2 0.3134715025906736 0.8185185185185185 0.04922279792746114 0.06574074074074074
1 0.6994818652849741 0.11574074074074074 0.046632124352331605 0.06111111111111111
2 0.6023316062176166 0.7722222222222223 0.05699481865284974 0.046296296296296294
2 1.7642487046632125 1.0194444444444444 0.06476683937823834 0.1
1 0.2033678756476684 0.7175925925925926 0.06606217616580311 0.03888888888888889
2 0.4650259067357513 1.0194444444444444 0.04404145077720207 0.1
2 0.6645077720207254 0.30462962962962964 0.04533678756476684 0.062037037037037036
2 0.2033678756476684 0.7490740740740741 0.04533678756476684 0.053703703703703705
1 0.9339378238341969 1.5787037037037037 0.06735751295336788 0.062037037037037036
2 1.0867875647668395 1.1268518518518518 0.06217616580310881 0.05462962962962963
1 0.03238341968911917 0.9842592592592593 0.05958549222797927 0.06944444444444445
2 0.0012953367875647669 1.0962962962962963 0.05958549222797927 0.053703703703703705
2 0.11787564766839378 1.0537037037037038 0.046632124352331605 0.03888888888888889
2 0.0 1.0925925925925926 0.04015544041450777 0.046296296296296294
2 1.2020725388601037 1.1231481481481482 0.054404145077720206 0.062037037037037036
2 0.34974093264248707 1.1583333333333334 0.031088082901554404 0.06944444444444445
1 0.24352331606217617 0.0 0.05181347150259067 0.041666666666666664
2 0.35751295336787564 1.2666666666666666 0.04922279792746114 0.06944444444444445
1 0.0 1.0611111111111111 0.022020725388601035 0.062037037037037036
1 0.13082901554404144 1.3129629629629629 0.05181347150259067 0.053703703703703705
1 0.7823834196891192 0.0 0.05699481865284974 0.053703703703703705
1 0.7487046632124352 0.0 0.05699481865284974 0.03796296296296296
2 1.7772020725388602 1.173148148148148 0.07512953367875648 0.07037037037037037
1 0.25647668393782386 0.7870370370370371 0.03626943005181347 0.05462962962962963
1 0.5427461139896373 1.663888888888889 0.05958549222797927 0.05462962962962963
2 1.6152849740932642 1.173148148148148 0.06606217616580311 0.09351851851851851
