1 0.009615384615384616 0.7796296296296297 0.0782967032967033 0.08796296296296297
2 0.967032967032967 1.712037037037037 0.06318681318681318 0.07592592592592592
2 1.706043956043956 0.962037037037037 0.09752747252747253 0.08796296296296297
2 0.004120879120879121 0.6314814814814815 0.05631868131868132 0.06481481481481481
1 0.5508241758241759 0.27314814814814814 0.054945054945054944 0.06481481481481481
1 0.5247252747252747 0.262037037037037 0.04395604395604396 0.06851851851851852
1 0.5068681318681318 0.27314814814814814 0.06868131868131869 0.046296296296296294
2 0.6263736263736264 1.262962962962963 0.057692307692307696 0.06851851851851852
1 0.7980769230769231 0.3611111111111111 0.06043956043956044 0.10277777777777777
2 1.0 0.9018518518518519 0.06043956043956044 0.07222222222222222
2 0.6483516483516484 0.8481481481481481 0.10164835164835165 0.08796296296296297
1 1.0233516483516483 0.31574074074074077 0.050824175824175824 0.07592592592592592
1 1.1112637362637363 1.525925925925926 0.06593406593406594 0.07962962962962963
