1 0.8159340659340659 0.14444444444444443 0.024725274725274724 0.03425925925925926
1 0.7733516483516484 0.14444444444444443 0.03021978021978022 0.025925925925925925
2 1.1236263736263736 0.9018518518518519 0.061813186813186816 0.03796296296296296
1 1.4725274725274726 1.4157407407407407 0.03571428571428571 0.03425925925925926
1 1.0563186813186813 0.2657407407407407 0.027472527472527472 0.03796296296296296
2 0.08516483516483517 1.076851851851852 0.07142857142857142 0.06481481481481481
2 0.0 0.8861111111111111 0.0673076923076923 0.05740740740740741
2 1.6016483516483517 1.0083333333333333 0.09065934065934066 0.07592592592592592
2 1.5357142857142858 0.9814814814814815 0.08928571428571429 0.03796296296296296
2 1.6016483516483517 1.0351851851851852 0.07142857142857142 0.041666666666666664
1 1.4986263736263736 1.423148148148148 0.020604395604395604 0.041666666666666664
1 1.1717032967032968 0.9055555555555556 0.04395604395604396 0.04537037037037037
1 0.9217032967032966 1.7314814814814814 0.03296703296703297 0.041666666666666664
1 0.7101648351648352 1.7842592592592592 0.03708791208791209 0.03796296296296296
1 0.6236263736263736 0.9740740740740741 0.03983516483516483 0.03796296296296296
1 0.25 0.262037037037037 0.027472527472527472 0.03796296296296296
1 0.26785714285714285 0.20925925925925926 0.03021978021978022 0.02962962962962963
2 1.114010989010989 0.8555555555555555 0.06318681318681318 0.05
