1 1.2760416666666667 1.3685185185185185 0.049479166666666664 0.07777777777777778
2 1.7890625 1.0898148148148148 0.06510416666666667 0.053703703703703705
1 0.7395833333333334 1.4851851851851852 0.03125 0.06574074074074074
1 0.3372395833333333 0.8296296296296296 0.03125 0.062037037037037036
2 0.81640625 0.20092592592592592 0.059895833333333336 0.062037037037037036
2 0.17708333333333334 1.249074074074074 0.06510416666666667 0.046296296296296294
2 0.9609375 1.2444444444444445 0.052083333333333336 0.05462962962962963
1 1.6002604166666667 0.9805555555555555 0.049479166666666664 0.058333333333333334
2 1.13671875 1.0277777777777777 0.052083333333333336 0.06944444444444445
1 0.85546875 0.5074074074074074 0.049479166666666664 0.058333333333333334
2 1.3203125 1.0046296296296295 0.061197916666666664 0.08518518518518518
2 0.9322916666666666 1.5435185185185185 0.0625 0.062037037037037036
1 0.22135416666666666 0.1935185185185185 0.048177083333333336 0.07407407407407407
1 0.9427083333333334 0.04259259259259259 0.0703125 0.05740740740740741
1 1.0026041666666667 0.08518518518518518 0.0546875 0.07685185185185185
1 0.6666666666666666 1.412037037037037 0.059895833333333336 0.06944444444444445
2 1.8125 1.1944444444444444 0.041666666666666664 0.07777777777777778
1 0.92578125 1.6055555555555556 0.06901041666666667 0.07777777777777778
1 0.5234375 1.1981481481481482 0.053385416666666664 0.058333333333333334
