1 0.5076530612244898 0.09166666666666666 0.061224489795918366 0.05277777777777778
1 1.0076530612244898 1.7425925925925927 0.03316326530612245 0.08796296296296297
2 0.7257653061224489 0.6796296296296296 0.058673469387755105 0.053703703703703705
2 0.8813775510204082 0.5731481481481482 0.08290816326530612 0.07592592592592592
2 1.1045918367346939 0.649074074074074 0.04081632653061224 0.08055555555555556
2 1.0433673469387754 0.4203703703703704 0.04081632653061224 0.09907407407407408
2 1.0459183673469388 0.6453703703703704 0.061224489795918366 0.05740740740740741
2 0.9094387755102041 0.42407407407407405 0.05994897959183673 0.08796296296296297
1 1.0357142857142858 1.738888888888889 0.04081632653061224 0.09166666666666666
1 1.1045918367346939 1.700925925925926 0.05102040816326531 0.07685185185185185
1 1.1301020408163265 1.510185185185185 0.061224489795918366 0.07222222222222222
1 1.1862244897959184 0.09907407407407408 0.05229591836734694 0.053703703703703705
1 1.4987244897959184 0.1638888888888889 0.03443877551020408 0.053703703703703705
1 1.1989795918367347 0.4962962962962963 0.036989795918367346 0.053703703703703705
2 0.9017857142857143 0.7064814814814815 0.05994897959183673 0.07314814814814814
2 0.9821428571428571 1.6287037037037038 0.061224489795918366 0.08333333333333333
1 1.1887755102040816 1.2648148148148148 0.03443877551020408 0.06481481481481481
1 1.2066326530612246 1.325925925925926 0.03443877551020408 0.08796296296296297
1 1.2091836734693877 1.2842592592592592 0.02423469387755102 0.053703703703703705
6 1.6224489795918366 0.9435185185185185 0.18112244897959184 0.08425925925925926
2 1.125 1.7314814814814814 0.06377551020408163 0.09166666666666666
1 1.5994897959183674 0.9435185185185185 0.03571428571428571 0.06574074074074074
1 1.7015306122448979 0.9935185185185185 0.02295918367346939 0.06111111111111111
1 1.7372448979591837 1.0166666666666666 0.02040816326530612 0.04537037037037037
