2 1.1275510204081634 1.7694444444444444 0.04336734693877551 0.053703703703703705
1 1.135204081632653 0.05277777777777778 0.058673469387755105 0.05740740740740741
2 0.5892857142857143 1.1194444444444445 0.044642857142857144 0.06111111111111111
2 1.465561224489796 0.8333333333333334 0.058673469387755105 0.06851851851851852
2 1.5918367346938775 0.9592592592592593 0.02806122448979592 0.06851851851851852
2 1.0688775510204083 0.1712962962962963 0.05357142857142857 0.06574074074074074
2 1.6301020408163265 0.9092592592592592 0.03316326530612245 0.06944444444444445
2 1.0918367346938775 0.14444444444444443 0.05102040816326531 0.046296296296296294
2 1.096938775510204 0.11388888888888889 0.04846938775510204 0.05740740740740741
2 0.8635204081632653 1.0398148148148147 0.05102040816326531 0.07222222222222222
1 0.9183673469387755 1.2648148148148148 0.05102040816326531 0.07685185185185185
1 1.1785714285714286 1.7583333333333333 0.044642857142857144 0.06111111111111111
1 1.211734693877551 1.3185185185185184 0.03188775510204082 0.06851851851851852
1 1.0790816326530612 1.3185185185185184 0.04846938775510204 0.09537037037037037
6 1.625 0.9287037037037037 0.18112244897959184 0.10277777777777777
1 1.211734693877551 1.4564814814814815 0.042091836734693876 0.06851851851851852
1 1.6224489795918366 0.5462962962962963 0.061224489795918366 0.06481481481481481
1 0.6441326530612245 0.8824074074074074 0.05612244897959184 0.06944444444444445
1 0.5357142857142857 0.8101851851851852 0.04846938775510204 0.06481481481481481
1 0.6288265306122449 1.0472222222222223 0.058673469387755105 0.06851851851851852
2 1.0153061224489797 1.7925925925925925 0.05102040816326531 0.03425925925925926
1 1.1377551020408163 1.223148148148148 0.04591836734693878 0.08425925925925926
2 0.6798469387755102 1.0583333333333333 0.05612244897959184 0.08055555555555556
1 1.5114795918367347 0.14907407407407408 0.0548469387755102 0.09166666666666666
2 1.1173469387755102 1.7657407407407408 0.04336734693877551 0.06111111111111111
3 1.0841836734693877 1.7351851851851852 0.05357142857142857 0.09166666666666666
2 1.1581632653061225 1.1009259259259259 0.05357142857142857 0.09166666666666666
2 1.0841836734693877 1.7777777777777777 0.030612244897959183 0.049074074074074076
2 0.8482142857142857 0.8101851851851852 0.04336734693877551 0.06481481481481481
2 0.8762755102040817 0.9361111111111111 0.05994897959183673 0.1
2 1.3584183673469388 0.9018518518518519 0.05612244897959184 0.053703703703703705
2 0.8813775510204082 1.2074074074074075 0.0548469387755102 0.07314814814814814
2 0.3979591836734694 0.9629629629629629 0.05357142857142857 0.08796296296296297
1 1.4808673469387754 0.6685185185185185 0.03826530612244898 0.07685185185185185
2 0.5510204081632653 1.0166666666666666 0.08290816326530612 0.07222222222222222
2 1.1964285714285714 0.2518518518518518 0.04974489795918367 0.08425925925925926
2 0.9591836734693877 0.0 0.04591836734693878 0.05277777777777778
2 1.096938775510204 0.649074074074074 0.05102040816326531 0.062037037037037036
2 1.1428571428571428 0.7222222222222222 0.04846938775510204 0.05
