2 1.7362637362637363 0.9203703703703704 0.06318681318681318 0.09907407407407408
1 1.276098901098901 0.6537037037037037 0.04807692307692308 0.05740740740740741
2 1.7912087912087913 0.9203703703703704 0.023351648351648352 0.09537037037037037
2 0.009615384615384616 0.7268518518518519 0.02197802197802198 0.07962962962962963
1 0.32554945054945056 0.7037037037037037 0.05357142857142857 0.08333333333333333
1 0.4491758241758242 0.7037037037037037 0.06043956043956044 0.06111111111111111
2 0.004120879120879121 0.8861111111111111 0.04532967032967033 0.08425925925925926
2 1.7335164835164836 0.9777777777777777 0.08104395604395605 0.08333333333333333
1 1.7843406593406594 0.8101851851851852 0.024725274725274724 0.06851851851851852
1 1.4629120879120878 1.3888888888888888 0.04532967032967033 0.049074074074074076
2 1.7733516483516483 0.9583333333333334 0.038461538461538464 0.08425925925925926
2 1.7733516483516483 0.9203703703703704 0.04120879120879121 0.08425925925925926
2 1.6703296703296704 0.9740740740740741 0.06043956043956044 0.08703703703703704
2 1.7884615384615385 0.9814814814814815 0.023351648351648352 0.06111111111111111
1 1.1497252747252746 0.7527777777777778 0.04807692307692308 0.07685185185185185
