2 0.0013020833333333333 1.1435185185185186 0.0546875 0.07777777777777778
2 0.8268229166666666 1.6601851851851852 0.07552083333333333 0.06944444444444445
1 0.5130208333333334 1.4425925925925926 0.06380208333333333 0.09351851851851851
2 1.6549479166666667 1.124074074074074 0.08984375 0.09351851851851851
2 1.7317708333333333 1.1009259259259259 0.08854166666666667 0.09351851851851851
2 0.7213541666666666 0.7555555555555555 0.052083333333333336 0.09351851851851851
2 0.30859375 0.825925925925926 0.08984375 0.09259259259259259
1 0.0 1.249074074074074 0.06380208333333333 0.08888888888888889
1 0.17708333333333334 0.5231481481481481 0.06510416666666667 0.08888888888888889
2 1.21875 1.0157407407407408 0.08072916666666667 0.09351851851851851
2 0.87109375 0.0 0.07682291666666667 0.09259259259259259
2 0.8346354166666666 0.0 0.08333333333333333 0.08518518518518518
2 0.9348958333333334 0.44907407407407407 0.06510416666666667 0.09351851851851851
2 0.96875 0.4925925925925926 0.06510416666666667 0.11203703703703703
6 0.18489583333333334 1.1592592592592592 0.16796875 0.11666666666666667
1 0.5924479166666666 0.6861111111111111 0.08463541666666667 0.09351851851851851
1 0.4036458333333333 0.8842592592592593 0.06510416666666667 0.07314814814814814
2 0.78125 1.2796296296296297 0.06380208333333333 0.09351851851851851
2 1.7864583333333333 1.2833333333333334 0.0625 0.09351851851851851
1 1.46875 1.1712962962962963 0.06510416666666667 0.12037037037037036
1 0.4375 0.7796296296296297 0.06510416666666667 0.09259259259259259
