2 0.08984375 1.1712962962962963 0.08463541666666667 0.10092592592592593
2 1.71484375 1.0703703703703704 0.11328125 0.11666666666666667
2 1.1705729166666667 1.4462962962962962 0.08723958333333333 0.09722222222222222
2 0.10807291666666667 1.1481481481481481 0.08203125 0.10092592592592593
1 0.2799479166666667 1.3962962962962964 0.08333333333333333 0.0962962962962963
1 0.5690104166666666 1.598148148148148 0.057291666666666664 0.07685185185185185
1 0.2643229166666667 0.8842592592592593 0.07552083333333333 0.10462962962962963
2 1.41015625 1.151851851851852 0.09244791666666667 0.08888888888888889
2 1.4661458333333333 1.1009259259259259 0.09375 0.09351851851851851
2 0.4895833333333333 1.0972222222222223 0.08463541666666667 0.09351851851851851
6 0.85546875 1.2638888888888888 0.18619791666666666 0.10092592592592593
1 0.2799479166666667 0.5694444444444444 0.09895833333333333 0.09722222222222222
1 0.3268229166666667 0.725 0.07421875 0.08518518518518518
2 1.2395833333333333 1.2407407407407407 0.10807291666666667 0.09722222222222222
2 1.5260416666666667 1.2916666666666667 0.08723958333333333 0.08518518518518518
2 0.8372395833333334 0.6824074074074075 0.07552083333333333 0.12407407407407407
1 1.62890625 1.0740740740740742 0.06770833333333333 0.10092592592592593
1 0.5325520833333334 1.6092592592592592 0.0546875 0.08148148148148149
1 1.5416666666666667 0.9851851851851852 0.049479166666666664 0.08518518518518518
2 0.9453125 0.062037037037037036 0.06510416666666667 0.0962962962962963
2 1.7395833333333333 1.0314814814814814 0.109375 0.11203703703703703
2 0.5533854166666666 1.5277777777777777 0.0859375 0.08981481481481482
1 0.4661458333333333 0.6703703703703704 0.06640625 0.09722222222222222
