2 0.9574175824175825 1.762037037037037 0.07005494505494506 0.05648148148148148
2 0.12774725274725274 0.8296296296296296 0.1043956043956044 0.11018518518518519
1 0.5934065934065934 0.5055555555555555 0.054945054945054944 0.07222222222222222
1 0.006868131868131868 0.5518518518518518 0.05631868131868132 0.07962962962962963
2 1.092032967032967 0.8898148148148148 0.07280219780219781 0.08796296296296297
1 1.0755494505494505 0.7833333333333333 0.05631868131868132 0.08425925925925926
1 0.8255494505494505 0.22777777777777777 0.04395604395604396 0.05
2 0.41620879120879123 1.0046296296296295 0.10576923076923077 0.10648148148148148
1 1.010989010989011 0.8296296296296296 0.07554945054945054 0.09444444444444444
1 1.0782967032967032 1.6092592592592592 0.04807692307692308 0.05
2 0.006868131868131868 0.8935185185185185 0.03571428571428571 0.07685185185185185
