1 0.9972527472527473 0.8638888888888889 0.05357142857142857 0.04537037037037037
1 0.7706043956043956 0.25833333333333336 0.03296703296703297 0.03796296296296296
1 0.23901098901098902 0.16296296296296298 0.04807692307692308 0.046296296296296294
1 0.28296703296703296 0.14814814814814814 0.042582417582417584 0.03425925925925926
2 0.02197802197802198 0.9472222222222222 0.09065934065934066 0.053703703703703705
2 0.3475274725274725 0.125 0.06868131868131869 0.053703703703703705
1 0.0 0.8824074074074074 0.04532967032967033 0.05
1 1.0892857142857142 1.5787037037037037 0.034340659340659344 0.03796296296296296
1 1.0934065934065933 1.612962962962963 0.03296703296703297 0.04259259259259259
2 1.1346153846153846 0.9703703703703703 0.09615384615384616 0.03425925925925926
2 0.75 1.000925925925926 0.06868131868131869 0.041666666666666664
2 1.164835164835165 1.0305555555555554 0.06868131868131869 0.03425925925925926
2 0.3914835164835165 0.9666666666666667 0.04807692307692308 0.041666666666666664
1 0.6771978021978022 0.35 0.03296703296703297 0.03796296296296296
