1 0.44368131868131866 0.6046296296296296 0.03296703296703297 0.03796296296296296
1 1.7884615384615385 0.6842592592592592 0.028846153846153848 0.05
2 0.0 0.924074074074074 0.06043956043956044 0.053703703703703705
1 0.31043956043956045 1.0731481481481482 0.03296703296703297 0.03796296296296296
1 1.0631868131868132 1.0731481481481482 0.038461538461538464 0.03796296296296296
2 1.6758241758241759 0.9888888888888889 0.08241758241758242 0.05
2 1.2005494505494505 0.9962962962962963 0.07554945054945054 0.05
2 0.0 0.8935185185185185 0.07554945054945054 0.04259259259259259
1 0.5370879120879121 1.0694444444444444 0.03571428571428571 0.03796296296296296
2 0.0013736263736263737 0.7342592592592593 0.04395604395604396 0.05648148148148148
2 1.0054945054945055 0.9092592592592592 0.08653846153846154 0.06481481481481481
