2 1.183673469387755 1.2305555555555556 0.07525510204081633 0.08425925925925926
1 1.4910714285714286 0.8787037037037037 0.07525510204081633 0.1037037037037037
1 0.8737244897959183 1.2574074074074073 0.07015306122448979 0.08055555555555556
1 0.8558673469387755 0.022222222222222223 0.06505102040816327 0.08055555555555556
1 1.1658163265306123 1.7314814814814814 0.05994897959183673 0.09537037037037037
2 1.0229591836734695 0.42777777777777776 0.0663265306122449 0.09537037037037037
2 0.9183673469387755 0.2898148148148148 0.0663265306122449 0.1
2 1.0637755102040816 1.674074074074074 0.0663265306122449 0.09907407407407408
1 1.7244897959183674 0.7564814814814815 0.05357142857142857 0.06481481481481481
1 1.1811224489795917 0.5194444444444445 0.05994897959183673 0.09537037037037037
1 1.7729591836734695 0.6453703703703704 0.03826530612244898 0.05740740740740741
1 1.586734693877551 0.5611111111111111 0.07397959183673469 0.09259259259259259
2 1.0714285714285714 0.42407407407407405 0.08163265306122448 0.08055555555555556
3 1.0484693877551021 0.0 0.07653061224489796 0.11018518518518519
2 0.0625 0.8296296296296296 0.08673469387755102 0.09537037037037037
2 0.0 0.8907407407407407 0.08801020408163265 0.09537037037037037
2 1.0331632653061225 0.13703703703703704 0.0663265306122449 0.09537037037037037
2 1.0025510204081634 1.7657407407407408 0.061224489795918366 0.06111111111111111
2 0.9387755102040817 1.7583333333333333 0.0663265306122449 0.07222222222222222
2 0.9617346938775511 1.738888888888889 0.07653061224489796 0.09166666666666666
2 0.0 0.8601851851851852 0.08035714285714286 0.09537037037037037
2 0.8456632653061225 1.6055555555555556 0.07525510204081633 0.08796296296296297
1 0.8048469387755102 1.5555555555555556 0.08673469387755102 0.1037037037037037
1 0.8737244897959183 1.5055555555555555 0.0778061224489796 0.07685185185185185
1 1.75 0.7564814814814815 0.07653061224489796 0.08055555555555556
1 1.6658163265306123 0.5925925925925926 0.06377551020408163 0.09537037037037037
2 1.75 0.8175925925925925 0.07653061224489796 0.09166666666666666
3 1.5994897959183674 0.9398148148148148 0.20918367346938777 0.10740740740740741
1 0.9311224489795918 1.6435185185185186 0.058673469387755105 0.09166666666666666
1 1.6326530612244898 0.6268518518518519 0.05612244897959184 0.09537037037037037
1 1.760204081632653 0.725925925925926 0.04846938775510204 0.07222222222222222
1 1.788265306122449 0.6416666666666667 0.03571428571428571 0.06481481481481481
2 1.7295918367346939 0.8861111111111111 0.09183673469387756 0.08055555555555556
2 1.6887755102040816 1.0166666666666666 0.10714285714285714 0.09907407407407408
2 1.655612244897959 0.9972222222222222 0.0663265306122449 0.06481481481481481
1 1.7142857142857142 0.9972222222222222 0.07653061224489796 0.06481481481481481
2 0.0 0.8638888888888889 0.07270408163265306 0.049074074074074076
2 0.0 0.8944444444444445 0.0625 0.07222222222222222
2 0.0012755102040816326 0.8212962962962963 0.06887755102040816 0.08425925925925926
2 0.8558673469387755 1.5629629629629629 0.05612244897959184 0.06111111111111111
2 1.3303571428571428 0.0 0.04591836734693878 0.04537037037037037
2 0.5510204081632653 0.8444444444444444 0.07525510204081633 0.08425925925925926
2 0.5204081632653061 0.8175925925925925 0.0663265306122449 0.06851851851851852
2 0.4744897959183674 0.8212962962962963 0.07397959183673469 0.06111111111111111
