2 1.7865168539325842 1.3731481481481482 0.06741573033707865 0.11574074074074074
2 1.7345505617977528 1.3537037037037036 0.06460674157303371 0.12777777777777777
1 1.8230337078651686 0.5740740740740741 0.03651685393258427 0.11944444444444445
1 0.6825842696629213 1.5824074074074075 0.05898876404494382 0.08888888888888889
1 0.6460674157303371 1.2564814814814815 0.10814606741573034 0.10462962962962963
2 0.03089887640449438 1.124074074074074 0.0800561797752809 0.09722222222222222
1 1.4115168539325842 1.249074074074074 0.06741573033707865 0.1
1 1.2640449438202248 0.9657407407407408 0.0702247191011236 0.08148148148148149
1 0.0 1.2333333333333334 0.09269662921348315 0.062037037037037036
1 0.0800561797752809 1.0814814814814815 0.1151685393258427 0.09351851851851851
