2 1.0872395833333333 1.0777777777777777 0.08854166666666667 0.09722222222222222
2 1.2265625 1.0194444444444444 0.11328125 0.11296296296296296
2 1.3346354166666667 1.3611111111111112 0.09635416666666667 0.11296296296296296
2 0.07942708333333333 1.175 0.07942708333333333 0.09722222222222222
1 0.0 1.299074074074074 0.09505208333333333 0.10462962962962963
1 0.3372395833333333 1.3925925925925926 0.057291666666666664 0.08148148148148149
1 0.2630208333333333 0.8805555555555555 0.07421875 0.1
2 1.28125 1.2407407407407407 0.10286458333333333 0.08148148148148149
2 1.35546875 1.151851851851852 0.10807291666666667 0.09722222222222222
2 0.984375 1.162962962962963 0.10286458333333333 0.09722222222222222
6 1.7174479166666667 1.1981481481481482 0.13671875 0.09722222222222222
1 0.1796875 0.5305555555555556 0.09765625 0.09722222222222222
1 0.15885416666666666 0.5546296296296296 0.078125 0.08888888888888889
2 0.7786458333333334 1.7138888888888888 0.10807291666666667 0.09722222222222222
2 0.7630208333333334 1.761111111111111 0.09765625 0.08148148148148149
2 0.8606770833333334 0.0 0.07682291666666667 0.11203703703703703
1 1.7838541666666667 0.9962962962962963 0.06770833333333333 0.11296296296296296
1 0.30078125 1.4425925925925926 0.057291666666666664 0.08148148148148149
1 1.5416666666666667 0.9851851851851852 0.049479166666666664 0.08518518518518518
2 0.9505208333333334 0.0 0.06510416666666667 0.09259259259259259
2 1.4635416666666667 1.0351851851851852 0.109375 0.10833333333333334
2 0.37109375 0.7287037037037037 0.08723958333333333 0.08981481481481482
1 0.5052083333333334 0.44907407407407407 0.07942708333333333 0.09722222222222222
