2 0.7538860103626943 1.6601851851851852 0.10362694300518134 0.10833333333333334
2 1.2150259067357514 1.3240740740740742 0.06476683937823834 0.053703703703703705
2 0.5790155440414507 1.2972222222222223 0.09067357512953368 0.09259259259259259
2 0.5038860103626943 1.2546296296296295 0.06994818652849741 0.07685185185185185
2 0.5686528497409327 0.8648148148148148 0.08549222797927461 0.08055555555555556
2 0.9935233160621761 1.2314814814814814 0.06217616580310881 0.07685185185185185
1 0.41450777202072536 0.7870370370370371 0.10751295336787564 0.10092592592592593
2 0.13601036269430053 1.0462962962962963 0.08808290155440414 0.05740740740740741
2 0.050518134715025906 0.9648148148148148 0.06217616580310881 0.10092592592592593
1 0.25906735751295334 1.4055555555555554 0.06476683937823834 0.06111111111111111
2 0.0 1.0342592592592592 0.08419689119170984 0.07407407407407407
2 0.14378238341968913 0.7444444444444445 0.09715025906735751 0.07037037037037037
1 0.09455958549222798 0.562962962962963 0.05699481865284974 0.05462962962962963
1 0.25647668393782386 0.1425925925925926 0.06217616580310881 0.06574074074074074
1 0.042746113989637305 1.3398148148148148 0.06217616580310881 0.062037037037037036
2 1.2772020725388602 1.2194444444444446 0.06994818652849741 0.062037037037037036
2 0.7020725388601037 0.0 0.11139896373056994 0.06944444444444445
2 0.7797927461139896 0.0 0.05699481865284974 0.05
2 0.7331606217616581 0.046296296296296294 0.04922279792746114 0.06111111111111111
2 0.8601036269430051 0.24259259259259258 0.05181347150259067 0.06944444444444445
1 0.5738341968911918 1.575 0.054404145077720206 0.07777777777777778
2 0.46113989637305697 1.4666666666666666 0.050518134715025906 0.07777777777777778
1 0.8264248704663213 1.7953703703703703 0.038860103626943004 0.023148148148148147
1 0.23186528497409326 0.014814814814814815 0.04015544041450777 0.046296296296296294
1 0.3549222797927461 0.06481481481481481 0.03626943005181347 0.05092592592592592
2 0.8031088082901554 0.8148148148148148 0.054404145077720206 0.06111111111111111
1 0.8419689119170984 0.8648148148148148 0.0051813471502590676 0.007407407407407408
1 1.7927461139896372 0.9731481481481481 0.031088082901554404 0.041666666666666664
1 1.5012953367875648 1.0231481481481481 0.03626943005181347 0.046296296296296294
2 1.7538860103626943 1.0425925925925925 0.07253886010362694 0.09259259259259259
2 0.7435233160621761 0.5675925925925925 0.06994818652849741 0.06944444444444445
2 1.7512953367875648 1.076851851851852 0.09067357512953368 0.05
1 0.8290155440414507 1.7138888888888888 0.025906735751295335 0.04259259259259259
1 1.7953367875647668 1.0074074074074073 0.031088082901554404 0.03888888888888889
2 1.0272020725388602 0.9537037037037037 0.06994818652849741 0.0962962962962963
2 0.772020725388601 1.7833333333333334 0.05958549222797927 0.058333333333333334
2 1.2150259067357514 1.0194444444444444 0.09844559585492228 0.09259259259259259
1 0.805699481865285 0.7675925925925926 0.046632124352331605 0.05462962962962963
2 1.7590673575129534 1.0574074074074074 0.06476683937823834 0.08518518518518518
1 1.4650259067357514 0.9962962962962963 0.02849740932642487 0.053703703703703705
2 0.6256476683937824 1.5175925925925926 0.05958549222797927 0.06944444444444445
1 1.6398963730569949 0.9962962962962963 0.06735751295336788 0.06111111111111111
2 0.6567357512953368 0.007407407407407408 0.03626943005181347 0.06944444444444445
2 0.6437823834196891 0.32037037037037036 0.046632124352331605 0.06574074074074074
2 0.6126943005181347 0.08796296296296297 0.054404145077720206 0.07407407407407407
2 0.7124352331606217 0.16944444444444445 0.046632124352331605 0.06944444444444445
2 0.6204663212435233 0.041666666666666664 0.05699481865284974 0.05092592592592592
1 1.339378238341969 1.0342592592592592 0.038860103626943004 0.05462962962962963
2 1.7538860103626943 1.2351851851851852 0.06476683937823834 0.05
2 1.6295336787564767 1.2194444444444446 0.06735751295336788 0.03518518518518519
1 1.4935233160621761 0.9731481481481481 0.04404145077720207 0.03796296296296296
