1 0.08241758241758242 0.8444444444444444 0.03571428571428571 0.04537037037037037
1 0.23901098901098902 0.6240740740740741 0.0260989010989011 0.03796296296296296
1 0.8310439560439561 0.525 0.038461538461538464 0.041666666666666664
1 0.8914835164835165 0.32685185185185184 0.03571428571428571 0.053703703703703705
1 0.2692307692307692 0.25833333333333336 0.03021978021978022 0.03425925925925926
1 0.0 0.5935185185185186 0.03021978021978022 0.03796296296296296
1 0.0 0.6351851851851852 0.03021978021978022 0.03796296296296296
2 1.0 1.8 0.03571428571428571 0.022222222222222223
2 1.1387362637362637 0.8981481481481481 0.03571428571428571 0.05277777777777778
2 0.0 0.8675925925925926 0.01510989010989011 0.05277777777777778
2 0.3228021978021978 1.000925925925926 0.04532967032967033 0.05648148148148148
