2 0.0013736263736263737 0.962037037037037 0.06593406593406594 0.05740740740740741
2 0.004120879120879121 0.950925925925926 0.08104395604395605 0.09166666666666666
2 0.10851648351648352 0.8861111111111111 0.08241758241758242 0.08796296296296297
1 1.739010989010989 0.6537037037037037 0.07005494505494506 0.08796296296296297
1 1.7431318681318682 0.8444444444444444 0.07142857142857142 0.11388888888888889
1 1.4271978021978022 1.0157407407407408 0.08653846153846154 0.08333333333333333
2 0.7678571428571429 0.9361111111111111 0.06868131868131869 0.09074074074074075
2 1.6881868131868132 0.962037037037037 0.07554945054945054 0.08425925925925926
2 0.08791208791208792 0.8981481481481481 0.06868131868131869 0.10648148148148148
2 0.1662087912087912 0.9361111111111111 0.06868131868131869 0.07962962962962963
1 0.7980769230769231 0.6462962962962963 0.05357142857142857 0.06111111111111111
1 1.3667582417582418 0.9203703703703704 0.07280219780219781 0.08796296296296297
