2 0.7435897435897436 0.8722222222222222 0.07948717948717948 0.07777777777777778
2 0.5294871794871795 0.8490740740740741 0.07692307692307693 0.06944444444444445
1 0.046153846153846156 0.9416666666666667 0.0641025641025641 0.08518518518518518
1 0.002564102564102564 0.6564814814814814 0.046153846153846156 0.053703703703703705
1 0.0 0.5055555555555555 0.03333333333333333 0.06574074074074074
2 1.823076923076923 0.8611111111111112 0.02564102564102564 0.06944444444444445
1 0.18461538461538463 1.6675925925925925 0.03333333333333333 0.046296296296296294
1 0.2153846153846154 1.6796296296296296 0.038461538461538464 0.04259259259259259
1 1.0743589743589743 1.825925925925926 0.03717948717948718 0.023148148148148147
1 1.0435897435897437 1.8342592592592593 0.04358974358974359 0.014814814814814815
1 1.167948717948718 1.3777777777777778 0.038461538461538464 0.08148148148148149
1 1.1935897435897436 1.3824074074074073 0.03333333333333333 0.06111111111111111
1 1.094871794871795 0.8611111111111112 0.07051282051282051 0.05
1 1.0307692307692307 0.7722222222222223 0.046153846153846156 0.06574074074074074
