1 0.4957627118644068 0.7887700534759359 0.046610169491525424 0.05080213903743316
2 0.528954802259887 0.5909090909090909 0.041666666666666664 0.06283422459893048
2 0.5423728813559322 0.9371657754010695 0.022598870056497175 0.04946524064171123
2 0.530367231638418 0.9184491978609626 0.048728813559322036 0.06684491978609626
1 0.3665254237288136 0.34759358288770054 0.3008474576271186 0.07085561497326204
1 0.5021186440677966 0.01871657754010695 0.0211864406779661 0.0374331550802139
1 0.5 0.11764705882352941 0.041666666666666664 0.05481283422459893
1 0.5218926553672316 0.02406417112299465 0.015536723163841809 0.03208556149732621
1 0.5790960451977402 0.0427807486631016 0.046610169491525424 0.05481283422459893
1 0.4385593220338983 0.5307486631016043 0.03884180790960452 0.0481283422459893
1 0.4427966101694915 0.5802139037433155 0.01765536723163842 0.03609625668449198
1 0.4604519774011299 0.5909090909090909 0.018361581920903956 0.04411764705882353
3 0.2040960451977401 0.9371657754010695 0.06497175141242938 0.05748663101604278
