1 0.1603905160390516 0.04275534441805225 0.023709902370990237 0.0332541567695962
1 0.5564853556485355 0.501187648456057 0.01882845188284519 0.035629453681710214
1 0.36750348675034866 0.7197149643705463 0.023709902370990237 0.0332541567695962
1 0.2907949790794979 0.6342042755344418 0.02789400278940028 0.022565320665083134
1 0.2733612273361227 0.6733966745843231 0.024407252440725245 0.035629453681710214
2 0.000697350069735007 0.6923990498812351 0.03207810320781032 0.047505938242280284
2 0.3214783821478382 0.6959619952494062 0.02789400278940028 0.05463182897862233
2 0.5202231520223152 0.9465558194774347 0.03207810320781032 0.04275534441805225
1 0.06485355648535565 0.6377672209026128 0.03905160390516039 0.04156769596199525
1 0.0 0.7375296912114014 0.028591352859135284 0.027315914489311165
1 0.8451882845188284 0.42161520190023755 0.02580195258019526 0.02494061757719715
2 0.5467224546722455 0.9608076009501187 0.03277545327754533 0.030878859857482184
1 0.5062761506276151 0.0 0.019525801952580194 0.030878859857482184
1 0.5550906555090656 0.017814726840855107 0.017433751743375175 0.040380047505938245
1 0.3633193863319386 0.7482185273159145 0.026499302649930265 0.023752969121140142
1 0.5425383542538355 0.49406175771971494 0.01813110181311018 0.035629453681710214
1 0.9351464435146444 0.17458432304038005 0.03765690376569038 0.055819477434679333
2 0.8891213389121339 0.7125890736342043 0.03347280334728033 0.03800475059382423
1 0.5216178521617852 0.44418052256532065 0.029288702928870293 0.032066508313539195
1 0.5864714086471409 0.6947743467933492 0.026499302649930265 0.04156769596199525
1 0.5864714086471409 0.7280285035629454 0.022315202231520222 0.028503562945368172
1 0.5822873082287309 0.5878859857482185 0.03207810320781032 0.04631828978622328
1 0.9142259414225942 0.7256532066508313 0.02092050209205021 0.0498812351543943
1 0.8396094839609484 0.40498812351543945 0.038354253835425386 0.021377672209026127
1 0.2880055788005579 0.6567695961995249 0.022315202231520222 0.02494061757719715
1 0.27475592747559274 0.6211401425178147 0.02301255230125523 0.029691211401425176
1 0.9142259414225942 0.24703087885985747 0.02510460251046025 0.04631828978622328
1 0.4783821478382148 0.2529691211401425 0.019525801952580194 0.06294536817102138
