1 0.10805084745762712 0.5719339622641509 0.026129943502824857 0.045990566037735846
1 0.05367231638418079 0.7535377358490566 0.03742937853107345 0.054245283018867926
2 0.5233050847457628 0.0 0.03884180790960452 0.03537735849056604
1 0.6426553672316384 0.23113207547169812 0.04449152542372881 0.054245283018867926
1 0.4138418079096045 0.4410377358490566 0.041666666666666664 0.04009433962264151
1 0.461864406779661 0.2346698113207547 0.04025423728813559 0.04834905660377359
1 0.03177966101694915 0.972877358490566 0.05790960451977401 0.024764150943396228
1 0.8495762711864406 0.13089622641509435 0.02401129943502825 0.03537735849056604
1 0.5805084745762712 0.4268867924528302 0.021892655367231638 0.04363207547169811
1 0.5663841807909604 0.41391509433962265 0.02754237288135593 0.049528301886792456
1 0.6942090395480226 0.1721698113207547 0.04449152542372881 0.05070754716981132
1 0.8439265536723164 0.08490566037735849 0.022598870056497175 0.03773584905660377
1 0.5134180790960452 0.9575471698113207 0.025423728813559324 0.04009433962264151
1 0.020480225988700564 0.5389150943396226 0.03036723163841808 0.045990566037735846
2 0.5416666666666666 0.9575471698113207 0.036016949152542374 0.04009433962264151
1 0.0035310734463276836 0.49528301886792453 0.029661016949152543 0.045990566037735846
