2 0.5299860529986054 0.10332541567695962 0.03765690376569038 0.04156769596199525
1 0.003486750348675035 0.7232779097387173 0.022315202231520222 0.04631828978622328
1 0.5739191073919108 0.9833729216152018 0.00697350069735007 0.0059382422802850355
2 0.4909344490934449 0.022565320665083134 0.04741980474198047 0.047505938242280284
1 0.07043235704323571 0.7482185273159145 0.02510460251046025 0.03800475059382423
1 0.014644351464435146 0.7114014251781473 0.02789400278940028 0.04513064133016627
1 0.8270571827057183 0.35748218527315917 0.03277545327754533 0.05344418052256532
1 0.007670850767085077 0.7375296912114014 0.009762900976290097 0.032066508313539195
2 0.5230125523012552 0.0332541567695962 0.0041841004184100415 0.0059382422802850355
1 0.9365411436541143 0.17814726840855108 0.023709902370990237 0.0498812351543943
1 0.5711297071129707 0.7363420427553444 0.02510460251046025 0.043942992874109264
1 0.9086471408647141 0.25534441805225655 0.02092050209205021 0.0332541567695962
1 0.4755927475592748 0.2529691211401425 0.02092050209205021 0.057007125890736345
1 0.15760111576011157 0.07244655581947744 0.03347280334728033 0.04513064133016627
2 0.9783821478382148 0.6781472684085511 0.005578800557880056 0.0059382422802850355
