1 0.7647058823529411 0.47129629629629627 0.058823529411764705 0.08518518518518518
1 1.7352941176470589 0.7981481481481482 0.041666666666666664 0.06666666666666667
1 0.21200980392156862 0.0 0.07475490196078431 0.06666666666666667
1 0.0 0.6416666666666667 0.0392156862745098 0.06666666666666667
2 0.8394607843137255 0.43796296296296294 0.049019607843137254 0.08518518518518518
2 0.0 0.7388888888888889 0.061274509803921566 0.07777777777777778
2 0.0 0.7166666666666667 0.041666666666666664 0.06666666666666667
1 0.8811274509803921 1.1472222222222221 0.029411764705882353 0.04814814814814815
1 0.7892156862745098 1.737037037037037 0.03431372549019608 0.037037037037037035
1 0.8737745098039216 0.5305555555555556 0.04656862745098039 0.08518518518518518
1 0.056372549019607844 0.812962962962963 0.041666666666666664 0.06666666666666667
1 0.8688725490196079 0.4638888888888889 0.04656862745098039 0.06296296296296296
2 1.7303921568627452 0.8018518518518518 0.04656862745098039 0.07407407407407407
2 0.8688725490196079 0.0 0.03431372549019608 0.03333333333333333
2 0.0 0.7425925925925926 0.0392156862745098 0.06296296296296296
1 0.0 0.7833333333333333 0.031862745098039214 0.07037037037037037
2 1.0465686274509804 0.7648148148148148 0.05024509803921569 0.05925925925925926
1 1.4264705882352942 0.6564814814814814 0.0392156862745098 0.06388888888888888
1 0.1556372549019608 1.4962962962962962 0.04656862745098039 0.05555555555555555
2 0.7818627450980392 0.7722222222222223 0.0625 0.08888888888888889
1 0.9375 0.9277777777777778 0.03553921568627451 0.07037037037037037
1 0.5122549019607843 0.6416666666666667 0.06372549019607843 0.075
1 0.8762254901960784 0.41574074074074074 0.07107843137254902 0.08518518518518518
1 0.9325980392156863 1.6962962962962962 0.030637254901960783 0.07777777777777778
1 0.9154411764705882 1.4027777777777777 0.04534313725490196 0.06759259259259259
1 1.5 0.3972222222222222 0.031862745098039214 0.06296296296296296
1 0.8443627450980392 1.1435185185185186 0.03431372549019608 0.05185185185185185
2 0.8884803921568627 1.5148148148148148 0.03431372549019608 0.07037037037037037
2 0.803921568627451 1.711111111111111 0.0428921568627451 0.06296296296296296
1 1.5049019607843137 0.7166666666666667 0.04779411764705882 0.08148148148148149
2 0.9031862745098039 1.5777777777777777 0.05514705882352941 0.05185185185185185
2 0.7867647058823529 0.003703703703703704 0.05759803921568627 0.08518518518518518
2 0.8615196078431373 1.6444444444444444 0.049019607843137254 0.06666666666666667
1 0.8014705882352942 0.675 0.04779411764705882 0.0712962962962963
1 0.9509803921568627 1.737037037037037 0.0392156862745098 0.037037037037037035
1 0.8713235294117647 1.3027777777777778 0.0392156862745098 0.07407407407407407
