1 1.285897435897436 0.8611111111111112 0.035897435897435895 0.053703703703703705
1 1.273076923076923 0.8453703703703703 0.035897435897435895 0.053703703703703705
1 1.2192307692307693 1.2583333333333333 0.038461538461538464 0.058333333333333334
1 1.2705128205128204 0.12685185185185185 0.06153846153846154 0.06574074074074074
1 1.0923076923076922 1.262037037037037 0.06282051282051282 0.05462962962962963
1 0.9769230769230769 1.7564814814814815 0.07692307692307693 0.05462962962962963
1 1.1576923076923078 0.7833333333333333 0.06153846153846154 0.06574074074074074
1 1.0923076923076922 1.8027777777777778 0.06282051282051282 0.046296296296296294
1 1.1884615384615385 0.0 0.06153846153846154 0.053703703703703705
1 1.0923076923076922 0.10740740740740741 0.05 0.07407407407407407
1 1.2115384615384615 0.25092592592592594 0.05128205128205128 0.09259259259259259
1 1.4602564102564102 1.0231481481481481 0.06282051282051282 0.05
