2 0.403954802259887 0.4540094339622642 0.028954802259887006 0.03537735849056604
2 0.510593220338983 0.060141509433962265 0.031073446327683617 0.05188679245283019
1 0.8785310734463276 0.16391509433962265 0.02824858757062147 0.04009433962264151
1 0.8721751412429378 0.1957547169811321 0.02754237288135593 0.02830188679245283
1 0.4957627118644068 0.7995283018867925 0.03036723163841808 0.04363207547169811
2 0.278954802259887 0.45990566037735847 0.0346045197740113 0.03773584905660377
1 0.0 0.43042452830188677 0.023305084745762712 0.03537735849056604
2 0.007768361581920904 0.4846698113207547 0.03248587570621469 0.04834905660377359
2 0.5007062146892656 0.02240566037735849 0.031073446327683617 0.041273584905660375
2 0.5204802259887006 0.7075471698113207 0.041666666666666664 0.04363207547169811
1 0.16666666666666666 0.5365566037735849 0.028954802259887006 0.03773584905660377
1 0.23022598870056496 0.5117924528301887 0.024717514124293787 0.02358490566037736
1 0.2175141242937853 0.5224056603773585 0.026836158192090395 0.045990566037735846
1 0.7358757062146892 0.16391509433962265 0.033192090395480225 0.045990566037735846
1 0.577683615819209 0.2240566037735849 0.024717514124293787 0.04834905660377359
1 0.9484463276836158 0.6014150943396226 0.03036723163841808 0.05188679245283019
1 0.3622881355932203 0.5141509433962265 0.023305084745762712 0.045990566037735846
