1 0.9007352941176471 0.011111111111111112 0.03676470588235294 0.037037037037037035
2 0.012254901960784314 0.7462962962962963 0.05392156862745098 0.044444444444444446
1 0.8259803921568627 1.5074074074074073 0.023284313725490197 0.1037037037037037
1 0.7794117647058824 1.4777777777777779 0.0196078431372549 0.05185185185185185
1 0.8517156862745098 0.5231481481481481 0.02696078431372549 0.044444444444444446
1 0.8762254901960784 1.6333333333333333 0.022058823529411766 0.05555555555555555
1 0.004901960784313725 0.6675925925925926 0.049019607843137254 0.06018518518518518
2 0.00980392156862745 0.7574074074074074 0.05392156862745098 0.06296296296296296
2 1.732843137254902 0.8055555555555556 0.04656862745098039 0.05925925925925926
2 1.6764705882352942 0.7685185185185185 0.04656862745098039 0.05925925925925926
2 1.7475490196078431 0.7907407407407407 0.031862745098039214 0.08148148148148149
2 1.7279411764705883 0.7981481481481482 0.051470588235294115 0.07407407407407407
1 0.0 0.6972222222222222 0.04656862745098039 0.0787037037037037
2 0.8541666666666666 0.0 0.05392156862745098 0.06666666666666667
1 0.8063725490196079 1.7185185185185186 0.022058823529411766 0.040740740740740744
1 0.7720588235294118 1.7259259259259259 0.031862745098039214 0.04814814814814815
2 0.8541666666666666 0.6824074074074075 0.051470588235294115 0.075
2 0.0024509803921568627 0.7574074074074074 0.058823529411764705 0.05925925925925926
1 1.482843137254902 0.7129629629629629 0.05392156862745098 0.04814814814814815
1 0.9656862745098039 0.38981481481481484 0.04656862745098039 0.08148148148148149
1 0.8014705882352942 0.34814814814814815 0.03799019607843137 0.04537037037037037
1 0.8161764705882353 0.375 0.04044117647058824 0.06666666666666667
