1 1.5205128205128204 1.3314814814814815 0.046153846153846156 0.062037037037037036
1 1.1782051282051282 1.7722222222222221 0.04871794871794872 0.053703703703703705
1 1.185897435897436 1.5092592592592593 0.05384615384615385 0.062037037037037036
1 1.0487179487179488 0.8722222222222222 0.046153846153846156 0.07314814814814814
1 1.1346153846153846 0.8453703703703703 0.04358974358974359 0.05
1 1.1705128205128206 0.8611111111111112 0.03333333333333333 0.05
1 1.0179487179487179 0.8064814814814815 0.04358974358974359 0.058333333333333334
1 1.2064102564102563 0.4861111111111111 0.04358974358974359 0.058333333333333334
1 1.1397435897435897 0.887962962962963 0.03333333333333333 0.046296296296296294
1 1.1525641025641025 0.9111111111111111 0.028205128205128206 0.03888888888888889
1 1.214102564102564 0.7722222222222223 0.023076923076923078 0.053703703703703705
1 0.2153846153846154 0.8722222222222222 0.046153846153846156 0.06944444444444445
1 1.191025641025641 0.7722222222222223 0.023076923076923078 0.05
1 0.017948717948717947 0.8842592592592593 0.05128205128205128 0.07685185185185185
2 1.367948717948718 0.8185185185185185 0.046153846153846156 0.06944444444444445
1 1.7256410256410257 0.1814814814814815 0.041025641025641026 0.06944444444444445
1 1.4782051282051283 1.4055555555555554 0.04487179487179487 0.06574074074074074
1 1.2474358974358974 1.6944444444444444 0.038461538461538464 0.08888888888888889
1 1.0923076923076922 1.401851851851852 0.03717948717948718 0.05740740740740741
1 1.1051282051282052 1.401851851851852 0.047435897435897434 0.06111111111111111
1 1.1782051282051282 1.512962962962963 0.03333333333333333 0.05092592592592592
