2 0.0 0.7944444444444444 0.08629441624365482 0.1111111111111111
1 0.2766497461928934 0.7907407407407407 0.06345177664974619 0.06944444444444445
1 1.232233502538071 0.9138888888888889 0.07106598984771574 0.08796296296296297
1 0.5406091370558376 1.4555555555555555 0.04060913705583756 0.06111111111111111
2 1.25253807106599 0.9055555555555556 0.10532994923857868 0.11203703703703703
3 0.1484771573604061 0.9055555555555556 0.1814720812182741 0.12314814814814815
1 1.6700507614213198 0.30648148148148147 0.05964467005076142 0.07685185185185185
1 0.5114213197969543 1.424074074074074 0.046954314720812185 0.06944444444444445
1 1.5241116751269035 0.5259259259259259 0.03807106598984772 0.05
2 1.468274111675127 0.8333333333333334 0.0583756345177665 0.06481481481481481
2 0.8197969543147208 0.6444444444444445 0.05583756345177665 0.1
1 1.4238578680203047 0.5564814814814815 0.046954314720812185 0.053703703703703705
1 0.21192893401015228 0.9907407407407407 0.06472081218274112 0.07222222222222222
1 1.2220812182741116 0.8907407407407407 0.0583756345177665 0.053703703703703705
1 1.5723350253807107 0.4638888888888889 0.06218274111675127 0.07685185185185185
1 1.7626903553299493 0.7907407407407407 0.07614213197969544 0.07314814814814814
1 1.5291878172588833 0.5722222222222222 0.04060913705583756 0.053703703703703705
1 1.4086294416243654 0.47962962962962963 0.04187817258883249 0.053703703703703705
1 1.4289340101522843 0.5222222222222223 0.03934010152284264 0.053703703703703705
2 1.265228426395939 0.9592592592592593 0.07233502538071065 0.08148148148148149
2 1.7880710659898478 0.8675925925925926 0.050761421319796954 0.09166666666666666
