1 0.576271186440678 0.32887700534759357 0.03036723163841808 0.04946524064171123
1 0.4166666666666667 0.22192513368983957 0.026129943502824857 0.04679144385026738
1 0.336864406779661 0.18449197860962566 0.01977401129943503 0.029411764705882353
1 0.5402542372881356 0.9478609625668449 0.026129943502824857 0.02807486631016043
1 0.5218926553672316 0.9157754010695187 0.024717514124293787 0.0481283422459893
1 0.556497175141243 0.9572192513368984 0.022598870056497175 0.040106951871657755
1 0.5819209039548022 0.1270053475935829 0.019067796610169493 0.034759358288770054
1 0.3495762711864407 0.18449197860962566 0.01977401129943503 0.029411764705882353
1 0.8333333333333334 0.339572192513369 0.01765536723163842 0.034759358288770054
1 0.8234463276836158 0.37032085561497324 0.019067796610169493 0.01871657754010695
1 0.8453389830508474 0.37433155080213903 0.01977401129943503 0.02540106951871658
1 0.528954802259887 0.9598930481283422 0.024717514124293787 0.034759358288770054
1 0.838276836158192 0.9478609625668449 0.025423728813559324 0.0374331550802139
1 0.09957627118644068 0.9344919786096256 0.03036723163841808 0.0374331550802139
