1 0.022058823529411766 0.7351851851851852 0.06862745098039216 0.06296296296296296
1 0.0 0.9462962962962963 0.00980392156862745 0.06296296296296296
1 0.7549019607843137 1.7037037037037037 0.061274509803921566 0.06666666666666667
2 0.821078431372549 0.6083333333333333 0.08946078431372549 0.08888888888888889
1 0.9448529411764706 1.6851851851851851 0.0428921568627451 0.06296296296296296
2 0.8566176470588235 0.8907407407407407 0.056372549019607844 0.07407407407407407
1 0.0 0.700925925925926 0.04411764705882353 0.06759259259259259
1 1.7083333333333333 0.7981481481481482 0.07107843137254902 0.06296296296296296
1 0.27450980392156865 0.6972222222222222 0.06372549019607843 0.09351851851851851
2 0.8762254901960784 0.0 0.058823529411764705 0.05185185185185185
1 0.4424019607843137 0.7425925925925926 0.029411764705882353 0.044444444444444446
2 0.4325980392156863 0.7129629629629629 0.03676470588235294 0.05185185185185185
2 0.8566176470588235 0.1 0.056372549019607844 0.06666666666666667
1 0.9632352941176471 0.5972222222222222 0.0392156862745098 0.05555555555555555
3 0.16789215686274508 0.75 0.15318627450980393 0.11851851851851852
1 1.7450980392156863 0.8166666666666667 0.03431372549019608 0.044444444444444446
2 1.1629901960784315 0.7462962962962963 0.06985294117647059 0.05185185185185185
2 0.5882352941176471 0.8351851851851851 0.06004901960784314 0.05925925925925926
2 0.7794117647058824 0.003703703703703704 0.04656862745098039 0.06296296296296296
1 0.8284313725490197 1.1694444444444445 0.025735294117647058 0.040740740740740744
2 1.7303921568627452 0.7388888888888889 0.049019607843137254 0.05555555555555555
2 0.0024509803921568627 0.8240740740740741 0.05392156862745098 0.040740740740740744
2 0.7941176470588235 0.0 0.05024509803921569 0.06296296296296296
1 0.8370098039215687 1.0277777777777777 0.058823529411764705 0.0824074074074074
2 0.8958333333333334 1.7148148148148148 0.07230392156862746 0.05555555555555555
1 0.8088235294117647 1.1657407407407407 0.030637254901960783 0.04814814814814815
1 0.7745098039215687 1.173148148148148 0.031862745098039214 0.04814814814814815
2 0.5661764705882353 0.7388888888888889 0.05024509803921569 0.07037037037037037
1 0.3431372549019608 0.6712962962962963 0.04534313725490196 0.06388888888888888
1 0.9301470588235294 1.2546296296296295 0.04044117647058824 0.07407407407407407
