2 0.0 0.6793349168646081 0.006276150627615063 0.04156769596199525
2 0.4560669456066946 0.7209026128266033 0.02789400278940028 0.04631828978622328
1 0.007670850767085077 0.6318289786223278 0.029288702928870293 0.05463182897862233
2 0.4107391910739191 0.7125890736342043 0.03138075313807531 0.04631828978622328
2 0.0 0.6757719714964371 0.0048814504881450485 0.04513064133016627
1 0.6352859135285913 0.6116389548693587 0.030683403068340307 0.0332541567695962
1 0.6548117154811716 0.6152019002375297 0.022315202231520222 0.0332541567695962
2 0.5174337517433751 0.0 0.03626220362622036 0.014251781472684086
1 0.4686192468619247 0.24703087885985747 0.03207810320781032 0.0332541567695962
1 0.7796373779637378 0.6876484560570071 0.03486750348675035 0.02494061757719715
1 0.14365411436541142 0.011876484560570071 0.029288702928870293 0.035629453681710214
2 0.0 0.6947743467933492 0.02580195258019526 0.0665083135391924
1 0.496513249651325 0.5985748218527316 0.029288702928870293 0.0332541567695962
1 0.6366806136680614 0.6175771971496437 0.02510460251046025 0.02494061757719715
1 0.797768479776848 0.6508313539192399 0.03207810320781032 0.02494061757719715
1 0.9728033472803347 0.6199524940617577 0.02510460251046025 0.0510688836104513
1 0.300557880055788 0.7280285035629454 0.029288702928870293 0.035629453681710214
1 0.5634588563458857 0.9643705463182898 0.027196652719665274 0.032066508313539195
1 0.7796373779637378 0.6175771971496437 0.03765690376569038 0.0332541567695962
1 0.7838214783821479 0.6401425178147269 0.03765690376569038 0.022565320665083134
1 0.9407252440725244 0.18052256532066507 0.029288702928870293 0.05344418052256532
1 0.9156206415620641 0.2494061757719715 0.02092050209205021 0.03681710213776722
1 0.47280334728033474 0.2517814726840855 0.02789400278940028 0.06413301662707839
