2 0.4205020920502092 0.261455525606469 0.028591352859135284 0.03773584905660377
1 0.5299860529986054 0.9501347708894878 0.022315202231520222 0.03908355795148248
1 0.9490934449093444 0.9380053908355795 0.019525801952580194 0.03908355795148248
1 0.9337517433751743 0.9663072776280324 0.026499302649930265 0.026954177897574125
1 0.9769874476987448 0.8247978436657682 0.01813110181311018 0.04851752021563342
2 0.504881450488145 0.18867924528301888 0.02510460251046025 0.04716981132075472
2 0.5034867503486751 0.2803234501347709 0.02789400278940028 0.04716981132075472
2 0.49232914923291493 0.16172506738544473 0.030683403068340307 0.05256064690026954
1 0.5648535564853556 0.5876010781671159 0.02301255230125523 0.03234501347708895
1 0.5634588563458857 0.610512129380054 0.021617852161785217 0.029649595687331536
1 0.5850767085076709 0.5916442048517521 0.01813110181311018 0.03234501347708895
1 0.000697350069735007 0.5215633423180593 0.030683403068340307 0.04716981132075472
1 0.5216178521617852 0.23450134770889489 0.023709902370990237 0.04177897574123989
2 0.5230125523012552 0.9420485175202157 0.03207810320781032 0.05390835579514825
1 0.49372384937238495 0.4784366576819407 0.02789400278940028 0.03638814016172507
1 0.8186889818688982 0.610512129380054 0.022315202231520222 0.03773584905660377
1 0.6506276150627615 0.5943396226415094 0.022315202231520222 0.0431266846361186
