1 0.850253807106599 1.7166666666666666 0.06598984771573604 0.07685185185185185
2 0.0 0.8212962962962963 0.017766497461928935 0.08055555555555556
1 0.3426395939086294 0.9287037037037037 0.06218274111675127 0.062037037037037036
1 0.8578680203045685 0.08425925925925926 0.048223350253807105 0.08425925925925926
2 1.8210659898477157 0.9287037037037037 0.02030456852791878 0.08055555555555556
2 0.0 0.8518518518518519 0.025380710659898477 0.08518518518518518
2 0.19923857868020303 0.9712962962962963 0.06725888324873096 0.07685185185185185
1 1.8083756345177664 1.4398148148148149 0.03299492385786802 0.09259259259259259
2 0.0 0.7638888888888888 0.027918781725888325 0.08796296296296297
1 0.550761421319797 1.4398148148148149 0.0532994923857868 0.1
1 0.5888324873096447 1.4555555555555555 0.0532994923857868 0.08796296296296297
1 0.8223350253807107 0.08796296296296297 0.05583756345177665 0.08055555555555556
2 0.0025380710659898475 0.8833333333333333 0.04060913705583756 0.1037037037037037
2 0.7804568527918782 1.0092592592592593 0.05203045685279188 0.062037037037037036
1 0.9352791878172588 1.125 0.0583756345177665 0.08055555555555556
1 0.8959390862944162 0.32222222222222224 0.05456852791878172 0.08055555555555556
2 1.8159898477157361 0.9712962962962963 0.025380710659898477 0.06944444444444445
1 1.232233502538071 0.48703703703703705 0.050761421319796954 0.1037037037037037
1 0.7601522842639594 1.636111111111111 0.05710659898477157 0.06851851851851852
