1 0.8138297872340425 0.419811320754717 0.028875379939209727 0.04245283018867924
1 0.15653495440729484 0.5058962264150944 0.031914893617021274 0.03773584905660377
1 0.5843465045592705 0.5141509433962265 0.05243161094224924 0.05778301886792453
1 0.6246200607902735 0.48702830188679247 0.044072948328267476 0.0625
1 0.9802431610942249 0.9658018867924528 0.0182370820668693 0.031839622641509434
1 0.9635258358662614 0.25 0.028875379939209727 0.0625
1 0.8548632218844985 0.9599056603773585 0.02811550151975684 0.0330188679245283
1 0.6124620060790273 0.4221698113207547 0.03571428571428571 0.04834905660377359
1 0.49544072948328266 0.42452830188679247 0.03343465045592705 0.041273584905660375
1 0.44680851063829785 0.4221698113207547 0.03723404255319149 0.045990566037735846
