1 0.3062200956937799 0.6601851851851852 0.03349282296650718 0.04722222222222222
1 0.5 0.6101851851851852 0.04066985645933014 0.07037037037037037
1 0.6495215311004785 1.2546296296296295 0.039473684210526314 0.05277777777777778
1 0.6830143540669856 1.2277777777777779 0.039473684210526314 0.06666666666666667
2 0.5777511961722488 0.5037037037037037 0.045454545454545456 0.05
1 1.0741626794258374 0.2796296296296296 0.045454545454545456 0.06388888888888888
2 0.4246411483253589 0.7935185185185185 0.041866028708133975 0.08055555555555556
2 0.7404306220095693 0.8203703703703704 0.04904306220095694 0.053703703703703705
2 0.7966507177033493 0.7935185185185185 0.04665071770334928 0.06666666666666667
2 0.507177033492823 0.7601851851851852 0.04665071770334928 0.06018518518518518
1 0.611244019138756 1.1175925925925927 0.045454545454545456 0.05648148148148148
2 0.6519138755980861 0.5972222222222222 0.041866028708133975 0.05648148148148148
2 0.5287081339712919 0.0 0.045454545454545456 0.046296296296296294
2 0.6674641148325359 0.6574074074074074 0.04425837320574163 0.06944444444444445
1 1.3421052631578947 0.3962962962962963 0.039473684210526314 0.040740740740740744
2 0.44258373205741625 0.6138888888888889 0.05143540669856459 0.05648148148148148
2 0.0 0.6601851851851852 0.04784688995215311 0.04722222222222222
2 1.0191387559808613 0.3 0.04425837320574163 0.04351851851851852
1 0.43301435406698563 0.6638888888888889 0.03827751196172249 0.05648148148148148
1 0.784688995215311 1.2046296296296297 0.03588516746411483 0.05925925925925926
1 0.5825358851674641 1.1074074074074074 0.04904306220095694 0.05
1 0.6267942583732058 0.0 0.04066985645933014 0.06666666666666667
2 0.6758373205741627 0.3768518518518518 0.045454545454545456 0.05648148148148148
1 0.6734449760765551 0.0 0.04066985645933014 0.05648148148148148
1 1.5574162679425838 0.6666666666666666 0.0430622009569378 0.04351851851851852
2 0.7248803827751196 1.3074074074074074 0.04665071770334928 0.06666666666666667
1 0.7009569377990431 1.4212962962962963 0.04904306220095694 0.06296296296296296
2 0.0 0.6833333333333333 0.039473684210526314 0.06018518518518518
1 0.47368421052631576 0.5768518518518518 0.04665071770334928 0.03981481481481482
2 0.6244019138755981 0.39351851851851855 0.05143540669856459 0.08703703703703704
1 0.8074162679425837 0.3101851851851852 0.03588516746411483 0.046296296296296294
1 0.6854066985645934 0.5703703703703704 0.04425837320574163 0.05277777777777778
1 1.5669856459330143 0.6472222222222223 0.03349282296650718 0.07314814814814814
2 0.881578947368421 0.6203703703703703 0.04665071770334928 0.05
2 0.6423444976076556 0.11666666666666667 0.03827751196172249 0.06296296296296296
1 0.8098086124401914 0.3398148148148148 0.03827751196172249 0.03981481481481482
1 0.9748803827751196 0.27685185185185185 0.028708133971291867 0.03981481481481482
2 0.7141148325358851 1.1805555555555556 0.04425837320574163 0.07037037037037037
2 0.7523923444976076 1.4277777777777778 0.04425837320574163 0.06666666666666667
1 0.6566985645933014 0.4564814814814815 0.05741626794258373 0.06388888888888888
1 1.2523923444976077 0.31666666666666665 0.03588516746411483 0.053703703703703705
1 0.9677033492822966 0.2962962962962963 0.03827751196172249 0.040740740740740744
1 0.9318181818181818 0.31666666666666665 0.0430622009569378 0.03981481481481482
1 1.0167464114832536 0.3333333333333333 0.04665071770334928 0.04351851851851852
2 0.4868421052631579 0.6805555555555556 0.07177033492822966 0.06666666666666667
1 1.2822966507177034 0.3537037037037037 0.034688995215311005 0.04259259259259259
2 0.5251196172248804 0.6305555555555555 0.05263157894736842 0.07962962962962963
1 1.5645933014354068 0.362962962962963 0.03588516746411483 0.05
2 0.7117224880382775 0.7 0.06937799043062201 0.07407407407407407
1 1.562200956937799 0.3398148148148148 0.03588516746411483 0.05
2 0.6160287081339713 0.5101851851851852 0.06220095693779904 0.053703703703703705
1 1.145933014354067 0.5638888888888889 0.04425837320574163 0.05925925925925926
1 1.5574162679425838 0.6435185185185185 0.0430622009569378 0.03981481481481482
2 0.8301435406698564 0.6435185185185185 0.05263157894736842 0.053703703703703705
1 1.5669856459330143 0.3435185185185185 0.03110047846889952 0.046296296296296294
2 0.8074162679425837 0.7203703703703703 0.05382775119617225 0.05648148148148148
2 0.6232057416267942 0.8805555555555555 0.034688995215311005 0.06018518518518518
2 0.8050239234449761 0.7601851851851852 0.06937799043062201 0.053703703703703705
1 0.784688995215311 0.5972222222222222 0.03827751196172249 0.04351851851851852
1 0.618421052631579 0.25277777777777777 0.039473684210526314 0.06018518518518518
1 0.9413875598086124 0.3435185185185185 0.03588516746411483 0.03981481481481482
1 1.5669856459330143 0.30648148148148147 0.03110047846889952 0.053703703703703705
