2 1.4105392156862746 0.7907407407407407 0.09681372549019608 0.07777777777777778
2 1.3860294117647058 0.7425925925925926 0.10416666666666667 0.07407407407407407
2 0.08088235294117647 0.7046296296296296 0.09191176470588236 0.075
2 0.8014705882352942 1.5074074074074073 0.05759803921568627 0.1
2 0.21200980392156862 0.700925925925926 0.05759803921568627 0.08611111111111111
1 0.05392156862745098 0.8092592592592592 0.051470588235294115 0.04814814814814815
1 0.056372549019607844 0.8388888888888889 0.04411764705882353 0.044444444444444446
3 0.36887254901960786 0.700925925925926 0.051470588235294115 0.06388888888888888
2 0.9056372549019608 0.7944444444444444 0.05514705882352941 0.05185185185185185
1 0.004901960784313725 0.7759259259259259 0.041666666666666664 0.04814814814814815
1 0.14338235294117646 0.6898148148148148 0.051470588235294115 0.03425925925925926
1 0.5024509803921569 0.6787037037037037 0.056372549019607844 0.06759259259259259
1 0.7867647058823529 0.6861111111111111 0.04779411764705882 0.06759259259259259
1 0.15318627450980393 0.6564814814814814 0.03431372549019608 0.04814814814814815
1 1.2352941176470589 0.35185185185185186 0.0821078431372549 0.0824074074074074
1 0.8909313725490197 1.5185185185185186 0.05392156862745098 0.05185185185185185
2 0.8958333333333334 1.7222222222222223 0.041666666666666664 0.05555555555555555
2 0.8737745098039216 0.7083333333333334 0.0661764705882353 0.05648148148148148
2 0.0024509803921568627 0.7759259259259259 0.041666666666666664 0.04814814814814815
1 0.7843137254901961 1.451851851851852 0.07230392156862746 0.08888888888888889
1 0.7818627450980392 1.136111111111111 0.0625 0.05925925925925926
2 0.8884803921568627 1.1287037037037038 0.041666666666666664 0.05925925925925926
1 1.3762254901960784 0.812962962962963 0.06495098039215687 0.0962962962962963
1 0.7965686274509803 0.34074074074074073 0.03799019607843137 0.06759259259259259
1 0.8235294117647058 0.3675925925925926 0.03553921568627451 0.05185185185185185
