2 0.0 0.6574074074074074 0.03708133971291866 0.06296296296296296
1 0.6889952153110048 0.45 0.03827751196172249 0.04722222222222222
2 0.75 1.5546296296296296 0.05143540669856459 0.037037037037037035
1 0.7691387559808612 1.0675925925925926 0.04784688995215311 0.05648148148148148
2 0.722488038277512 1.5611111111111111 0.045454545454545456 0.030555555555555555
2 0.5777511961722488 0.5037037037037037 0.04904306220095694 0.06018518518518518
2 0.6136363636363636 0.30648148148148147 0.04425837320574163 0.053703703703703705
1 0.7093301435406698 0.7870370370370371 0.0430622009569378 0.07037037037037037
1 1.2344497607655502 0.3333333333333333 0.03110047846889952 0.037037037037037035
1 1.5574162679425838 0.5935185185185186 0.03827751196172249 0.04722222222222222
2 1.5598086124401913 0.6407407407407407 0.03349282296650718 0.05648148148148148
1 1.174641148325359 0.3333333333333333 0.03349282296650718 0.05
2 0.0 0.6601851851851852 0.0215311004784689 0.06018518518518518
1 0.7404306220095693 1.2407407407407407 0.04066985645933014 0.04722222222222222
1 1.0251196172248804 0.37962962962962965 0.03349282296650718 0.05740740740740741
1 0.7523923444976076 0.42314814814814816 0.03110047846889952 0.04722222222222222
1 0.5873205741626795 1.000925925925926 0.05382775119617225 0.06018518518518518
1 0.5825358851674641 0.9203703703703704 0.05143540669856459 0.07685185185185185
1 0.9629186602870813 0.362962962962963 0.02751196172248804 0.040740740740740744
1 0.9629186602870813 0.337037037037037 0.029904306220095694 0.04259259259259259
1 1.1638755980861244 0.3 0.028708133971291867 0.04351851851851852
1 0.6339712918660287 0.0 0.02631578947368421 0.05
1 0.5334928229665071 0.006481481481481481 0.06220095693779904 0.05
1 0.6028708133971292 0.0 0.04665071770334928 0.03981481481481482
1 0.7452153110047847 0.3537037037037037 0.03110047846889952 0.05
1 0.833732057416268 0.38981481481481484 0.045454545454545456 0.05
1 0.9940191387559809 0.3333333333333333 0.029904306220095694 0.05
1 0.7631578947368421 0.3768518518518518 0.03588516746411483 0.046296296296296294
2 1.3217703349282297 0.7305555555555555 0.05741626794258373 0.06666666666666667
1 1.5849282296650717 0.7240740740740741 0.01555023923444976 0.04259259259259259
1 0.69377990430622 1.5611111111111111 0.03827751196172249 0.037037037037037035
1 0.7045454545454546 1.5583333333333333 0.029904306220095694 0.03981481481481482
2 0.0 0.6435185185185185 0.0215311004784689 0.08333333333333333
1 0.6519138755980861 0.0 0.028708133971291867 0.025925925925925925
2 0.7655502392344498 1.5509259259259258 0.04425837320574163 0.04722222222222222
1 0.0 0.6537037037037037 0.02631578947368421 0.05
2 0.6698564593301436 0.0 0.034688995215311005 0.02962962962962963
1 0.6722488038277512 1.1037037037037036 0.034688995215311005 0.04351851851851852
1 0.7009569377990431 1.1074074074074074 0.04904306220095694 0.04351851851851852
1 1.479665071770335 0.3731481481481482 0.03110047846889952 0.05648148148148148
1 1.5382775119617225 0.3537037037037037 0.039473684210526314 0.04259259259259259
1 0.7212918660287081 1.5675925925925926 0.041866028708133975 0.030555555555555555
1 0.7093301435406698 0.26944444444444443 0.03349282296650718 0.04722222222222222
1 0.7655502392344498 0.30648148148148147 0.03588516746411483 0.05648148148148148
2 0.5777511961722488 0.4064814814814815 0.05861244019138756 0.03981481481481482
1 0.5203349282296651 0.006481481481481481 0.041866028708133975 0.05277777777777778
1 1.3301435406698565 0.32037037037037036 0.03349282296650718 0.05648148148148148
2 0.5765550239234449 0.6 0.03708133971291866 0.06666666666666667
2 0.6028708133971292 0.6833333333333333 0.03349282296650718 0.053703703703703705
1 0.7344497607655502 0.4203703703703704 0.034688995215311005 0.03981481481481482
1 1.541866028708134 0.30648148148148147 0.03349282296650718 0.053703703703703705
1 0.812200956937799 0.30277777777777776 0.02631578947368421 0.030555555555555555
1 1.5777511961722488 0.7472222222222222 0.022727272727272728 0.03981481481481482
2 0.5897129186602871 0.7935185185185185 0.04904306220095694 0.05740740740740741
1 0.6889952153110048 0.3398148148148148 0.03588516746411483 0.03981481481481482
1 1.5705741626794258 0.6537037037037037 0.029904306220095694 0.05
1 1.5801435406698565 0.7203703703703703 0.02033492822966507 0.037037037037037035
2 0.5741626794258373 0.0 0.05502392344497608 0.03611111111111111
1 0.6758373205741627 1.5444444444444445 0.03588516746411483 0.05
