1 0.7990196078431373 0.9203703703703704 0.0625 0.07407407407407407
2 0.8639705882352942 0.9944444444444445 0.06862745098039216 0.075
2 0.8345588235294118 0.43425925925925923 0.0661764705882353 0.08518518518518518
1 0.7696078431372549 0.15925925925925927 0.049019607843137254 0.06296296296296296
1 0.2818627450980392 0.1 0.06862745098039216 0.07777777777777778
2 0.8517156862745098 1.7037037037037037 0.06372549019607843 0.07407407407407407
1 1.7230392156862746 0.7981481481481482 0.04656862745098039 0.05185185185185185
2 1.7156862745098038 0.7314814814814815 0.05392156862745098 0.07407407407407407
1 0.1482843137254902 1.7259259259259259 0.09926470588235294 0.05185185185185185
2 0.883578431372549 0.0 0.05392156862745098 0.05185185185185185
2 0.007352941176470588 0.7685185185185185 0.049019607843137254 0.10740740740740741
2 0.0 0.7611111111111111 0.031862745098039214 0.08888888888888889
2 1.7034313725490196 0.7907407407407407 0.07598039215686274 0.09259259259259259
1 0.7769607843137255 0.6527777777777778 0.049019607843137254 0.06759259259259259
2 0.8688725490196079 1.7074074074074075 0.0821078431372549 0.075
2 0.9031862745098039 1.6962962962962962 0.06004901960784314 0.07037037037037037
1 0.10049019607843138 0.7574074074074074 0.05759803921568627 0.07037037037037037
1 1.7352941176470589 0.7685185185185185 0.041666666666666664 0.05555555555555555
1 1.0870098039215685 0.4083333333333333 0.04656862745098039 0.05925925925925926
1 0.8958333333333334 1.6851851851851851 0.03676470588235294 0.07037037037037037
1 1.7230392156862746 0.39351851851851855 0.049019607843137254 0.04814814814814815
2 0.8137254901960784 1.6962962962962962 0.08455882352941177 0.07777777777777778
2 0.8235294117647058 1.6851851851851851 0.06495098039215687 0.08518518518518518
2 1.7279411764705883 0.6898148148148148 0.04411764705882353 0.0712962962962963
1 0.9424019607843137 1.7037037037037037 0.04044117647058824 0.06296296296296296
1 1.1090686274509804 0.3712962962962963 0.06372549019607843 0.07407407407407407
