1 1.528205128205128 1.4592592592592593 0.038461538461538464 0.046296296296296294
1 1.185897435897436 1.7648148148148148 0.05641025641025641 0.06111111111111111
1 0.8974358974358975 0.8490740740740741 0.03076923076923077 0.046296296296296294
1 1.6846153846153846 0.8027777777777778 0.05128205128205128 0.07314814814814814
1 1.3602564102564103 0.8101851851851852 0.05128205128205128 0.04259259259259259
1 1.2038461538461538 1.0462962962962963 0.03076923076923077 0.053703703703703705
1 0.002564102564102564 0.8685185185185185 0.028205128205128206 0.08888888888888889
1 1.1807692307692308 1.0462962962962963 0.02564102564102564 0.05
2 1.7769230769230768 0.8101851851851852 0.06153846153846154 0.062037037037037036
1 1.273076923076923 0.23148148148148148 0.041025641025641026 0.06944444444444445
1 1.4679487179487178 1.1037037037037036 0.047435897435897434 0.062037037037037036
1 1.0923076923076922 1.0037037037037038 0.03974358974358974 0.05740740740740741
2 0.9666666666666667 0.8101851851851852 0.06923076923076923 0.062037037037037036
1 1.8076923076923077 0.8759259259259259 0.015384615384615385 0.05462962962962963
1 1.1961538461538461 1.7953703703703703 0.05128205128205128 0.05
