1 0.5230125523012552 0.9649595687331537 0.015341701534170154 0.03099730458221024
1 0.5878661087866108 0.49595687331536387 0.03347280334728033 0.03638814016172507
1 0.5216178521617852 0.7789757412398922 0.015341701534170154 0.025606469002695417
1 0.5397489539748954 0.05390835579514825 0.016736401673640166 0.057951482479784364
2 0.5634588563458857 0.9730458221024259 0.010460251046025104 0.02021563342318059
1 0.0048814504881450485 0.5242587601078167 0.02092050209205021 0.04986522911051213
2 0.5327754532775453 0.9204851752021563 0.02510460251046025 0.05660377358490566
1 0.504881450488145 0.14285714285714285 0.01813110181311018 0.03504043126684636
1 0.4602510460251046 0.2183288409703504 0.02510460251046025 0.05525606469002695
1 0.800557880055788 0.25336927223719674 0.01394700139470014 0.04986522911051213
1 0.6199442119944212 0.5876010781671159 0.02510460251046025 0.03638814016172507
1 0.4281729428172943 0.5606469002695418 0.02510460251046025 0.03099730458221024
