1 0.5523012552301255 0.6757719714964371 0.03695955369595537 0.030878859857482184
2 0.5725244072524407 0.4489311163895487 0.03207810320781032 0.047505938242280284
1 0.9142259414225942 0.6116389548693587 0.030683403068340307 0.039192399049881234
2 0.8410041841004184 0.6817102137767221 0.03417015341701534 0.047505938242280284
1 0.02580195258019526 0.9358669833729216 0.02789400278940028 0.04513064133016627
1 0.9630404463040446 0.684085510688836 0.03486750348675035 0.030878859857482184
1 0.8793584379358438 0.7066508313539193 0.02789400278940028 0.029691211401425176
1 0.9365411436541143 0.17458432304038005 0.030683403068340307 0.04156769596199525
1 0.0 0.6508313539192399 0.006276150627615063 0.020190023752969122
1 0.0 0.66270783847981 0.0048814504881450485 0.02494061757719715
1 0.0 0.6900237529691211 0.007670850767085077 0.021377672209026127
2 0.8709902370990237 0.6567695961995249 0.026499302649930265 0.039192399049881234
2 0.5425383542538355 0.2339667458432304 0.03556485355648536 0.052256532066508314
2 0.5397489539748954 0.0 0.042538354253835425 0.04513064133016627
2 0.000697350069735007 0.7066508313539193 0.043235704323570434 0.057007125890736345
2 0.6478382147838215 0.6876484560570071 0.02789400278940028 0.035629453681710214
1 0.8765690376569037 0.7114014251781473 0.044630404463040445 0.04513064133016627
2 0.0 0.7114014251781473 0.03277545327754533 0.04513064133016627
1 0.1206415620641562 0.15558194774346792 0.027196652719665274 0.05344418052256532
1 0.40237099023709905 0.6199524940617577 0.027196652719665274 0.0344418052256532
2 0.22454672245467225 0.6923990498812351 0.03347280334728033 0.04513064133016627
2 0.5299860529986054 0.6235154394299287 0.03207810320781032 0.039192399049881234
1 0.9728033472803347 0.7030878859857482 0.02510460251046025 0.03681710213776722
1 0.9170153417015342 0.6377672209026128 0.03207810320781032 0.040380047505938245
1 0.9323570432357043 0.20308788598574823 0.03207810320781032 0.035629453681710214
1 0.9086471408647141 0.2517814726840855 0.02510460251046025 0.039192399049881234
1 0.47419804741980476 0.25534441805225655 0.03207810320781032 0.06294536817102138
