6 1.7880710659898478 0.8944444444444445 0.050761421319796954 0.1
1 0.5888324873096447 1.4361111111111111 0.03553299492385787 0.08425925925925926
1 0.5088832487309645 1.4592592592592593 0.046954314720812185 0.06481481481481481
1 0.3147208121827411 0.9712962962962963 0.06091370558375635 0.06481481481481481
1 0.5215736040609137 0.825 0.03426395939086294 0.046296296296296294
2 0.0 0.8138888888888889 0.07868020304568528 0.06944444444444445
2 0.0 0.8333333333333334 0.0583756345177665 0.06111111111111111
1 0.5038071065989848 0.7027777777777777 0.10279187817258884 0.05740740740740741
1 0.39086294416243655 0.8712962962962963 0.05203045685279188 0.05740740740740741
2 0.9086294416243654 1.3129629629629629 0.06472081218274112 0.08425925925925926
2 0.8401015228426396 0.5907407407407408 0.09517766497461928 0.08888888888888889
1 1.4885786802030456 0.9944444444444445 0.050761421319796954 0.06481481481481481
1 0.06598984771573604 0.8787037037037037 0.06091370558375635 0.08055555555555556
1 0.9682741116751269 0.7638888888888888 0.048223350253807105 0.08055555555555556
1 0.7576142131979695 0.8407407407407408 0.044416243654822336 0.08055555555555556
1 0.5355329949238579 0.8555555555555555 0.0532994923857868 0.05462962962962963
1 0.47081218274111675 0.7981481481481482 0.04314720812182741 0.05
1 0.36548223350253806 0.8333333333333334 0.05203045685279188 0.08055555555555556
2 1.7931472081218274 0.9675925925925926 0.04314720812182741 0.07314814814814814
