1 0.5466101694915254 0.0 0.02401129943502825 0.026737967914438502
1 0.6080508474576272 0.11764705882352941 0.021892655367231638 0.0481283422459893
2 0.5423728813559322 0.9344919786096256 0.02824858757062147 0.058823529411764705
1 0.09957627118644068 0.6991978609625669 0.03036723163841808 0.058823529411764705
1 0.748587570621469 0.03208556149732621 0.023305084745762712 0.0481283422459893
2 0.530367231638418 0.0 0.024717514124293787 0.013368983957219251
1 0.730225988700565 0.21122994652406418 0.01977401129943503 0.06684491978609626
2 0.4929378531073446 0.0 0.03742937853107345 0.01871657754010695
1 0.8248587570621468 0.35962566844919786 0.021892655367231638 0.03609625668449198
2 0.5437853107344632 0.08689839572192513 0.02401129943502825 0.06684491978609626
2 0.5451977401129944 0.7927807486631016 0.022598870056497175 0.06550802139037433
2 0.5162429378531074 0.8676470588235294 0.01977401129943503 0.05614973262032086
1 0.5331920903954802 0.008021390374331552 0.014830508474576272 0.045454545454545456
1 0.18573446327683615 0.2994652406417112 0.026129943502824857 0.06016042780748663
