2 0.5341701534170153 0.0 0.03207810320781032 0.04043126684636118
2 0.5216178521617852 0.0 0.029288702928870293 0.02425876010781671
1 0.5704323570432357 0.5835579514824798 0.017433751743375175 0.03369272237196765
1 0.5794979079497908 0.5862533692722371 0.026499302649930265 0.03908355795148248
1 0.18410041841004185 0.5566037735849056 0.03486750348675035 0.03504043126684636
1 0.7740585774058577 0.601078167115903 0.023709902370990237 0.03234501347708895
1 0.793584379358438 0.6145552560646901 0.022315202231520222 0.04177897574123989
1 0.5578800557880056 0.31805929919137466 0.021617852161785217 0.03099730458221024
1 0.5313807531380753 0.2776280323450135 0.02510460251046025 0.03638814016172507
1 0.5481171548117155 0.2776280323450135 0.024407252440725245 0.03234501347708895
1 0.502092050209205 0.0 0.02092050209205021 0.03908355795148248
1 0.5369595536959554 0.16981132075471697 0.02789400278940028 0.03773584905660377
1 0.5439330543933054 0.1078167115902965 0.026499302649930265 0.04582210242587601
2 0.5188284518828452 0.9609164420485176 0.029288702928870293 0.03504043126684636
2 0.5383542538354253 0.9649595687331537 0.02510460251046025 0.03099730458221024
1 0.7391910739191074 0.605121293800539 0.02092050209205021 0.03908355795148248
1 0.6854951185495118 0.5107816711590296 0.026499302649930265 0.03773584905660377
