1 0.701271186440678 0.3409090909090909 0.036016949152542374 0.04144385026737968
2 0.12358757062146893 0.9425133689839572 0.03036723163841808 0.05213903743315508
1 0.006355932203389831 0.31016042780748665 0.018361581920903956 0.0427807486631016
2 0.5190677966101694 0.4679144385026738 0.024717514124293787 0.06283422459893048
2 0.5416666666666666 0.39705882352941174 0.024717514124293787 0.06417112299465241
1 0.4957627118644068 0.0 0.019067796610169493 0.03074866310160428
1 0.5508474576271186 0.14705882352941177 0.01977401129943503 0.05481283422459893
1 0.5925141242937854 0.10561497326203209 0.0211864406779661 0.053475935828877004
1 0.9661016949152542 0.47593582887700536 0.031073446327683617 0.04679144385026738
1 0.9399717514124294 0.3783422459893048 0.024717514124293787 0.05614973262032086
1 0.8954802259887006 0.3716577540106952 0.023305084745762712 0.05748663101604278
1 0.8651129943502824 0.3516042780748663 0.024717514124293787 0.045454545454545456
1 0.452683615819209 0.3770053475935829 0.014830508474576272 0.03208556149732621
