1 0.0 0.4634433962264151 0.01765536723163842 0.03773584905660377
2 0.2189265536723164 0.4658018867924528 0.04449152542372881 0.0695754716981132
2 0.5331920903954802 0.9622641509433962 0.03036723163841808 0.03537735849056604
1 0.5021186440677966 0.5742924528301887 0.025423728813559324 0.0294811320754717
1 0.5218926553672316 0.6639150943396226 0.02754237288135593 0.03773584905660377
1 0.5021186440677966 0.6615566037735849 0.022598870056497175 0.03419811320754717
2 0.0 0.5 0.023305084745762712 0.036556603773584904
1 0.96045197740113 0.14976415094339623 0.03248587570621469 0.055424528301886794
1 0.873587570621469 0.17806603773584906 0.026129943502824857 0.04834905660377359
1 0.12217514124293785 0.0 0.03036723163841808 0.036556603773584904
1 0.5833333333333334 0.8030660377358491 0.033192090395480225 0.03773584905660377
1 0.5049435028248588 0.31839622641509435 0.025423728813559324 0.03891509433962264
1 0.10098870056497175 0.23702830188679244 0.024717514124293787 0.041273584905660375
1 0.509180790960452 0.8702830188679245 0.01977401129943503 0.045990566037735846
