1 0.836864406779661 0.34893048128342247 0.02824858757062147 0.029411764705882353
1 0.9689265536723164 0.46657754010695185 0.029661016949152543 0.04679144385026738
1 0.5550847457627118 0.02807486631016043 0.025423728813559324 0.04679144385026738
1 0.5896892655367232 0.9665775401069518 0.029661016949152543 0.02807486631016043
2 0.5190677966101694 0.963903743315508 0.024717514124293787 0.03342245989304813
1 0.5536723163841808 0.21122994652406418 0.025423728813559324 0.058823529411764705
2 0.5402542372881356 0.9411764705882353 0.020480225988700564 0.04946524064171123
2 0.528954802259887 0.9478609625668449 0.019067796610169493 0.045454545454545456
1 0.509180790960452 0.0 0.026836158192090395 0.0427807486631016
1 0.5360169491525424 0.0 0.021892655367231638 0.05080213903743316
1 0.8234463276836158 0.37032085561497324 0.024717514124293787 0.029411764705882353
1 0.7245762711864406 0.35962566844919786 0.01977401129943503 0.04946524064171123
1 0.7083333333333334 0.32486631016042783 0.019067796610169493 0.045454545454545456
