1 0.0 0.4658018867924528 0.03723404255319149 0.04245283018867924
2 0.9551671732522796 0.48702830188679247 0.04179331306990881 0.04363207547169811
1 0.9817629179331308 0.41391509433962265 0.015197568389057751 0.0294811320754717
1 0.22872340425531915 0.42452830188679247 0.02507598784194529 0.045990566037735846
1 0.07446808510638298 0.5165094339622641 0.02811550151975684 0.054245283018867926
1 0.0 0.5471698113207547 0.020516717325227963 0.05188679245283019
2 0.3305471124620061 0.5200471698113207 0.047872340425531915 0.045990566037735846
2 0.2188449848024316 0.42806603773584906 0.0364741641337386 0.054245283018867926
2 0.05623100303951368 0.5247641509433962 0.05319148936170213 0.03773584905660377
2 0.0007598784194528875 0.5436320754716981 0.029635258358662615 0.04363207547169811
1 0.6998480243161094 0.5365566037735849 0.05015197568389058 0.03773584905660377
1 0.7165653495440729 0.5117924528301887 0.03571428571428571 0.04009433962264151
2 0.9718844984802432 0.49292452830188677 0.02507598784194529 0.03773584905660377
2 0.9673252279635258 0.4386792452830189 0.026595744680851064 0.04834905660377359
2 0.0 0.5011792452830188 0.030395136778115502 0.03773584905660377
1 0.797112462006079 0.5365566037735849 0.025835866261398176 0.03773584905660377
1 0.9749240121580547 0.419811320754717 0.020516717325227963 0.045990566037735846
2 0.0022796352583586625 0.5636792452830188 0.030395136778115502 0.03419811320754717
