1 0.6143654114365411 0.40973871733966744 0.01813110181311018 0.030878859857482184
1 0.4839609483960948 0.35748218527315917 0.019525801952580194 0.04156769596199525
1 0.5244072524407253 0.0 0.026499302649930265 0.026128266033254157
1 0.9225941422594143 0.684085510688836 0.03626220362622036 0.028503562945368172
1 0.9337517433751743 0.7209026128266033 0.03347280334728033 0.02494061757719715
1 0.8326359832635983 0.6258907363420427 0.03417015341701534 0.03681710213776722
1 0.4714086471408647 0.8111638954869359 0.03207810320781032 0.047505938242280284
2 0.4616457461645746 0.6318289786223278 0.030683403068340307 0.052256532066508314
1 0.08158995815899582 0.665083135391924 0.02789400278940028 0.043942992874109264
1 0.9672245467224547 0.9334916864608076 0.01813110181311018 0.030878859857482184
1 0.9588563458856346 0.9192399049881235 0.019525801952580194 0.022565320665083134
1 0.5202231520223152 0.055819477434679333 0.022315202231520222 0.0332541567695962
2 0.5327754532775453 0.8752969121140143 0.02510460251046025 0.060570071258907364
2 0.5313807531380753 0.7553444180522565 0.02510460251046025 0.04156769596199525
1 0.042538354253835425 0.7030878859857482 0.02789400278940028 0.026128266033254157
1 0.5920502092050209 0.42161520190023755 0.02092050209205021 0.03800475059382423
1 0.0397489539748954 0.7482185273159145 0.03347280334728033 0.029691211401425176
1 0.9588563458856346 0.8717339667458432 0.022315202231520222 0.04275534441805225
1 0.23430962343096234 0.6377672209026128 0.03207810320781032 0.035629453681710214
1 0.689679218967922 0.43824228028503565 0.01813110181311018 0.03800475059382423
1 0.6227336122733612 0.42755344418052255 0.019525801952580194 0.029691211401425176
3 0.021617852161785217 0.7363420427553444 0.03486750348675035 0.052256532066508314
1 0.9351464435146444 0.18883610451306412 0.02789400278940028 0.0498812351543943
1 0.5878661087866108 0.7399049881235155 0.03486750348675035 0.0498812351543943
1 0.9100418410041841 0.25534441805225655 0.02510460251046025 0.04631828978622328
1 0.47419804741980476 0.24703087885985747 0.023709902370990237 0.07125890736342043
1 0.1910739191073919 0.020190023752969122 0.019525801952580194 0.0332541567695962
