1 0.8354253835425384 0.42399049881235157 0.024407252440725245 0.04513064133016627
1 0.5383542538354253 0.8420427553444181 0.015341701534170154 0.029691211401425176
2 0.0 0.6781472684085511 0.03277545327754533 0.05344418052256532
2 0.5258019525801952 0.0 0.04184100418410042 0.02494061757719715
1 0.9463040446304045 0.32422802850356297 0.022315202231520222 0.0498812351543943
2 0.5216178521617852 0.00831353919239905 0.03347280334728033 0.0665083135391924
1 0.5216178521617852 0.836104513064133 0.019525801952580194 0.03681710213776722
2 0.9560669456066946 0.6567695961995249 0.040446304044630406 0.04631828978622328
1 0.9337517433751743 0.18052256532066507 0.03486750348675035 0.04156769596199525
1 0.027196652719665274 0.9418052256532067 0.023709902370990237 0.039192399049881234
1 0.5146443514644351 0.15558194774346792 0.023709902370990237 0.05344418052256532
2 0.5509065550906556 0.9465558194774347 0.0299860529986053 0.04513064133016627
1 0.4755927475592748 0.25534441805225655 0.02510460251046025 0.0665083135391924
