1 0.4105392156862745 0.7129629629629629 0.06985294117647059 0.07037037037037037
2 0.7720588235294118 1.7148148148148148 0.06985294117647059 0.06296296296296296
2 0.8370098039215687 0.0 0.0661764705882353 0.02962962962962963
1 0.7916666666666666 0.0 0.03676470588235294 0.037037037037037035
1 0.0 0.2851851851851852 0.049019607843137254 0.08611111111111111
2 0.8517156862745098 1.0537037037037038 0.06372549019607843 0.075
1 1.3786764705882353 0.812962962962963 0.041666666666666664 0.05185185185185185
2 1.7254901960784315 0.7314814814814815 0.051470588235294115 0.07407407407407407
1 0.1213235294117647 1.7 0.09803921568627451 0.05185185185185185
2 0.8186274509803921 0.5861111111111111 0.0428921568627451 0.05925925925925926
2 0.30637254901960786 0.7722222222222223 0.04656862745098039 0.09259259259259259
2 0.7573529411764706 0.7537037037037037 0.04411764705882353 0.08518518518518518
2 1.4129901960784315 0.7425925925925926 0.06004901960784314 0.07777777777777778
1 0.7843137254901961 1.1027777777777779 0.05759803921568627 0.07777777777777778
2 0.8394607843137255 1.1398148148148148 0.08088235294117647 0.07407407407407407
2 0.883578431372549 0.987037037037037 0.058823529411764705 0.07037037037037037
1 0.8259803921568627 0.7870370370370371 0.05269607843137255 0.07037037037037037
1 1.25 0.6935185185185185 0.0392156862745098 0.05648148148148148
1 0.7745098039215687 0.637962962962963 0.04656862745098039 0.05925925925925926
1 0.9056372549019608 1.7074074074074075 0.03676470588235294 0.06666666666666667
1 1.7279411764705883 0.39351851851851855 0.049019607843137254 0.04814814814814815
2 0.7892156862745098 1.1990740740740742 0.08455882352941177 0.05925925925925926
2 0.8443627450980392 1.3842592592592593 0.06372549019607843 0.0787037037037037
2 0.5147058823529411 0.6638888888888889 0.041666666666666664 0.0712962962962963
1 0.9424019607843137 1.7185185185185186 0.04044117647058824 0.05555555555555555
1 1.6715686274509804 0.3972222222222222 0.056372549019607844 0.05925925925925926
