2 1.0741626794258374 0.7138888888888889 0.07894736842105263 0.05648148148148148
2 0.4964114832535885 0.6805555555555556 0.05980861244019139 0.06018518518518518
1 0.6232057416267942 0.6935185185185185 0.04425837320574163 0.06388888888888888
1 0.6578947368421053 0.47314814814814815 0.04665071770334928 0.06388888888888888
2 0.6578947368421053 0.7907407407407407 0.06339712918660287 0.06666666666666667
1 0.7117224880382775 0.44351851851851853 0.03827751196172249 0.06018518518518518
2 0.6076555023923444 0.5731481481481482 0.04904306220095694 0.07685185185185185
1 0.6495215311004785 0.32685185185185184 0.039473684210526314 0.06018518518518518
1 0.6052631578947368 0.012962962962962963 0.03349282296650718 0.07314814814814814
1 0.7476076555023924 0.4398148148148148 0.03708133971291866 0.06018518518518518
1 0.6854066985645934 0.1361111111111111 0.039473684210526314 0.053703703703703705
1 0.6602870813397129 0.1398148148148148 0.03588516746411483 0.053703703703703705
1 0.6734449760765551 0.4166666666666667 0.04904306220095694 0.053703703703703705
2 0.6208133971291866 0.3435185185185185 0.04425837320574163 0.06944444444444445
1 0.6004784688995215 0.2861111111111111 0.041866028708133975 0.07407407407407407
1 0.5777511961722488 0.5601851851851852 0.05143540669856459 0.053703703703703705
1 0.5777511961722488 0.11666666666666667 0.03827751196172249 0.07314814814814814
2 0.6028708133971292 0.0 0.03349282296650718 0.025925925925925925
1 0.0 0.6768518518518518 0.019138755980861243 0.06666666666666667
1 0.10885167464114832 0.674074074074074 0.05263157894736842 0.08333333333333333
1 0.03229665071770335 0.7805555555555556 0.04784688995215311 0.05648148148148148
2 0.48086124401913877 0.7 0.05502392344497608 0.053703703703703705
1 1.4904306220095693 0.6138888888888889 0.03588516746411483 0.07685185185185185
1 1.332535885167464 0.3296296296296296 0.04665071770334928 0.06018518518518518
1 1.299043062200957 0.3 0.04066985645933014 0.053703703703703705
1 1.0681818181818181 0.32685185185185184 0.04665071770334928 0.06018518518518518
2 0.7811004784688995 1.4444444444444444 0.05263157894736842 0.053703703703703705
1 0.5 0.0 0.05382775119617225 0.046296296296296294
1 0.7069377990430622 0.37037037037037035 0.03588516746411483 0.04259259259259259
1 0.8325358851674641 0.31666666666666665 0.034688995215311005 0.03981481481481482
1 0.6160287081339713 1.011111111111111 0.03827751196172249 0.05925925925925926
1 0.6411483253588517 0.6268518518518519 0.04425837320574163 0.06666666666666667
1 0.8588516746411483 0.3296296296296296 0.04665071770334928 0.05740740740740741
1 0.8050239234449761 0.2962962962962963 0.03349282296650718 0.04722222222222222
1 0.7811004784688995 0.32314814814814813 0.03349282296650718 0.04351851851851852
1 0.6830143540669856 0.0 0.02631578947368421 0.03981481481481482
1 0.6447368421052632 0.0 0.03588516746411483 0.03981481481481482
1 0.6830143540669856 0.32314814814814813 0.04425837320574163 0.05
2 0.611244019138756 0.8138888888888889 0.05143540669856459 0.06296296296296296
