1 1.823076923076923 1.5518518518518518 0.023076923076923078 0.03518518518518519
1 0.24871794871794872 0.8564814814814815 0.03076923076923077 0.04259259259259259
2 1.2012820512820512 0.0 0.041025641025641026 0.046296296296296294
1 0.2230769230769231 0.8648148148148148 0.02564102564102564 0.03425925925925926
1 1.1756410256410257 1.5944444444444446 0.028205128205128206 0.03888888888888889
1 1.1884615384615385 0.8842592592592593 0.041025641025641026 0.06574074074074074
1 0.573076923076923 0.8722222222222222 0.05384615384615385 0.058333333333333334
1 1.1371794871794871 0.25092592592592594 0.02564102564102564 0.041666666666666664
2 1.3423076923076922 0.8101851851851852 0.05128205128205128 0.046296296296296294
1 1.155128205128205 0.25833333333333336 0.028205128205128206 0.03888888888888889
2 1.0692307692307692 1.799074074074074 0.047435897435897434 0.05
1 1.8128205128205128 1.5675925925925926 0.03076923076923077 0.03888888888888889
1 0.13333333333333333 0.8759259259259259 0.04358974358974359 0.05462962962962963
1 0.20512820512820512 0.8648148148148148 0.023076923076923078 0.04259259259259259
1 0.20256410256410257 0.887962962962963 0.04358974358974359 0.04259259259259259
1 1.7794871794871794 1.7185185185185186 0.03076923076923077 0.053703703703703705
2 1.3628205128205129 0.8490740740740741 0.06923076923076923 0.04259259259259259
2 1.1653846153846155 1.7953703703703703 0.04358974358974359 0.05
