6 1.634517766497462 0.9018518518518519 0.17639593908629442 0.1
1 0.5482233502538071 1.462962962962963 0.03807106598984772 0.07314814814814814
1 0.5063451776649747 1.4555555555555555 0.046954314720812185 0.06851851851851852
1 0.01015228426395939 0.9638888888888889 0.06091370558375635 0.06481481481481481
1 1.001269035532995 0.5527777777777778 0.03299492385786802 0.046296296296296294
2 0.0 0.8138888888888889 0.07868020304568528 0.06944444444444445
2 0.0 0.8333333333333334 0.0583756345177665 0.06111111111111111
1 0.5038071065989848 0.7027777777777777 0.10279187817258884 0.05740740740740741
1 0.9111675126903553 0.6638888888888889 0.05456852791878172 0.05
2 0.932741116751269 1.7166666666666666 0.06345177664974619 0.08425925925925926
2 0.8477157360406091 0.030555555555555555 0.09517766497461928 0.08796296296296297
1 0.8578680203045685 0.9787037037037037 0.050761421319796954 0.06574074074074074
1 0.6421319796954315 0.8907407407407407 0.06218274111675127 0.08055555555555556
1 1.2423857868020305 0.5175925925925926 0.048223350253807105 0.08148148148148149
1 1.4263959390862944 0.8064814814814815 0.044416243654822336 0.08055555555555556
1 1.0038071065989849 0.5796296296296296 0.05456852791878172 0.053703703703703705
1 0.8807106598984772 0.5601851851851852 0.044416243654822336 0.05
1 0.8857868020304569 0.6138888888888889 0.05203045685279188 0.08055555555555556
2 1.6421319796954315 0.9787037037037037 0.07741116751269035 0.07314814814814814
