2 0.7272727272727273 1.3777777777777778 0.04665071770334928 0.06666666666666667
2 0.5669856459330144 0.32685185185185184 0.08971291866028708 0.08611111111111111
1 1.0861244019138756 0.30648148148148147 0.023923444976076555 0.04722222222222222
1 0.6471291866028708 0.8472222222222222 0.09330143540669857 0.07037037037037037
1 1.2177033492822966 0.3 0.039473684210526314 0.03981481481481482
1 1.4198564593301435 0.3333333333333333 0.023923444976076555 0.05
1 1.394736842105263 0.3 0.029904306220095694 0.03333333333333333
1 1.4593301435406698 0.31666666666666665 0.03349282296650718 0.03981481481481482
1 0.7583732057416268 1.5083333333333333 0.08014354066985646 0.06296296296296296
1 1.063397129186603 0.2962962962962963 0.03110047846889952 0.03333333333333333
1 0.7248803827751196 1.4277777777777778 0.04904306220095694 0.053703703703703705
1 0.6423444976076556 0.48703703703703705 0.03110047846889952 0.03611111111111111
1 0.6889952153110048 1.3407407407407408 0.05382775119617225 0.07407407407407407
1 1.5574162679425838 0.2935185185185185 0.03827751196172249 0.05
1 1.575358851674641 0.35 0.025119617224880382 0.037037037037037035
1 1.513157894736842 0.37962962962962965 0.02631578947368421 0.05
1 1.319377990430622 0.34629629629629627 0.025119617224880382 0.040740740740740744
1 1.424641148325359 0.38333333333333336 0.03349282296650718 0.05648148148148148
1 1.582535885167464 0.38333333333333336 0.01555023923444976 0.03333333333333333
1 0.6913875598086124 0.4398148148148148 0.03110047846889952 0.037037037037037035
2 0.5980861244019139 0.0 0.09330143540669857 0.02962962962962963
2 0.5921052631578947 0.0 0.10167464114832536 0.016666666666666666
1 1.4844497607655502 0.5435185185185185 0.09090909090909091 0.08333333333333333
1 0.173444976076555 0.7703703703703704 0.04425837320574163 0.03333333333333333
1 0.173444976076555 0.7972222222222223 0.039473684210526314 0.03981481481481482
1 0.6052631578947368 0.4601851851851852 0.03110047846889952 0.046296296296296294
2 0.5825358851674641 0.0 0.09808612440191387 0.025925925925925925
1 1.270334928229665 0.30277777777777776 0.03110047846889952 0.037037037037037035
1 1.0705741626794258 0.3333333333333333 0.028708133971291867 0.037037037037037035
1 0.9593301435406698 0.2833333333333333 0.0215311004784689 0.046296296296296294
1 1.1973684210526316 0.737037037037037 0.10885167464114832 0.09722222222222222
1 0.5334928229665071 1.5712962962962962 0.04904306220095694 0.023148148148148147
1 1.2260765550239234 0.32314814814814813 0.028708133971291867 0.037037037037037035
1 1.569377990430622 0.30277777777777776 0.028708133971291867 0.030555555555555555
1 1.5645933014354068 0.30648148148148147 0.03110047846889952 0.05
1 1.549043062200957 0.30277777777777776 0.04425837320574163 0.040740740740740744
1 0.8791866028708134 0.36666666666666664 0.03110047846889952 0.03981481481481482
2 1.5083732057416268 0.6638888888888889 0.08492822966507177 0.04351851851851852
2 1.513157894736842 0.6833333333333333 0.07775119617224881 0.08703703703703704
2 0.0 0.7074074074074074 0.06339712918660287 0.07592592592592592
1 1.5598086124401913 0.3296296296296296 0.03588516746411483 0.04722222222222222
1 0.17583732057416268 0.7537037037037037 0.04784688995215311 0.03981481481481482
1 0.15550239234449761 0.6666666666666666 0.05143540669856459 0.04722222222222222
1 0.15789473684210525 0.7074074074074074 0.039473684210526314 0.02962962962962963
1 0.15550239234449761 0.7305555555555555 0.039473684210526314 0.03333333333333333
1 1.5669856459330143 0.3962962962962963 0.03110047846889952 0.03333333333333333
1 1.582535885167464 0.39351851851851855 0.017942583732057416 0.05648148148148148
1 0.7679425837320574 0.3768518518518518 0.03349282296650718 0.03333333333333333
1 1.5574162679425838 0.3296296296296296 0.02751196172248804 0.06018518518518518
2 1.0813397129186604 0.6601851851851852 0.08732057416267942 0.08055555555555556
2 0.8672248803827751 0.7101851851851851 0.09210526315789473 0.08055555555555556
2 0.7535885167464115 0.674074074074074 0.08492822966507177 0.08333333333333333
2 0.5873205741626795 0.9777777777777777 0.08253588516746412 0.08611111111111111
2 0.15789473684210525 0.7833333333333333 0.05502392344497608 0.06018518518518518
2 0.173444976076555 0.737037037037037 0.06818181818181818 0.06018518518518518
2 0.1375598086124402 0.674074074074074 0.06698564593301436 0.03981481481481482
2 0.1507177033492823 0.7166666666666667 0.04904306220095694 0.037037037037037035
2 0.14354066985645933 0.7435185185185185 0.04066985645933014 0.03333333333333333
1 0.9258373205741627 0.6305555555555555 0.03349282296650718 0.03981481481481482
1 0.5 0.6037037037037037 0.025119617224880382 0.05
2 1.492822966507177 0.6231481481481481 0.04904306220095694 0.05092592592592592
2 1.5107655502392345 0.5768518518518518 0.04425837320574163 0.037037037037037035
1 0.8277511961722488 0.7407407407407407 0.041866028708133975 0.05648148148148148
2 0.6232057416267942 0.0 0.0861244019138756 0.05648148148148148
2 0.5956937799043063 0.26666666666666666 0.08253588516746412 0.08981481481481482
2 1.2212918660287082 0.6305555555555555 0.11124401913875598 0.09351851851851851
1 1.569377990430622 0.3296296296296296 0.03110047846889952 0.040740740740740744
1 0.8564593301435407 0.3 0.03110047846889952 0.05
1 0.8480861244019139 0.3333333333333333 0.03110047846889952 0.04351851851851852
1 0.17703349282296652 0.6435185185185185 0.04904306220095694 0.03981481481481482
1 0.881578947368421 0.25 0.05263157894736842 0.06296296296296296
1 0.7715311004784688 0.38333333333333336 0.029904306220095694 0.046296296296296294
1 0.6566985645933014 0.42685185185185187 0.03110047846889952 0.03981481481481482
1 0.7607655502392344 0.3333333333333333 0.03110047846889952 0.037037037037037035
2 1.2129186602870814 0.75 0.0729665071770335 0.04722222222222222
1 0.5669856459330144 0.6907407407407408 0.056220095693779906 0.06944444444444445
1 0.6674641148325359 0.850925925925926 0.028708133971291867 0.03611111111111111
1 0.6244019138755981 0.8240740740740741 0.03588516746411483 0.06018518518518518
1 0.7009569377990431 0.6574074074074074 0.03349282296650718 0.03611111111111111
2 0.527511961722488 0.08333333333333333 0.09569377990430622 0.08611111111111111
