1 0.8811274509803921 1.6814814814814816 0.06372549019607843 0.04814814814814815
2 1.7230392156862746 0.7046296296296296 0.05392156862745098 0.049074074074074076
2 0.0 0.6564814814814814 0.09068627450980392 0.05185185185185185
1 0.004901960784313725 0.6675925925925926 0.058823529411764705 0.08981481481481482
2 0.3014705882352941 0.6898148148148148 0.05759803921568627 0.08611111111111111
1 0.2818627450980392 0.8203703703703704 0.03676470588235294 0.05185185185185185
2 0.0196078431372549 0.6935185185185185 0.08333333333333333 0.05277777777777778
2 1.6666666666666667 0.7574074074074074 0.049019607843137254 0.10740740740740741
2 0.8394607843137255 0.29259259259259257 0.056372549019607844 0.08981481481481482
2 0.8321078431372549 0.3861111111111111 0.058823529411764705 0.08888888888888889
2 0.7916666666666666 1.7037037037037037 0.05759803921568627 0.07407407407407407
1 1.6237745098039216 0.6564814814814814 0.03676470588235294 0.05185185185185185
1 1.5698529411764706 0.8092592592592592 0.041666666666666664 0.05185185185185185
1 0.8541666666666666 0.0 0.061274509803921566 0.04814814814814815
1 0.883578431372549 1.2842592592592592 0.03676470588235294 0.07037037037037037
1 0.8615196078431373 1.3990740740740741 0.03676470588235294 0.05277777777777778
1 0.8958333333333334 1.413888888888889 0.03676470588235294 0.05648148148148148
1 0.004901960784313725 0.6157407407407407 0.05392156862745098 0.08148148148148149
2 0.29901960784313725 0.7425925925925926 0.0625 0.037037037037037035
2 1.1115196078431373 0.7425925925925926 0.06372549019607843 0.044444444444444446
2 1.1605392156862746 0.7722222222222223 0.04044117647058824 0.05555555555555555
2 0.031862745098039214 0.7981481481481482 0.08946078431372549 0.03333333333333333
2 0.004901960784313725 0.8166666666666667 0.06862745098039216 0.07407407407407407
2 1.2818627450980393 0.7537037037037037 0.04534313725490196 0.07037037037037037
1 1.1139705882352942 0.8018518518518518 0.056372549019607844 0.08148148148148149
1 0.049019607843137254 0.675 0.056372549019607844 0.03333333333333333
1 1.0269607843137254 0.7166666666666667 0.03676470588235294 0.05185185185185185
1 0.9632352941176471 0.42685185185185187 0.0392156862745098 0.02962962962962963
1 0.9399509803921569 1.711111111111111 0.04779411764705882 0.044444444444444446
2 0.02696078431372549 0.7388888888888889 0.07107843137254902 0.05185185185185185
1 0.16299019607843138 1.5296296296296297 0.04656862745098039 0.037037037037037035
1 0.17034313725490197 1.488888888888889 0.0392156862745098 0.044444444444444446
1 0.8909313725490197 0.4675925925925926 0.051470588235294115 0.05185185185185185
1 0.8933823529411765 0.5305555555555556 0.041666666666666664 0.05555555555555555
1 1.696078431372549 0.3972222222222222 0.04656862745098039 0.05185185185185185
2 0.8088235294117647 0.0 0.05759803921568627 0.06296296296296296
1 0.8468137254901961 1.1657407407407407 0.04411764705882353 0.05185185185185185
1 0.8713235294117647 1.2175925925925926 0.03676470588235294 0.05185185185185185
1 0.0 0.7796296296296297 0.051470588235294115 0.08888888888888889
1 0.8112745098039216 1.0018518518518518 0.06004901960784314 0.05925925925925926
1 0.9301470588235294 1.2953703703703703 0.03553921568627451 0.06296296296296296
