1 0.9154411764705882 1.0842592592592593 0.05759803921568627 0.10740740740740741
1 1.2107843137254901 0.34444444444444444 0.06862745098039216 0.08981481481481482
1 0.8284313725490197 0.6787037037037037 0.05269607843137255 0.10462962962962963
1 0.8443627450980392 0.8425925925925926 0.058823529411764705 0.08888888888888889
2 0.7941176470588235 0.0 0.06740196078431372 0.07037037037037037
2 0.8909313725490197 1.3657407407407407 0.06004901960784314 0.11944444444444445
2 0.8235294117647058 1.0240740740740741 0.06004901960784314 0.10462962962962963
2 1.5477941176470589 0.6564814814814814 0.06372549019607843 0.0712962962962963
2 0.8186274509803921 1.7037037037037037 0.05514705882352941 0.07037037037037037
1 0.7046568627450981 0.8425925925925926 0.06495098039215687 0.07407407407407407
3 0.8541666666666666 1.6888888888888889 0.04656862745098039 0.07777777777777778
1 0.8884803921568627 1.6814814814814816 0.041666666666666664 0.08518518518518518
1 0.7745098039215687 1.05 0.06004901960784314 0.09351851851851851
1 0.8541666666666666 1.7185185185185186 0.058823529411764705 0.05555555555555555
2 1.7303921568627452 0.7648148148148148 0.049019607843137254 0.07407407407407407
1 0.7671568627450981 1.6666666666666667 0.05392156862745098 0.06666666666666667
1 1.7058823529411764 0.7759259259259259 0.0661764705882353 0.08888888888888889
2 1.7083333333333333 0.7351851851851852 0.07107843137254902 0.07037037037037037
2 0.7769607843137255 1.6444444444444444 0.06004901960784314 0.1259259259259259
1 0.0 0.6787037037037037 0.07352941176470588 0.0787037037037037
1 0.9558823529411765 0.8166666666666667 0.049019607843137254 0.05185185185185185
1 1.7107843137254901 0.612037037037037 0.061274509803921566 0.0962962962962963
2 0.8370098039215687 1.250925925925926 0.06372549019607843 0.0962962962962963
2 0.0024509803921568627 0.7870370370370371 0.07352941176470588 0.1
1 0.7843137254901961 1.6962962962962962 0.06495098039215687 0.07407407407407407
1 1.0 0.8277777777777777 0.04656862745098039 0.06296296296296296
2 1.7205882352941178 0.7833333333333333 0.056372549019607844 0.05555555555555555
1 0.8909313725490197 0.4638888888888889 0.051470588235294115 0.08518518518518518
1 0.8933823529411765 0.5194444444444445 0.0625 0.06296296296296296
2 1.7156862745098038 0.7870370370370371 0.06372549019607843 0.05185185185185185
1 0.8860294117647058 1.7222222222222223 0.022058823529411766 0.025925925925925925
1 0.8909313725490197 1.6962962962962962 0.06004901960784314 0.07777777777777778
1 0.8321078431372549 1.7074074074074075 0.041666666666666664 0.07037037037037037
2 1.7107843137254901 0.8240740740740741 0.06862745098039216 0.05555555555555555
3 0.821078431372549 1.6962962962962962 0.06004901960784314 0.07777777777777778
3 0.8112745098039216 1.7 0.05759803921568627 0.07777777777777778
1 1.3125 0.6194444444444445 0.07352941176470588 0.08518518518518518
1 0.7598039215686274 1.4064814814814814 0.05392156862745098 0.09351851851851851
