2 0.6171548117154811 0.1967654986522911 0.03486750348675035 0.029649595687331536
1 0.5313807531380753 0.0 0.02092050209205021 0.012129380053908356
1 0.604602510460251 0.0013477088948787063 0.02092050209205021 0.029649595687331536
2 0.5327754532775453 0.03099730458221024 0.023709902370990237 0.05121293800539083
1 0.500697350069735 0.1967654986522911 0.022315202231520222 0.03773584905660377
1 0.42329149232914925 0.4838274932614555 0.02580195258019526 0.03099730458221024
1 0.4205020920502092 0.5067385444743935 0.02301255230125523 0.03099730458221024
2 0.5327754532775453 0.09299191374663072 0.02510460251046025 0.03908355795148248
1 0.496513249651325 0.11320754716981132 0.023709902370990237 0.03234501347708895
1 0.7182705718270572 0.31536388140161725 0.02092050209205021 0.025606469002695417
1 0.5523012552301255 0.7277628032345014 0.021617852161785217 0.02830188679245283
1 0.5369595536959554 0.49595687331536387 0.02510460251046025 0.0444743935309973
1 0.500697350069735 0.0431266846361186 0.023709902370990237 0.0431266846361186
1 0.5397489539748954 0.01752021563342318 0.019525801952580194 0.026954177897574125
1 0.5174337517433751 0.19946091644204852 0.02092050209205021 0.02830188679245283
1 0.5034867503486751 0.05929919137466307 0.023709902370990237 0.03369272237196765
1 0.5453277545327755 0.0 0.02092050209205021 0.026954177897574125
