1 1.7246192893401016 0.9055555555555556 0.0532994923857868 0.062037037037037036
1 0.5190355329949239 1.462962962962963 0.04949238578680203 0.08055555555555556
1 0.5634517766497462 1.4703703703703703 0.0583756345177665 0.06944444444444445
1 0.0 0.8787037037037037 0.05583756345177665 0.08055555555555556
2 1.7982233502538072 0.9481481481481482 0.04060913705583756 0.08796296296296297
2 0.9035532994923858 0.26481481481481484 0.05203045685279188 0.09166666666666666
1 0.9911167512690355 0.0 0.03807106598984772 0.06481481481481481
1 0.8654822335025381 0.0 0.03553299492385787 0.03425925925925926
1 0.8908629441624365 0.9101851851851852 0.06218274111675127 0.06481481481481481
1 0.8375634517766497 1.0592592592592593 0.050761421319796954 0.058333333333333334
1 0.8629441624365483 0.5333333333333333 0.04060913705583756 0.08796296296296297
1 0.5532994923857868 0.9555555555555556 0.06598984771573604 0.053703703703703705
2 0.8984771573604061 0.7833333333333333 0.08248730964467005 0.06851851851851852
1 0.8274111675126904 1.3592592592592592 0.04568527918781726 0.08796296296296297
1 0.868020304568528 0.9518518518518518 0.05456852791878172 0.05
1 1.2220812182741116 0.8444444444444444 0.048223350253807105 0.05
1 1.7296954314720812 0.8675925925925926 0.04568527918781726 0.08055555555555556
1 1.217005076142132 0.8833333333333333 0.0583756345177665 0.049074074074074076
