1 0.4314971751412429 0.8622994652406417 0.03742937853107345 0.0427807486631016
2 0.5346045197740112 0.5762032085561497 0.036016949152542374 0.04411764705882353
2 0.528954802259887 0.33288770053475936 0.041666666666666664 0.06016042780748663
1 0.7358757062146892 0.9532085561497327 0.036016949152542374 0.03342245989304813
1 0.4971751412429379 0.7032085561497327 0.036016949152542374 0.0481283422459893
1 0.8411016949152542 0.36363636363636365 0.036016949152542374 0.04411764705882353
1 0.8870056497175142 0.9224598930481284 0.041666666666666664 0.04411764705882353
2 0.5261299435028248 0.0 0.041666666666666664 0.06550802139037433
1 0.9583333333333334 0.8823529411764706 0.04025423728813559 0.04411764705882353
1 0.9646892655367232 0.9050802139037433 0.03248587570621469 0.05213903743315508
1 0.8721751412429378 0.35294117647058826 0.046610169491525424 0.06149732620320856
1 0.3954802259887006 0.929144385026738 0.02754237288135593 0.034759358288770054
1 0.4166666666666667 0.20588235294117646 0.036016949152542374 0.0481283422459893
1 0.5494350282485876 0.012032085561497326 0.03389830508474576 0.04411764705882353
