1 0.9448529411764706 0.4898148148148148 0.023284313725490197 0.037037037037037035
1 1.4607843137254901 0.2037037037037037 0.022058823529411766 0.037037037037037035
2 0.8468137254901961 0.0 0.0392156862745098 0.06296296296296296
1 1.7230392156862746 0.8388888888888889 0.051470588235294115 0.037037037037037035
1 0.8566176470588235 0.5046296296296297 0.041666666666666664 0.05925925925925926
1 0.8762254901960784 0.649074074074074 0.051470588235294115 0.05555555555555555
1 0.9203431372549019 0.85 0.02696078431372549 0.05925925925925926
2 0.7720588235294118 1.6888888888888889 0.06740196078431372 0.037037037037037035
2 1.7107843137254901 0.8092592592592592 0.0661764705882353 0.040740740740740744
2 0.821078431372549 0.0 0.023284313725490197 0.037037037037037035
2 0.8713235294117647 0.0 0.03431372549019608 0.05185185185185185
2 0.9105392156862745 0.0 0.0428921568627451 0.04814814814814815
1 0.9276960784313726 0.0 0.0428921568627451 0.05925925925925926
2 0.0 0.7083333333333334 0.0661764705882353 0.05277777777777778
1 0.8958333333333334 0.8537037037037037 0.029411764705882353 0.05555555555555555
1 0.9105392156862745 1.2138888888888888 0.03676470588235294 0.06666666666666667
1 0.8860294117647058 0.24074074074074073 0.0392156862745098 0.04814814814814815
1 1.4926470588235294 0.7907407407407407 0.049019607843137254 0.03333333333333333
1 0.1409313725490196 0.7685185185185185 0.04411764705882353 0.03333333333333333
2 0.051470588235294115 0.8351851851851851 0.04411764705882353 0.037037037037037035
2 0.8958333333333334 0.9796296296296296 0.03431372549019608 0.06666666666666667
2 0.8259803921568627 0.9833333333333333 0.03553921568627451 0.06296296296296296
1 0.8235294117647058 0.75 0.030637254901960783 0.05185185185185185
1 1.7009803921568627 0.3824074074074074 0.04656862745098039 0.03333333333333333
1 1.4754901960784315 0.4305555555555556 0.04411764705882353 0.05555555555555555
1 1.0073529411764706 0.42314814814814816 0.03431372549019608 0.05185185185185185
1 0.7524509803921569 0.8796296296296297 0.02696078431372549 0.03333333333333333
1 0.7916666666666666 0.8796296296296297 0.0196078431372549 0.03333333333333333
1 0.8063725490196079 0.924074074074074 0.025735294117647058 0.022222222222222223
1 1.2205882352941178 0.8203703703703704 0.03431372549019608 0.02962962962962963
1 1.1727941176470589 0.8314814814814815 0.028186274509803922 0.025925925925925925
1 1.4779411764705883 0.2111111111111111 0.02696078431372549 0.03333333333333333
2 0.35049019607843135 0.7166666666666667 0.04044117647058824 0.07777777777777778
1 0.8161764705882353 0.9018518518518519 0.023284313725490197 0.014814814814814815
2 0.7892156862745098 1.7037037037037037 0.05024509803921569 0.06296296296296296
1 1.4779411764705883 0.7611111111111111 0.058823529411764705 0.037037037037037035
1 0.1409313725490196 0.7944444444444444 0.0392156862745098 0.037037037037037035
1 0.07352941176470588 0.6638888888888889 0.05269607843137255 0.037037037037037035
