1 0.5494350282485876 0.9551886792452831 0.03389830508474576 0.0294811320754717
1 0.9569209039548022 0.8643867924528302 0.033192090395480225 0.041273584905660375
2 0.5706214689265536 0.14976415094339623 0.033192090395480225 0.049528301886792456
1 0.12076271186440678 0.10141509433962265 0.04025423728813559 0.03773584905660377
1 0.5494350282485876 0.7264150943396226 0.01977401129943503 0.0294811320754717
1 0.12994350282485875 0.9492924528301887 0.026836158192090395 0.04363207547169811
1 0.5437853107344632 0.25943396226415094 0.03389830508474576 0.05070754716981132
2 0.5120056497175142 0.9351415094339622 0.033192090395480225 0.054245283018867926
1 0.932909604519774 0.2205188679245283 0.025423728813559324 0.03773584905660377
1 0.9675141242937854 0.6332547169811321 0.02824858757062147 0.04363207547169811
1 0.5734463276836158 0.4268867924528302 0.026129943502824857 0.03891509433962264
1 0.5536723163841808 0.4268867924528302 0.02824858757062147 0.04716981132075472
1 0.0 0.4681603773584906 0.02754237288135593 0.0330188679245283
1 0.5360169491525424 0.7370283018867925 0.019067796610169493 0.0294811320754717
1 0.4166666666666667 0.4056603773584906 0.03177966101694915 0.027122641509433963
1 0.509180790960452 0.0 0.03248587570621469 0.02830188679245283
1 0.07768361581920905 0.9599056603773585 0.026129943502824857 0.027122641509433963
