2 0.5216178521617852 0.6752021563342318 0.029288702928870293 0.06334231805929919
1 0.5299860529986054 0.25336927223719674 0.019525801952580194 0.03773584905660377
1 0.4909344490934449 0.1725067385444744 0.030683403068340307 0.04716981132075472
1 0.5271966527196653 0.1347708894878706 0.022315202231520222 0.04582210242587601
1 0.5495118549511855 0.12264150943396226 0.021617852161785217 0.03638814016172507
1 0.5439330543933054 0.11590296495956873 0.01394700139470014 0.05390835579514825
1 0.5495118549511855 0.15902964959568733 0.016736401673640166 0.03773584905660377
1 0.6868898186889819 0.5242587601078167 0.027196652719665274 0.05525606469002695
1 0.5739191073919108 0.5094339622641509 0.026499302649930265 0.04582210242587601
1 0.5467224546722455 0.25336927223719674 0.019525801952580194 0.04582210242587601
1 0.5341701534170153 0.192722371967655 0.019525801952580194 0.04582210242587601
2 0.497907949790795 0.637466307277628 0.030683403068340307 0.02830188679245283
1 0.500697350069735 0.8935309973045822 0.026499302649930265 0.014824797843665768
2 0.496513249651325 0.7008086253369272 0.026499302649930265 0.04582210242587601
1 0.5327754532775453 0.008086253369272238 0.019525801952580194 0.03908355795148248
1 0.5509065550906556 0.009433962264150943 0.015341701534170154 0.04851752021563342
1 0.5467224546722455 0.05390835579514825 0.016736401673640166 0.03099730458221024
1 0.5327754532775453 0.06199460916442048 0.019525801952580194 0.03369272237196765
1 0.5160390516039052 0.07681940700808626 0.02092050209205021 0.03234501347708895
1 0.5244072524407253 0.05525606469002695 0.030683403068340307 0.026954177897574125
1 0.43235704323570434 0.0 0.03486750348675035 0.04043126684636118
1 0.7894002789400278 0.33692722371967654 0.030683403068340307 0.07008086253369272
2 0.496513249651325 0.20350404312668463 0.02510460251046025 0.04986522911051213
1 0.9644351464435147 0.692722371967655 0.02510460251046025 0.04986522911051213
1 0.5425383542538355 0.7897574123989218 0.02789400278940028 0.04582210242587601
