2 1.1166666666666667 0.4787037037037037 0.09230769230769231 0.06944444444444445
1 1.1782051282051282 1.737037037037037 0.038461538461538464 0.06944444444444445
1 1.1346153846153846 1.7259259259259259 0.04871794871794872 0.09259259259259259
2 1.094871794871795 0.7175925925925926 0.0782051282051282 0.10462962962962963
2 1.0846153846153845 0.0 0.08333333333333333 0.046296296296296294
1 1.7820512820512822 1.7722222222222221 0.0641025641025641 0.05740740740740741
1 0.25384615384615383 0.22777777777777777 0.08717948717948718 0.06944444444444445
2 0.0 0.8296296296296296 0.07179487179487179 0.09259259259259259
2 0.005128205128205128 0.8453703703703703 0.06923076923076923 0.12314814814814815
1 0.015384615384615385 0.5092592592592593 0.07692307692307693 0.053703703703703705
2 0.6782051282051282 0.8527777777777777 0.06282051282051282 0.07777777777777778
1 0.18205128205128204 1.6759259259259258 0.03333333333333333 0.04259259259259259
1 1.0794871794871794 1.162037037037037 0.047435897435897434 0.06944444444444445
1 1.0538461538461539 1.1231481481481482 0.035897435897435895 0.10833333333333334
1 1.167948717948718 1.0074074074074073 0.035897435897435895 0.09259259259259259
1 1.2012820512820512 1.0148148148148148 0.041025641025641026 0.08518518518518518
1 1.4525641025641025 1.0962962962962963 0.0782051282051282 0.11574074074074074
1 1.0487179487179488 0.35462962962962963 0.0782051282051282 0.13148148148148148
