1 0.855225988700565 0.35294117647058826 0.036016949152542374 0.0427807486631016
2 0.2648305084745763 0.24064171122994651 0.03036723163841808 0.05080213903743316
1 0.2245762711864407 0.39705882352941174 0.01977401129943503 0.04411764705882353
2 0.5049435028248588 0.0 0.025423728813559324 0.01871657754010695
2 0.5346045197740112 0.0 0.024717514124293787 0.013368983957219251
1 0.5 0.17245989304812834 0.019067796610169493 0.0374331550802139
1 0.632768361581921 0.32219251336898397 0.01977401129943503 0.05481283422459893
1 0.6857344632768362 0.19518716577540107 0.01977401129943503 0.05481283422459893
1 0.9661016949152542 0.47593582887700536 0.031073446327683617 0.04679144385026738
1 0.9745762711864406 0.4893048128342246 0.02401129943502825 0.053475935828877004
1 0.9759887005649718 0.3890374331550802 0.0211864406779661 0.05614973262032086
1 0.9759887005649718 0.4679144385026738 0.0211864406779661 0.045454545454545456
1 0.4971751412429379 0.43716577540106955 0.013418079096045197 0.03342245989304813
