1 0.5677966101694916 0.9411764705882353 0.026129943502824857 0.04144385026737968
1 0.4357344632768362 0.8703208556149733 0.03036723163841808 0.03342245989304813
1 0.5621468926553672 0.9572192513368984 0.026129943502824857 0.03342245989304813
1 0.1370056497175141 0.6737967914438503 0.02401129943502825 0.03208556149732621
1 0.855225988700565 0.3516042780748663 0.026129943502824857 0.0374331550802139
1 0.8757062146892656 0.37433155080213903 0.025423728813559324 0.0374331550802139
1 0.980225988700565 0.8810160427807486 0.018361581920903956 0.05213903743315508
2 0.1137005649717514 0.963903743315508 0.03036723163841808 0.03342245989304813
1 0.08333333333333333 0.28475935828877 0.036016949152542374 0.04144385026737968
2 0.5317796610169492 0.0 0.028954802259887006 0.02807486631016043
1 0.7457627118644068 0.7700534759358288 0.033192090395480225 0.07352941176470588
1 0.5 0.7112299465240641 0.02754237288135593 0.06283422459893048
1 0.3524011299435028 0.17647058823529413 0.015536723163841809 0.058823529411764705
1 0.3305084745762712 0.1804812834224599 0.02754237288135593 0.04411764705882353
2 0.5360169491525424 0.6844919786096256 0.026129943502824857 0.045454545454545456
1 0.5790960451977402 0.9719251336898396 0.023305084745762712 0.0213903743315508
1 0.6426553672316384 0.9719251336898396 0.03884180790960452 0.01871657754010695
1 0.5423728813559322 0.0 0.03672316384180791 0.04946524064171123
1 0.3884180790960452 0.9264705882352942 0.036016949152542374 0.03342245989304813
