1 1.75253807106599 0.8601851851851852 0.05583756345177665 0.06481481481481481
1 1.7728426395939085 0.9212962962962963 0.050761421319796954 0.06574074074074074
1 1.7703045685279188 0.8944444444444445 0.04568527918781726 0.05740740740740741
1 0.7220812182741116 1.362962962962963 0.03299492385786802 0.05740740740740741
1 0.6941624365482234 1.3787037037037038 0.03807106598984772 0.05740740740740741
1 0.883248730964467 1.0055555555555555 0.044416243654822336 0.046296296296296294
2 0.012690355329949238 0.9407407407407408 0.08883248730964467 0.1111111111111111
2 0.8350253807106599 1.7851851851851852 0.0532994923857868 0.05
1 0.9555837563451777 0.0 0.0583756345177665 0.06111111111111111
1 1.8007614213197969 1.0055555555555555 0.03807106598984772 0.053703703703703705
1 0.0 0.8907407407407407 0.03807106598984772 0.08055555555555556
1 1.5114213197969544 0.8064814814814815 0.03553299492385787 0.053703703703703705
1 0.09644670050761421 0.9138888888888889 0.044416243654822336 0.053703703703703705
1 0.0 0.8675925925925926 0.02284263959390863 0.053703703703703705
1 0.0 0.7870370370370371 0.017766497461928935 0.07314814814814814
1 0.0 0.8870370370370371 0.03299492385786802 0.06851851851851852
2 1.4187817258883249 0.8981481481481481 0.05964467005076142 0.0962962962962963
2 0.025380710659898477 0.937037037037037 0.05583756345177665 0.08796296296296297
1 0.22208121827411167 0.975 0.05710659898477157 0.08055555555555556
