1 0.7175141242937854 0.32486631016042783 0.01977401129943503 0.0374331550802139
1 0.8665254237288136 0.37032085561497324 0.02754237288135593 0.04411764705882353
1 0.588276836158192 0.9705882352941176 0.0211864406779661 0.026737967914438502
2 0.5317796610169492 0.0 0.024717514124293787 0.04144385026737968
1 0.7083333333333334 0.37032085561497324 0.021892655367231638 0.029411764705882353
1 0.5134180790960452 0.6697860962566845 0.01977401129943503 0.05080213903743316
1 0.08545197740112995 0.9759358288770054 0.02824858757062147 0.0213903743315508
1 0.7274011299435028 0.0 0.015536723163841809 0.03877005347593583
1 0.4957627118644068 0.0 0.019067796610169493 0.03074866310160428
1 0.5190677966101694 0.0 0.022598870056497175 0.034759358288770054
1 0.5233050847457628 0.0 0.024717514124293787 0.053475935828877004
1 0.7090395480225988 0.35561497326203206 0.025423728813559324 0.0374331550802139
1 0.5466101694915254 0.32620320855614976 0.01977401129943503 0.05481283422459893
1 0.5494350282485876 0.17245989304812834 0.025423728813559324 0.034759358288770054
