1 0.9357344632768362 0.2887700534759358 0.02754237288135593 0.03609625668449198
3 0.2040960451977401 0.9371657754010695 0.0692090395480226 0.05748663101604278
1 0.5522598870056498 0.29545454545454547 0.018361581920903956 0.03877005347593583
1 0.4442090395480226 0.5454545454545454 0.024717514124293787 0.03342245989304813
1 0.4413841807909605 0.5788770053475936 0.021892655367231638 0.03877005347593583
1 0.4689265536723164 0.5748663101604278 0.01977401129943503 0.04946524064171123
1 0.4971751412429379 0.9264705882352942 0.03036723163841808 0.04144385026737968
3 0.06638418079096045 0.47192513368983957 0.03742937853107345 0.07085561497326204
2 0.5388418079096046 0.9612299465240641 0.0346045197740113 0.03342245989304813
1 0.1772598870056497 0.8114973262032086 0.026836158192090395 0.04411764705882353
1 0.24858757062146894 0.6657754010695187 0.03036723163841808 0.04411764705882353
1 0.5035310734463276 0.25 0.01977401129943503 0.05080213903743316
1 0.5176553672316384 0.2620320855614973 0.01977401129943503 0.0481283422459893
1 0.4915254237288136 0.6644385026737968 0.020480225988700564 0.05614973262032086
