2 0.0 0.6898148148148148 0.029411764705882353 0.0712962962962963
2 0.866421568627451 0.16666666666666666 0.0661764705882353 0.06296296296296296
2 1.0698529411764706 0.3111111111111111 0.03676470588235294 0.08611111111111111
1 1.7058823529411764 0.7083333333333334 0.07352941176470588 0.0787037037037037
1 1.7279411764705883 0.7537037037037037 0.049019607843137254 0.07777777777777778
1 1.4362745098039216 0.44166666666666665 0.056372549019607844 0.06296296296296296
1 0.9276960784313726 1.7333333333333334 0.03308823529411765 0.03333333333333333
1 0.803921568627451 0.3074074074074074 0.03553921568627451 0.06759259259259259
2 0.8958333333333334 1.0953703703703703 0.049019607843137254 0.05185185185185185
1 0.8137254901960784 0.43796296296296294 0.0428921568627451 0.05555555555555555
1 1.732843137254902 0.4083333333333333 0.03676470588235294 0.05555555555555555
