2 0.0 0.6407407407407407 0.039473684210526314 0.06944444444444445
1 0.0 0.6638888888888889 0.04425837320574163 0.06666666666666667
1 0.0 0.6703703703703704 0.034688995215311005 0.05648148148148148
1 0.6854066985645934 1.5509259259259258 0.03588516746411483 0.04351851851851852
1 0.7248803827751196 1.5546296296296296 0.03588516746411483 0.03981481481481482
2 1.555023923444976 0.674074074074074 0.0430622009569378 0.07962962962962963
1 1.394736842105263 0.2962962962962963 0.029904306220095694 0.06018518518518518
1 0.7787081339712919 0.02962962962962963 0.04665071770334928 0.06296296296296296
2 1.5574162679425838 0.7203703703703703 0.0430622009569378 0.06296296296296296
2 1.5598086124401913 0.674074074074074 0.04066985645933014 0.06944444444444445
2 1.549043062200957 0.6833333333333333 0.04904306220095694 0.08055555555555556
2 1.562200956937799 0.6805555555555556 0.03827751196172249 0.11296296296296296
1 0.55622009569378 1.5444444444444445 0.05143540669856459 0.05
2 0.6698564593301436 0.0 0.04425837320574163 0.05277777777777778
2 0.6626794258373205 0.0 0.03588516746411483 0.05277777777777778
2 0.5047846889952153 0.6305555555555555 0.056220095693779906 0.07314814814814814
2 0.6578947368421053 0.0 0.05382775119617225 0.05925925925925926
1 0.7679425837320574 1.5509259259259258 0.04904306220095694 0.04722222222222222
2 0.0 0.6333333333333333 0.05741626794258373 0.07037037037037037
1 0.6076555023923444 0.362962962962963 0.039473684210526314 0.07407407407407407
2 0.7344497607655502 0.15 0.04665071770334928 0.06944444444444445
2 0.8409090909090909 0.3296296296296296 0.03588516746411483 0.04351851851851852
1 0.0 0.6833333333333333 0.019138755980861243 0.04722222222222222
1 0.16028708133971292 0.6268518518518519 0.05502392344497608 0.08981481481481482
1 1.0035885167464116 0.7435185185185185 0.03827751196172249 0.06018518518518518
1 0.569377990430622 0.48333333333333334 0.04904306220095694 0.05648148148148148
2 0.5119617224880383 0.7537037037037037 0.06578947368421052 0.1
1 0.6411483253588517 0.5898148148148148 0.034688995215311005 0.06388888888888888
2 0.6411483253588517 0.35 0.05263157894736842 0.07685185185185185
2 1.5311004784688995 0.6574074074074074 0.06698564593301436 0.07592592592592592
2 1.5227272727272727 0.6268518518518519 0.07775119617224881 0.07685185185185185
2 1.5083732057416268 0.5972222222222222 0.09210526315789473 0.08333333333333333
1 0.8050239234449761 0.30277777777777776 0.03349282296650718 0.05092592592592592
2 0.6698564593301436 0.5398148148148149 0.04425837320574163 0.08333333333333333
2 0.10406698564593302 0.7805555555555556 0.08014354066985646 0.06296296296296296
1 0.9413875598086124 0.30648148148148147 0.03588516746411483 0.06666666666666667
1 0.8767942583732058 0.32314814814814813 0.04665071770334928 0.06388888888888888
1 0.722488038277512 0.3537037037037037 0.03349282296650718 0.05277777777777778
1 0.6674641148325359 1.5546296296296296 0.05382775119617225 0.04722222222222222
1 0.8433014354066986 0.36666666666666664 0.04665071770334928 0.04351851851851852
1 0.618421052631579 0.5166666666666667 0.03349282296650718 0.06018518518518518
1 0.916267942583732 0.6166666666666667 0.045454545454545456 0.04722222222222222
2 0.05502392344497608 0.6537037037037037 0.08732057416267942 0.07037037037037037
1 1.5669856459330143 0.35648148148148145 0.03349282296650718 0.06388888888888888
2 0.0 0.7203703703703703 0.04665071770334928 0.06018518518518518
1 0.0 0.6268518518518519 0.02631578947368421 0.053703703703703705
2 0.8947368421052632 0.6972222222222222 0.06698564593301436 0.06944444444444445
1 0.6160287081339713 0.12962962962962962 0.028708133971291867 0.053703703703703705
1 1.3444976076555024 0.32685185185185184 0.03110047846889952 0.06296296296296296
1 1.0944976076555024 0.3537037037037037 0.02751196172248804 0.046296296296296294
2 0.55622009569378 0.0 0.05263157894736842 0.05
1 0.854066985645933 0.6305555555555555 0.056220095693779906 0.06666666666666667
1 0.0035885167464114833 0.7907407407407407 0.04425837320574163 0.05
1 1.1638755980861244 0.6037037037037037 0.039473684210526314 0.09351851851851851
1 0.8636363636363636 0.30277777777777776 0.03708133971291866 0.05092592592592592
2 0.9964114832535885 0.5703703703703704 0.08492822966507177 0.06296296296296296
2 0.6830143540669856 0.850925925925926 0.06937799043062201 0.12314814814814815
1 0.8516746411483254 0.3768518518518518 0.03349282296650718 0.05648148148148148
1 0.6208133971291866 0.22685185185185186 0.039473684210526314 0.05648148148148148
1 0.5334928229665071 0.0 0.04904306220095694 0.04259259259259259
2 0.0 0.7407407407407407 0.04665071770334928 0.06944444444444445
2 0.7476076555023924 1.5277777777777777 0.05502392344497608 0.06666666666666667
1 0.0011961722488038277 0.6907407407407408 0.05143540669856459 0.07962962962962963
2 0.0 0.774074074074074 0.03110047846889952 0.08611111111111111
1 0.7452153110047847 0.6101851851851852 0.05143540669856459 0.06018518518518518
1 0.5897129186602871 0.12962962962962962 0.02631578947368421 0.05648148148148148
1 0.7033492822966507 0.32314814814814813 0.034688995215311005 0.053703703703703705
1 0.638755980861244 0.12962962962962962 0.03349282296650718 0.037037037037037035
1 1.0968899521531101 0.32314814814814813 0.03110047846889952 0.04351851851851852
