1 0.9203431372549019 1.2805555555555554 0.04779411764705882 0.05925925925925926
1 1.4105392156862746 0.32222222222222224 0.020833333333333332 0.049074074074074076
2 1.2549019607843137 0.7240740740740741 0.06004901960784314 0.05925925925925926
1 1.1654411764705883 0.8277777777777777 0.028186274509803922 0.03333333333333333
1 0.9056372549019608 1.737037037037037 0.029411764705882353 0.03333333333333333
1 0.6433823529411765 0.7129629629629629 0.024509803921568627 0.05185185185185185
1 0.4571078431372549 0.7240740740740741 0.05269607843137255 0.040740740740740744
1 1.4227941176470589 0.4527777777777778 0.03553921568627451 0.037037037037037035
1 0.9424019607843137 1.625925925925926 0.03553921568627451 0.037037037037037035
3 0.13112745098039216 0.8018518518518518 0.031862745098039214 0.03333333333333333
2 0.0196078431372549 0.7388888888888889 0.058823529411764705 0.05185185185185185
1 0.9129901960784313 0.1259259259259259 0.07720588235294118 0.040740740740740744
1 0.17034313725490197 1.525925925925926 0.041666666666666664 0.02962962962962963
1 0.19730392156862744 1.4777777777777779 0.03676470588235294 0.05555555555555555
1 0.09558823529411764 0.8425925925925926 0.03799019607843137 0.040740740740740744
2 0.9534313725490197 0.924074074074074 0.03676470588235294 0.044444444444444446
2 0.9178921568627451 0.9166666666666666 0.024509803921568627 0.037037037037037035
1 0.8786764705882353 0.537962962962963 0.024509803921568627 0.03333333333333333
1 0.9056372549019608 0.4638888888888889 0.041666666666666664 0.040740740740740744
1 1.2475490196078431 0.3638888888888889 0.04411764705882353 0.040740740740740744
2 0.8884803921568627 1.0166666666666666 0.05392156862745098 0.04814814814814815
2 0.8014705882352942 0.0 0.05514705882352941 0.05555555555555555
2 0.8933823529411765 1.7185185185185186 0.041666666666666664 0.05185185185185185
1 1.1985294117647058 0.4527777777777778 0.029411764705882353 0.04814814814814815
1 1.2156862745098038 0.8203703703703704 0.02696078431372549 0.040740740740740744
1 0.883578431372549 0.9425925925925925 0.029411764705882353 0.037037037037037035
1 0.0 0.7907407407407407 0.04656862745098039 0.07407407407407407
1 1.4338235294117647 0.17407407407407408 0.024509803921568627 0.037037037037037035
1 0.8284313725490197 0.5861111111111111 0.030637254901960783 0.03333333333333333
1 0.0857843137254902 0.8055555555555556 0.022058823529411766 0.040740740740740744
