1 1.053921568627451 0.7722222222222223 0.05514705882352941 0.07777777777777778
1 1.329656862745098 0.3638888888888889 0.061274509803921566 0.07777777777777778
1 0.8884803921568627 0.2962962962962963 0.049019607843137254 0.09351851851851851
1 0.8419117647058824 0.375 0.051470588235294115 0.08518518518518518
2 0.7916666666666666 0.5416666666666666 0.05759803921568627 0.08148148148148149
2 0.8394607843137255 0.6527777777777778 0.061274509803921566 0.10833333333333334
2 0.4252450980392157 0.7240740740740741 0.06985294117647059 0.07407407407407407
2 0.7916666666666666 1.0351851851851852 0.05759803921568627 0.075
2 0.8811274509803921 1.0314814814814814 0.05392156862745098 0.08981481481481482
2 0.8737745098039216 1.113888888888889 0.07352941176470588 0.07407407407407407
1 0.7352941176470589 1.1879629629629629 0.05392156862745098 0.08148148148148149
3 0.8541666666666666 1.2694444444444444 0.041666666666666664 0.08148148148148149
1 0.8909313725490197 1.2731481481481481 0.031862745098039214 0.08148148148148149
2 0.8137254901960784 1.3175925925925926 0.06740196078431372 0.08888888888888889
1 0.7892156862745098 1.474074074074074 0.04534313725490196 0.08888888888888889
2 0.004901960784313725 0.7203703703703703 0.06372549019607843 0.08518518518518518
3 0.8786764705882353 1.7 0.058823529411764705 0.07407407407407407
1 0.8541666666666666 1.7148148148148148 0.058823529411764705 0.05925925925925926
1 0.9632352941176471 1.7222222222222223 0.0392156862745098 0.05185185185185185
2 1.7230392156862746 0.7611111111111111 0.05392156862745098 0.07037037037037037
1 0.7696078431372549 1.1768518518518518 0.0625 0.07407407407407407
1 1.5147058823529411 0.7944444444444444 0.05759803921568627 0.06296296296296296
2 1.7083333333333333 0.7314814814814815 0.07107843137254902 0.07037037037037037
2 0.7794117647058824 1.651851851851852 0.06004901960784314 0.11481481481481481
2 0.8321078431372549 1.7 0.051470588235294115 0.06296296296296296
2 0.8259803921568627 1.6703703703703703 0.05759803921568627 0.1
2 0.7818627450980392 0.003703703703703704 0.0625 0.06296296296296296
1 0.3480392156862745 0.6712962962962963 0.07230392156862746 0.0712962962962963
1 0.9779411764705882 0.812962962962963 0.04656862745098039 0.05555555555555555
1 0.9007352941176471 1.7074074074074075 0.05024509803921569 0.05555555555555555
1 0.8517156862745098 1.6888888888888889 0.031862745098039214 0.08518518518518518
1 1.1531862745098038 0.6712962962962963 0.05269607843137255 0.06388888888888888
2 0.5220588235294118 0.7046296296296296 0.07475490196078431 0.075
2 0.5 0.7981481481481482 0.08088235294117647 0.08518518518518518
1 0.8186274509803921 1.5592592592592593 0.0625 0.08148148148148149
1 1.7254901960784315 0.675 0.051470588235294115 0.08981481481481482
1 0.9975490196078431 0.8240740740740741 0.051470588235294115 0.07037037037037037
2 1.7156862745098038 0.7722222222222223 0.056372549019607844 0.05925925925925926
1 0.8884803921568627 0.4601851851851852 0.058823529411764705 0.08148148148148149
1 0.8933823529411765 0.5194444444444445 0.06495098039215687 0.06296296296296296
2 1.7107843137254901 0.7759259259259259 0.0661764705882353 0.05925925925925926
1 0.8566176470588235 1.6777777777777778 0.05392156862745098 0.07037037037037037
1 0.8933823529411765 1.6888888888888889 0.051470588235294115 0.07037037037037037
1 0.8909313725490197 1.3472222222222223 0.0625 0.0824074074074074
1 0.8370098039215687 1.6777777777777778 0.04656862745098039 0.07037037037037037
2 1.7107843137254901 0.8240740740740741 0.06862745098039216 0.05555555555555555
3 0.8235294117647058 1.3175925925925926 0.06004901960784314 0.07407407407407407
3 0.8811274509803921 1.1175925925925927 0.056372549019607844 0.07777777777777778
1 1.3125 0.6194444444444445 0.07352941176470588 0.08518518518518518
1 0.7671568627450981 1.6888888888888889 0.05392156862745098 0.08888888888888889
