1 0.9302030456852792 0.9555555555555556 0.04060913705583756 0.08518518518518518
2 1.7576142131979695 0.9324074074074075 0.08121827411167512 0.062037037037037036
1 1.7982233502538072 0.9981481481481481 0.04060913705583756 0.06481481481481481
1 0.9631979695431472 0.0 0.04060913705583756 0.06111111111111111
1 0.9758883248730964 0.9212962962962963 0.04060913705583756 0.05
2 0.8401015228426396 1.7740740740740741 0.08756345177664974 0.06111111111111111
2 0.7601522842639594 1.075 0.09517766497461928 0.1648148148148148
1 0.5139593908629442 1.462962962962963 0.04949238578680203 0.07314814814814814
1 0.5038071065989848 1.0018518518518518 0.05203045685279188 0.06574074074074074
1 0.9631979695431472 0.9518518518518518 0.05583756345177665 0.04259259259259259
1 0.9378172588832487 1.4055555555555554 0.06345177664974619 0.09537037037037037
1 0.5558375634517766 1.4592592592592593 0.03553299492385787 0.05
