2 1.5442583732057416 0.6138888888888889 0.05143540669856459 0.05277777777777778
1 1.0370813397129186 0.5638888888888889 0.04665071770334928 0.06944444444444445
2 0.687799043062201 1.1037037037037036 0.0729665071770335 0.05740740740740741
1 0.7344497607655502 0.38333333333333336 0.03708133971291866 0.04351851851851852
2 0.8636363636363636 0.7407407407407407 0.05502392344497608 0.06944444444444445
2 0.5586124401913876 0.006481481481481481 0.05263157894736842 0.046296296296296294
1 0.784688995215311 1.511111111111111 0.04904306220095694 0.053703703703703705
1 1.5598086124401913 0.32685185185185184 0.03588516746411483 0.03981481481481482
2 1.5334928229665072 0.6370370370370371 0.06698564593301436 0.06296296296296296
1 1.3911483253588517 0.6138888888888889 0.04904306220095694 0.05
2 0.06578947368421052 0.7768518518518519 0.07655502392344497 0.04722222222222222
1 1.5574162679425838 0.337037037037037 0.028708133971291867 0.05648148148148148
2 0.5490430622009569 0.002777777777777778 0.04904306220095694 0.1037037037037037
1 0.75 0.43333333333333335 0.039473684210526314 0.03981481481481482
1 1.0251196172248804 0.32314814814814813 0.03349282296650718 0.04722222222222222
1 0.0011961722488038277 0.7907407407407407 0.056220095693779906 0.06018518518518518
1 1.5442583732057416 0.35648148148148145 0.028708133971291867 0.04722222222222222
1 1.5358851674641147 0.3296296296296296 0.03708133971291866 0.04722222222222222
1 1.5645933014354068 0.30648148148148147 0.03110047846889952 0.04351851851851852
1 0.5933014354066986 0.5203703703703704 0.03827751196172249 0.06018518518518518
1 0.5921052631578947 0.7333333333333333 0.04425837320574163 0.06018518518518518
1 0.8516746411483254 0.362962962962963 0.029904306220095694 0.04722222222222222
1 0.6854066985645934 0.48333333333333334 0.04425837320574163 0.05648148148148148
1 0.7583732057416268 1.124074074074074 0.0430622009569378 0.06666666666666667
1 1.2619617224880382 0.3296296296296296 0.03349282296650718 0.06388888888888888
2 0.008373205741626795 0.7574074074074074 0.08851674641148326 0.07962962962962963
1 0.9126794258373205 0.7305555555555555 0.04665071770334928 0.05648148148148148
1 0.5586124401913876 0.5472222222222223 0.050239234449760764 0.06944444444444445
1 0.6423444976076556 0.8138888888888889 0.045454545454545456 0.03981481481481482
2 0.7739234449760766 1.5277777777777777 0.05382775119617225 0.07037037037037037
1 0.6136363636363636 0.5231481481481481 0.0430622009569378 0.06666666666666667
2 0.6423444976076556 1.1675925925925925 0.06220095693779904 0.07962962962962963
1 0.7248803827751196 0.6537037037037037 0.05980861244019139 0.053703703703703705
2 0.7045454545454546 1.1777777777777778 0.06698564593301436 0.07962962962962963
1 1.0526315789473684 0.3962962962962963 0.03588516746411483 0.040740740740740744
1 0.6602870813397129 0.4537037037037037 0.03827751196172249 0.046296296296296294
1 0.6734449760765551 1.3981481481481481 0.0430622009569378 0.07962962962962963
1 0.8696172248803827 0.31296296296296294 0.03110047846889952 0.04722222222222222
2 0.5358851674641149 0.006481481481481481 0.06937799043062201 0.08611111111111111
2 0.5466507177033493 0.006481481481481481 0.05143540669856459 0.06944444444444445
1 0.7679425837320574 0.43333333333333335 0.04665071770334928 0.04351851851851852
1 0.6734449760765551 1.5416666666666667 0.03827751196172249 0.05648148148148148
1 0.6232057416267942 1.0703703703703704 0.050239234449760764 0.06018518518518518
1 0.5921052631578947 1.0305555555555554 0.039473684210526314 0.06018518518518518
1 0.6136363636363636 0.7972222222222223 0.04425837320574163 0.06296296296296296
2 0.4665071770334928 0.7768518518518519 0.056220095693779906 0.04351851851851852
2 0.7093301435406698 0.8009259259259259 0.056220095693779906 0.07314814814814814
2 0.6519138755980861 0.7907407407407407 0.05502392344497608 0.07314814814814814
1 0.7787081339712919 0.7638888888888888 0.04425837320574163 0.05648148148148148
1 1.2619617224880382 0.6 0.041866028708133975 0.04351851851851852
2 0.5382775119617225 0.4898148148148148 0.04665071770334928 0.08055555555555556
2 0.5023923444976076 0.6537037037037037 0.07535885167464115 0.06296296296296296
2 0.638755980861244 0.6138888888888889 0.05263157894736842 0.05
2 0.6722488038277512 0.5 0.04665071770334928 0.05648148148148148
2 0.7655502392344498 0.30277777777777776 0.04904306220095694 0.06388888888888888
1 0.8361244019138756 0.32685185185185184 0.03110047846889952 0.03333333333333333
2 0.5382775119617225 0.7601851851851852 0.06220095693779904 0.06018518518518518
1 1.0657894736842106 0.36018518518518516 0.03110047846889952 0.046296296296296294
1 0.8947368421052632 0.7601851851851852 0.04665071770334928 0.06666666666666667
2 0.5442583732057417 0.016666666666666666 0.05861244019138756 0.05648148148148148
1 0.7009569377990431 0.337037037037037 0.023923444976076555 0.03981481481481482
1 0.5406698564593302 0.7305555555555555 0.04665071770334928 0.046296296296296294
1 0.9234449760765551 0.7101851851851851 0.03588516746411483 0.04351851851851852
2 0.6447368421052632 0.5305555555555556 0.056220095693779906 0.05925925925925926
1 0.6208133971291866 0.8101851851851852 0.039473684210526314 0.05
