1 0.7717948717948718 1.6101851851851852 0.02564102564102564 0.03425925925925926
1 0.7794871794871795 1.6601851851851852 0.038461538461538464 0.03888888888888889
2 1.1397435897435897 0.0 0.035897435897435895 0.053703703703703705
2 1.1807692307692308 0.0 0.06153846153846154 0.08425925925925926
2 1.1756410256410257 0.0 0.06153846153846154 0.06481481481481481
2 0.005128205128205128 0.8416666666666667 0.07179487179487179 0.053703703703703705
1 1.1602564102564104 1.475 0.03076923076923077 0.05
1 1.1576923076923078 1.4944444444444445 0.023076923076923078 0.046296296296296294
1 1.7512820512820513 1.6944444444444444 0.08461538461538462 0.08888888888888889
1 1.1730769230769231 1.7833333333333334 0.03333333333333333 0.062037037037037036
2 1.7794871794871794 0.8027777777777778 0.06153846153846154 0.09259259259259259
2 1.226923076923077 0.8722222222222222 0.06153846153846154 0.062037037037037036
