1 0.9484463276836158 0.0 0.026129943502824857 0.03208556149732621
1 0.7937853107344632 0.9117647058823529 0.02401129943502825 0.029411764705882353
3 0.1984463276836158 0.9331550802139037 0.07627118644067797 0.06149732620320856
1 0.5416666666666666 0.0 0.023305084745762712 0.03208556149732621
1 0.4427966101694915 0.5454545454545454 0.026129943502824857 0.03877005347593583
1 0.4427966101694915 0.5788770053475936 0.020480225988700564 0.03877005347593583
1 0.4675141242937853 0.5748663101604278 0.0211864406779661 0.045454545454545456
1 0.5663841807909604 0.9077540106951871 0.028954802259887006 0.04411764705882353
2 0.5374293785310734 0.0 0.028954802259887006 0.02807486631016043
1 0.009180790960451978 0.9705882352941176 0.033192090395480225 0.026737967914438502
1 0.014830508474576272 0.22192513368983957 0.033192090395480225 0.03609625668449198
1 0.1285310734463277 0.9117647058823529 0.01977401129943503 0.04144385026737968
3 0.1094632768361582 0.9237967914438503 0.036016949152542374 0.029411764705882353
1 0.4957627118644068 0.0 0.020480225988700564 0.016042780748663103
1 0.5134180790960452 0.0 0.01977401129943503 0.02406417112299465
1 0.5494350282485876 0.9598930481283422 0.031073446327683617 0.034759358288770054
