1 0.7894736842105263 1.3675925925925927 0.03588516746411483 0.03981481481481482
1 1.417464114832536 0.36018518518518516 0.03110047846889952 0.03611111111111111
1 0.7523923444976076 0.3435185185185185 0.02631578947368421 0.03333333333333333
1 0.833732057416268 0.337037037037037 0.04066985645933014 0.046296296296296294
1 0.7715311004784688 0.9407407407407408 0.04066985645933014 0.046296296296296294
1 1.5514354066985645 0.6037037037037037 0.04425837320574163 0.06296296296296296
1 0.7452153110047847 1.1074074074074074 0.04904306220095694 0.06388888888888888
1 1.313397129186603 0.30277777777777776 0.0215311004784689 0.03425925925925926
1 0.7834928229665071 0.6907407407407408 0.04425837320574163 0.03981481481481482
2 0.69377990430622 0.8175925925925925 0.04904306220095694 0.05925925925925926
1 1.313397129186603 0.32037037037037036 0.03110047846889952 0.046296296296296294
1 1.5083732057416268 0.32685185185185184 0.03110047846889952 0.046296296296296294
2 0.5442583732057417 0.002777777777777778 0.06698564593301436 0.05
2 0.5586124401913876 0.006481481481481481 0.050239234449760764 0.046296296296296294
1 1.5047846889952152 0.2898148148148148 0.039473684210526314 0.06018518518518518
1 1.569377990430622 0.30277777777777776 0.028708133971291867 0.053703703703703705
1 1.5801435406698565 0.35 0.017942583732057416 0.037037037037037035
1 0.680622009569378 1.5611111111111111 0.03110047846889952 0.037037037037037035
2 0.41626794258373206 0.7138888888888889 0.03110047846889952 0.07962962962962963
1 0.7452153110047847 1.5712962962962962 0.02631578947368421 0.026851851851851852
2 1.375598086124402 0.7407407407407407 0.07535885167464115 0.05
1 0.0 0.7972222222222223 0.028708133971291867 0.053703703703703705
1 0.15550239234449761 0.6333333333333333 0.039473684210526314 0.03333333333333333
1 0.0729665071770335 0.6435185185185185 0.039473684210526314 0.03333333333333333
1 0.0 0.6333333333333333 0.023923444976076555 0.04722222222222222
1 0.14832535885167464 0.6601851851851852 0.04066985645933014 0.04722222222222222
1 0.6566985645933014 0.0 0.03708133971291866 0.012962962962962963
1 0.69377990430622 0.0 0.03827751196172249 0.016666666666666666
2 0.6495215311004785 0.0 0.04904306220095694 0.03611111111111111
2 0.638755980861244 0.0 0.04904306220095694 0.012962962962962963
1 0.6722488038277512 0.5972222222222222 0.05263157894736842 0.046296296296296294
1 0.6471291866028708 0.15 0.04904306220095694 0.05277777777777778
2 0.6830143540669856 1.0638888888888889 0.03110047846889952 0.04351851851851852
2 0.6495215311004785 1.3981481481481481 0.0645933014354067 0.07962962962962963
2 0.6578947368421053 0.31666666666666665 0.06698564593301436 0.07314814814814814
2 0.6985645933014354 0.5768518518518518 0.05741626794258373 0.06666666666666667
1 0.7607655502392344 0.5601851851851852 0.04066985645933014 0.03333333333333333
1 0.6208133971291866 0.13333333333333333 0.0215311004784689 0.05277777777777778
2 0.5610047846889952 0.023148148148148147 0.050239234449760764 0.06944444444444445
2 1.5669856459330143 0.7240740740740741 0.03110047846889952 0.046296296296296294
1 0.7033492822966507 0.4064814814814815 0.03708133971291866 0.053703703703703705
1 1.5645933014354068 0.6166666666666667 0.03349282296650718 0.06018518518518518
1 1.569377990430622 0.6435185185185185 0.03110047846889952 0.053703703703703705
2 1.13755980861244 0.5537037037037037 0.04784688995215311 0.06018518518518518
2 0.8145933014354066 0.6268518518518519 0.06220095693779904 0.06388888888888888
2 0.9126794258373205 0.6472222222222223 0.050239234449760764 0.07314814814814814
2 0.6985645933014354 1.5712962962962962 0.039473684210526314 0.026851851851851852
2 0.7141148325358851 1.337962962962963 0.05741626794258373 0.08611111111111111
1 0.5825358851674641 0.8009259259259259 0.022727272727272728 0.03333333333333333
1 0.6004784688995215 0.7935185185185185 0.04066985645933014 0.040740740740740744
2 0.6028708133971292 0.47314814814814815 0.04425837320574163 0.06666666666666667
2 0.618421052631579 0.387037037037037 0.039473684210526314 0.08981481481481482
1 0.6136363636363636 1.000925925925926 0.04425837320574163 0.06018518518518518
1 0.6578947368421053 0.7574074074074074 0.04066985645933014 0.06018518518518518
1 0.6650717703349283 1.1805555555555556 0.02631578947368421 0.03333333333333333
1 0.6447368421052632 1.261111111111111 0.03110047846889952 0.06018518518518518
1 0.7655502392344498 1.3777777777777778 0.03110047846889952 0.046296296296296294
2 0.0215311004784689 0.7768518518518519 0.0645933014354067 0.04722222222222222
2 0.5610047846889952 0.14629629629629629 0.039473684210526314 0.07314814814814814
1 0.569377990430622 0.55 0.039473684210526314 0.05
1 0.5430622009569378 0.6370370370370371 0.034688995215311005 0.046296296296296294
2 0.005980861244019139 0.774074074074074 0.05143540669856459 0.06296296296296296
2 1.520334928229665 0.5935185185185186 0.04904306220095694 0.053703703703703705
1 0.6722488038277512 0.48703703703703705 0.03110047846889952 0.05277777777777778
2 0.25598086124401914 0.674074074074074 0.05741626794258373 0.06666666666666667
1 1.5729665071770336 0.32037037037037036 0.025119617224880382 0.03611111111111111
1 0.8851674641148325 0.3731481481481482 0.03110047846889952 0.04722222222222222
1 1.5777511961722488 0.6037037037037037 0.022727272727272728 0.03333333333333333
1 0.992822966507177 0.38333333333333336 0.041866028708133975 0.053703703703703705
1 0.7368421052631579 0.5370370370370371 0.039473684210526314 0.06018518518518518
1 0.6363636363636364 1.1777777777777778 0.03110047846889952 0.046296296296296294
1 1.569377990430622 0.3296296296296296 0.023923444976076555 0.040740740740740744
2 0.5610047846889952 0.009259259259259259 0.06818181818181818 0.06388888888888888
