2 0.10512820512820513 0.8685185185185185 0.04358974358974359 0.09259259259259259
2 1.7923076923076924 0.1925925925925926 0.05641025641025641 0.08148148148148149
1 1.0897435897435896 1.7416666666666667 0.052564102564102565 0.06944444444444445
2 0.0 0.7833333333333333 0.05384615384615385 0.058333333333333334
1 0.8641025641025641 0.7870370370370371 0.05897435897435897 0.062037037037037036
1 0.8846153846153846 0.8416666666666667 0.035897435897435895 0.04259259259259259
1 0.9076923076923077 0.8759259259259259 0.05128205128205128 0.03518518518518519
1 0.9256410256410257 0.8416666666666667 0.03333333333333333 0.053703703703703705
1 0.9487179487179487 0.8222222222222222 0.035897435897435895 0.053703703703703705
1 0.9692307692307692 0.8564814814814815 0.038461538461538464 0.03888888888888889
1 1.0205128205128204 0.8027777777777778 0.046153846153846156 0.03888888888888889
1 1.0307692307692307 0.8333333333333334 0.038461538461538464 0.03518518518518519
1 1.0512820512820513 0.7564814814814815 0.041025641025641026 0.046296296296296294
1 1.0743589743589743 0.7833333333333333 0.03974358974358974 0.03888888888888889
1 1.064102564102564 0.8416666666666667 0.038461538461538464 0.03796296296296296
1 1.058974358974359 0.8101851851851852 0.04358974358974359 0.04259259259259259
1 1.041025641025641 0.8796296296296297 0.05641025641025641 0.058333333333333334
1 1.1397435897435897 0.8564814814814815 0.0641025641025641 0.04259259259259259
1 1.0846153846153845 0.7564814814814815 0.03461538461538462 0.058333333333333334
1 1.0923076923076922 0.7638888888888888 0.05 0.03888888888888889
1 1.1192307692307693 0.7870370370370371 0.06153846153846154 0.046296296296296294
1 1.0717948717948718 0.7101851851851851 0.04230769230769231 0.04259259259259259
1 1.0846153846153845 0.737037037037037 0.057692307692307696 0.03888888888888889
1 1.0897435897435896 0.737037037037037 0.06538461538461539 0.04259259259259259
1 1.1371794871794871 0.7564814814814815 0.05128205128205128 0.046296296296296294
1 0.1794871794871795 1.6675925925925925 0.03076923076923077 0.058333333333333334
1 0.21025641025641026 1.6675925925925925 0.035897435897435895 0.062037037037037036
1 1.0307692307692307 0.6370370370370371 0.05897435897435897 0.07314814814814814
1 1.528205128205128 0.8759259259259259 0.05384615384615385 0.08148148148148149
