2 0.5132496513249651 0.0 0.03905160390516039 0.028503562945368172
1 0.31450488145048816 0.6448931116389549 0.03905160390516039 0.04513064133016627
1 0.003486750348675035 0.6045130641330166 0.030683403068340307 0.03800475059382423
1 0.0 0.6543942992874109 0.027196652719665274 0.035629453681710214
1 0.2482566248256625 0.7256532066508313 0.03486750348675035 0.047505938242280284
2 0.5174337517433751 0.9441805225653207 0.03626220362622036 0.047505938242280284
1 0.9309623430962343 0.1840855106888361 0.026499302649930265 0.05819477434679335
1 0.9644351464435147 0.5961995249406176 0.03347280334728033 0.04631828978622328
1 0.903068340306834 0.25771971496437057 0.022315202231520222 0.039192399049881234
1 0.47419804741980476 0.24703087885985747 0.023709902370990237 0.07482185273159145
1 0.1492329149232915 0.07007125890736342 0.043235704323570434 0.04631828978622328
1 0.4825662482566248 0.7897862232779097 0.03347280334728033 0.04156769596199525
2 0.5327754532775453 0.9418052256532067 0.03765690376569038 0.05463182897862233
2 0.0 0.7458432304038005 0.03556485355648536 0.03800475059382423
2 0.5034867503486751 0.030878859857482184 0.03347280334728033 0.0498812351543943
