1 1.0384615384615385 1.525 0.04358974358974359 0.06574074074074074
1 0.06666666666666667 0.20833333333333334 0.04358974358974359 0.06111111111111111
1 1.8205128205128205 0.8842592592592593 0.02564102564102564 0.05
1 0.18205128205128204 1.6759259259259258 0.03076923076923077 0.03425925925925926
1 0.2128205128205128 1.6796296296296296 0.035897435897435895 0.04259259259259259
2 1.0923076923076922 1.7953703703703703 0.052564102564102565 0.05
1 1.167948717948718 1.6944444444444444 0.03076923076923077 0.04722222222222222
1 1.1961538461538461 1.6990740740740742 0.03076923076923077 0.046296296296296294
1 0.5012820512820513 0.8416666666666667 0.035897435897435895 0.046296296296296294
1 0.4782051282051282 0.8148148148148148 0.041025641025641026 0.046296296296296294
