1 0.11087570621468927 0.3716577540106952 0.03036723163841808 0.05481283422459893
2 0.5190677966101694 0.9558823529411765 0.03036723163841808 0.04144385026737968
1 0.5162429378531074 0.9759358288770054 0.014124293785310734 0.0213903743315508
1 0.5261299435028248 0.9745989304812834 0.014124293785310734 0.022727272727272728
1 0.5331920903954802 0.9786096256684492 0.02754237288135593 0.01871657754010695
2 0.5437853107344632 0.7780748663101604 0.025423728813559324 0.04411764705882353
1 0.9569209039548022 0.9157754010695187 0.041666666666666664 0.0481283422459893
1 0.5423728813559322 0.0 0.031073446327683617 0.06016042780748663
1 0.4943502824858757 0.0 0.020480225988700564 0.026737967914438502
1 0.07768361581920905 0.7740641711229946 0.03036723163841808 0.045454545454545456
1 0.5162429378531074 0.9759358288770054 0.014124293785310734 0.0213903743315508
1 0.5261299435028248 0.9745989304812834 0.014124293785310734 0.022727272727272728
1 0.5331920903954802 0.9786096256684492 0.02754237288135593 0.01871657754010695
1 0.7563559322033898 0.34893048128342247 0.031073446327683617 0.05481283422459893
1 0.6998587570621468 0.3195187165775401 0.023305084745762712 0.05481283422459893
1 0.855225988700565 0.9197860962566845 0.03177966101694915 0.04679144385026738
1 0.9569209039548022 0.9157754010695187 0.041666666666666664 0.0481283422459893
1 0.4943502824858757 0.0 0.020480225988700564 0.026737967914438502
1 0.25 0.2286096256684492 0.021892655367231638 0.0374331550802139
1 0.11087570621468927 0.3716577540106952 0.03036723163841808 0.05481283422459893
1 0.07768361581920905 0.7740641711229946 0.03036723163841808 0.045454545454545456
1 0.5120056497175142 0.0 0.022598870056497175 0.03877005347593583
1 0.6998587570621468 0.3195187165775401 0.023305084745762712 0.05481283422459893
1 0.7563559322033898 0.34893048128342247 0.031073446327683617 0.05481283422459893
1 0.855225988700565 0.9184491978609626 0.03177966101694915 0.045454545454545456
1 0.25 0.2286096256684492 0.021892655367231638 0.0374331550802139
2 0.5437853107344632 0.7780748663101604 0.025423728813559324 0.04411764705882353
1 0.5120056497175142 0.0 0.022598870056497175 0.03877005347593583
2 0.5190677966101694 0.9558823529411765 0.03036723163841808 0.04144385026737968
1 0.5423728813559322 0.0 0.031073446327683617 0.06016042780748663
