1 0.8883248730964467 1.7351851851851852 0.07741116751269035 0.058333333333333334
1 1.0964467005076142 0.8981481481481481 0.06598984771573604 0.046296296296296294
1 0.5139593908629442 1.4666666666666666 0.05203045685279188 0.07314814814814814
1 0.5634517766497462 1.4703703703703703 0.050761421319796954 0.07314814814814814
1 0.6421319796954315 0.8870370370370371 0.07233502538071065 0.1
2 0.8629441624365483 0.018518518518518517 0.06218274111675127 0.09259259259259259
2 0.02284263959390863 0.9324074074074075 0.11040609137055837 0.08518518518518518
2 0.4276649746192893 0.9101851851851852 0.08883248730964467 0.07222222222222222
1 1.7906091370558375 0.8555555555555555 0.04568527918781726 0.1037037037037037
1 0.8781725888324873 0.003703703703703704 0.05456852791878172 0.11481481481481481
1 1.25 0.9555555555555556 0.08756345177664974 0.06944444444444445
2 0.5329949238578681 0.7870370370370371 0.09137055837563451 0.1
2 0.8096446700507615 1.5935185185185186 0.04568527918781726 0.08425925925925926
1 0.7753807106598984 1.7435185185185185 0.05964467005076142 0.07222222222222222
1 1.5063451776649746 0.9787037037037037 0.0532994923857868 0.05740740740740741
1 1.7753807106598984 0.7944444444444444 0.048223350253807105 0.08425925925925926
2 0.37055837563451777 0.9675925925925926 0.10532994923857868 0.053703703703703705
1 0.8781725888324873 1.7314814814814814 0.06725888324873096 0.09259259259259259
1 0.5038071065989848 1.4472222222222222 0.06472081218274112 0.1037037037037037
1 1.0964467005076142 0.8287037037037037 0.07360406091370558 0.06944444444444445
1 1.7576142131979695 0.8638888888888889 0.07360406091370558 0.08796296296296297
