2 1.162820512820513 0.5518518518518518 0.08205128205128205 0.06944444444444445
1 0.023076923076923078 0.8490740740740741 0.03333333333333333 0.046296296296296294
1 1.2705128205128204 1.5638888888888889 0.03076923076923077 0.05
1 1.2679487179487179 1.5833333333333333 0.023076923076923078 0.041666666666666664
1 1.7487179487179487 1.7296296296296296 0.035897435897435895 0.03888888888888889
1 1.1833333333333333 1.2046296296296297 0.041025641025641026 0.06944444444444445
1 0.005128205128205128 0.8759259259259259 0.035897435897435895 0.05092592592592592
1 1.155128205128205 0.011111111111111112 0.03333333333333333 0.046296296296296294
1 1.1782051282051282 0.0 0.03333333333333333 0.053703703703703705
2 1.0538461538461539 1.7101851851851853 0.057692307692307696 0.06944444444444445
1 0.002564102564102564 0.8759259259259259 0.035897435897435895 0.03518518518518519
1 0.007692307692307693 0.899074074074074 0.02564102564102564 0.03518518518518519
2 0.12307692307692308 0.8027777777777778 0.06666666666666667 0.062037037037037036
