1 0.6743375174337517 0.4757412398921833 0.03486750348675035 0.04177897574123989
1 0.5453277545327755 0.5283018867924528 0.03138075313807531 0.03908355795148248
1 0.10251046025104603 0.555256064690027 0.03486750348675035 0.04177897574123989
1 0.48675034867503486 0.0 0.026499302649930265 0.02425876010781671
2 0.5076708507670851 0.03504043126684636 0.026499302649930265 0.04986522911051213
1 0.1910739191073919 0.5943396226415094 0.03626220362622036 0.03504043126684636
1 0.5564853556485355 0.33423180592991913 0.03138075313807531 0.03773584905660377
1 0.797768479776848 0.633423180592992 0.040446304044630406 0.03773584905660377
1 0.4811715481171548 0.0 0.029288702928870293 0.03638814016172507
2 0.5313807531380753 0.9528301886792453 0.023709902370990237 0.0431266846361186
1 0.7168758716875872 0.11185983827493262 0.030683403068340307 0.0431266846361186
2 0.49372384937238495 0.0013477088948787063 0.023709902370990237 0.03773584905660377
