1 0.5196078431372549 0.649074074074074 0.03431372549019608 0.044444444444444446
2 1.7303921568627452 0.8277777777777777 0.04656862745098039 0.05185185185185185
1 1.732843137254902 0.6601851851851852 0.04411764705882353 0.05277777777777778
1 0.15318627450980393 1.4962962962962962 0.06372549019607843 0.06666666666666667
2 0.4325980392156863 0.7722222222222223 0.04534313725490196 0.05185185185185185
2 0.49264705882352944 0.6824074074074075 0.056372549019607844 0.08611111111111111
1 1.420343137254902 0.7981481481481482 0.06495098039215687 0.0962962962962963
1 0.44730392156862747 0.8277777777777777 0.03553921568627451 0.05925925925925926
1 0.15318627450980393 0.7537037037037037 0.061274509803921566 0.040740740740740744
2 0.17279411764705882 0.8055555555555556 0.06740196078431372 0.05555555555555555
1 0.8394607843137255 1.711111111111111 0.049019607843137254 0.06296296296296296
1 0.0 0.6527777777777778 0.049019607843137254 0.044444444444444446
2 0.7622549019607843 0.13703703703703704 0.06985294117647059 0.07037037037037037
1 0.8786764705882353 0.003703703703703704 0.041666666666666664 0.06666666666666667
1 0.9203431372549019 0.011111111111111112 0.03308823529411765 0.07407407407407407
1 0.9301470588235294 1.7333333333333334 0.025735294117647058 0.040740740740740744
2 0.8394607843137255 1.6666666666666667 0.031862745098039214 0.08518518518518518
2 0.8345588235294118 1.7037037037037037 0.03676470588235294 0.07037037037037037
1 0.9583333333333334 1.1064814814814814 0.041666666666666664 0.08148148148148149
2 0.8786764705882353 1.2064814814814815 0.056372549019607844 0.05555555555555555
1 1.2034313725490196 0.3787037037037037 0.061274509803921566 0.08148148148148149
1 0.883578431372549 0.7944444444444444 0.0392156862745098 0.06666666666666667
2 0.7965686274509803 0.03333333333333333 0.0428921568627451 0.08148148148148149
2 0.9399509803921569 0.6601851851851852 0.04779411764705882 0.06759259259259259
2 0.8443627450980392 0.5564814814814815 0.049019607843137254 0.08148148148148149
2 1.1188725490196079 1.737037037037037 0.03676470588235294 0.040740740740740744
2 1.3272058823529411 0.7129629629629629 0.058823529411764705 0.08888888888888889
2 1.0465686274509804 0.7203703703703703 0.05514705882352941 0.05555555555555555
1 0.8541666666666666 0.6935185185185185 0.061274509803921566 0.0712962962962963
2 0.8762254901960784 1.0018518518518518 0.04411764705882353 0.0787037037037037
2 1.0894607843137254 0.7870370370370371 0.049019607843137254 0.06296296296296296
1 0.8419117647058824 1.7 0.041666666666666664 0.06666666666666667
2 0.7794117647058824 1.4296296296296296 0.0625 0.05185185185185185
2 0.8137254901960784 0.649074074074074 0.03799019607843137 0.075
1 0.7941176470588235 0.0 0.0428921568627451 0.044444444444444446
1 0.7573529411764706 1.2212962962962963 0.049019607843137254 0.05185185185185185
2 0.03676470588235294 0.8092592592592592 0.061274509803921566 0.05925925925925926
1 1.7475490196078431 0.38981481481481484 0.031862745098039214 0.05925925925925926
1 0.9276960784313726 1.5888888888888888 0.05024509803921569 0.05555555555555555
1 0.7524509803921569 0.007407407407407408 0.0392156862745098 0.06296296296296296
1 0.9509803921568627 1.7296296296296296 0.0392156862745098 0.044444444444444446
1 0.8933823529411765 1.7296296296296296 0.041666666666666664 0.044444444444444446
1 0.8370098039215687 1.4962962962962962 0.03676470588235294 0.04814814814814815
1 0.883578431372549 1.4851851851851852 0.03431372549019608 0.05185185185185185
1 0.9129901960784313 1.5 0.024509803921568627 0.04814814814814815
1 0.9375 1.4925925925925927 0.03553921568627451 0.05925925925925926
1 0.8933823529411765 1.711111111111111 0.041666666666666664 0.05555555555555555
1 0.8137254901960784 0.15555555555555556 0.05514705882352941 0.06666666666666667
1 0.7941176470588235 0.003703703703703704 0.0625 0.05185185185185185
1 0.9325980392156863 0.8092592592592592 0.04044117647058824 0.07037037037037037
