1 0.5271966527196653 0.5404312668463612 0.019525801952580194 0.04716981132075472
2 0.5062761506276151 0.7547169811320755 0.019525801952580194 0.04177897574123989
2 0.5411436541143654 0.8571428571428571 0.02092050209205021 0.0431266846361186
2 0.5090655509065551 0.0 0.02092050209205021 0.0444743935309973
1 0.6227336122733612 0.5714285714285714 0.019525801952580194 0.0431266846361186
1 0.5523012552301255 0.0 0.01882845188284519 0.03099730458221024
1 0.8640167364016736 0.6522911051212938 0.02092050209205021 0.03504043126684636
1 0.608786610878661 0.5444743935309974 0.01813110181311018 0.0431266846361186
1 0.5146443514644351 0.0 0.02092050209205021 0.05121293800539083
1 0.16875871687587168 0.8194070080862533 0.02092050209205021 0.0431266846361186
1 0.5794979079497908 0.5053908355795148 0.019525801952580194 0.04716981132075472
1 0.40237099023709905 0.4865229110512129 0.01813110181311018 0.04716981132075472
1 0.4895397489539749 0.0 0.02092050209205021 0.03504043126684636
1 0.3772663877266388 0.238544474393531 0.02510460251046025 0.04177897574123989
1 0.7907949790794979 0.605121293800539 0.022315202231520222 0.03504043126684636
