1 1.1705128205128206 1.3546296296296296 0.035897435897435895 0.07407407407407407
1 1.132051282051282 1.3592592592592592 0.04358974358974359 0.05740740740740741
2 1.7871794871794873 0.8842592592592593 0.05897435897435897 0.06574074074074074
1 0.40384615384615385 0.9148148148148149 0.04358974358974359 0.058333333333333334
1 1.794871794871795 0.8148148148148148 0.05128205128205128 0.053703703703703705
1 1.2012820512820512 0.0 0.04358974358974359 0.06481481481481481
2 0.4807692307692308 0.8490740740740741 0.0641025641025641 0.06574074074074074
1 1.132051282051282 0.06481481481481481 0.03076923076923077 0.06574074074074074
1 1.1602564102564104 0.06944444444444445 0.05128205128205128 0.046296296296296294
1 1.7923076923076924 1.598148148148148 0.05384615384615385 0.06944444444444445
