1 0.1506276150627615 0.8288409703504043 0.03347280334728033 0.03638814016172507
2 0.5104602510460251 0.7398921832884097 0.02510460251046025 0.057951482479784364
1 0.5467224546722455 0.008086253369272238 0.02092050209205021 0.05390835579514825
1 0.5369595536959554 0.29110512129380056 0.022315202231520222 0.04716981132075472
1 0.3786610878661088 0.5471698113207547 0.02510460251046025 0.0431266846361186
1 0.5034867503486751 0.0 0.023709902370990237 0.0431266846361186
1 0.3117154811715481 0.5134770889487871 0.030683403068340307 0.03504043126684636
1 0.49511854951185497 0.11725067385444744 0.02092050209205021 0.04043126684636118
1 0.7210599721059973 0.11185983827493262 0.022315202231520222 0.04582210242587601
1 0.40376569037656906 0.5134770889487871 0.027196652719665274 0.03773584905660377
1 0.6827057182705718 0.3638814016172507 0.02092050209205021 0.04177897574123989
1 0.6478382147838215 0.5970350404312669 0.02510460251046025 0.04043126684636118
1 0.5425383542538355 0.1967654986522911 0.022315202231520222 0.057951482479784364
