1 0.5299860529986054 0.29245283018867924 0.02092050209205021 0.04582210242587601
1 0.6589958158995816 0.4528301886792453 0.022315202231520222 0.04177897574123989
1 0.1401673640167364 0.7048517520215634 0.0397489539748954 0.03773584905660377
1 0.5425383542538355 0.05121293800539083 0.02510460251046025 0.05660377358490566
1 0.5753138075313807 0.005390835579514825 0.023709902370990237 0.04851752021563342
1 0.5369595536959554 0.0 0.026499302649930265 0.012129380053908356
1 0.5523012552301255 0.37735849056603776 0.021617852161785217 0.0444743935309973
1 0.4881450488145049 0.0013477088948787063 0.022315202231520222 0.025606469002695417
1 0.6269177126917713 0.46495956873315364 0.026499302649930265 0.04582210242587601
1 0.6297071129707112 0.4797843665768194 0.02092050209205021 0.03504043126684636
1 0.49511854951185497 0.0 0.023709902370990237 0.02830188679245283
1 0.49372384937238495 0.44070080862533695 0.02510460251046025 0.04582210242587601
1 0.5160390516039052 0.0013477088948787063 0.02092050209205021 0.029649595687331536
1 0.5495118549511855 0.2358490566037736 0.024407252440725245 0.03638814016172507
