1 1.5574162679425838 0.674074074074074 0.0430622009569378 0.04259259259259259
1 1.5442583732057416 0.687037037037037 0.056220095693779906 0.053703703703703705
2 0.992822966507177 0.5601851851851852 0.0645933014354067 0.08055555555555556
1 0.7942583732057417 0.5833333333333334 0.05980861244019139 0.06388888888888888
2 1.3708133971291867 0.6138888888888889 0.05502392344497608 0.06296296296296296
1 0.6543062200956937 1.000925925925926 0.03349282296650718 0.06018518518518518
1 0.6423444976076556 0.0 0.056220095693779906 0.07314814814814814
1 0.6722488038277512 0.0 0.05502392344497608 0.06944444444444445
1 0.7380382775119617 0.2361111111111111 0.045454545454545456 0.07037037037037037
1 0.6232057416267942 0.0 0.05263157894736842 0.05648148148148148
1 0.7212918660287081 0.48055555555555557 0.05502392344497608 0.06296296296296296
1 0.7320574162679426 1.1805555555555556 0.08851674641148326 0.08703703703703704
1 0.6650717703349283 1.2944444444444445 0.06698564593301436 0.06018518518518518
2 0.618421052631579 0.8175925925925925 0.0729665071770335 0.08333333333333333
2 0.5586124401913876 0.7833333333333333 0.07535885167464115 0.08055555555555556
1 0.6160287081339713 1.0240740740740741 0.04904306220095694 0.05
1 0.215311004784689 0.6407407407407407 0.05741626794258373 0.08333333333333333
1 0.28827751196172247 0.6268518518518519 0.07894736842105263 0.07685185185185185
2 0.7272727272727273 1.2907407407407407 0.056220095693779906 0.07685185185185185
2 0.5825358851674641 0.5305555555555556 0.056220095693779906 0.07592592592592592
2 1.0610047846889952 0.7268518518518519 0.07775119617224881 0.07407407407407407
1 1.3779904306220097 0.6203703703703703 0.039473684210526314 0.06018518518518518
2 1.5466507177033493 0.6407407407407407 0.04904306220095694 0.05277777777777778
1 0.55622009569378 0.025925925925925925 0.05502392344497608 0.06018518518518518
1 0.9988038277511961 0.21666666666666667 0.04665071770334928 0.07314814814814814
1 0.8899521531100478 0.3296296296296296 0.05382775119617225 0.04722222222222222
1 1.0885167464114833 0.37962962962962965 0.05502392344497608 0.06666666666666667
1 0.6447368421052632 0.9101851851851852 0.056220095693779906 0.06388888888888888
1 1.2021531100478469 0.3768518518518518 0.041866028708133975 0.05
1 0.6758373205741627 0.2564814814814815 0.056220095693779906 0.05648148148148148
1 0.5430622009569378 0.0962962962962963 0.0645933014354067 0.07685185185185185
1 0.38636363636363635 0.7666666666666667 0.06220095693779904 0.07037037037037037
1 1.5311004784688995 0.3101851851851852 0.03349282296650718 0.04351851851851852
2 0.01076555023923445 0.774074074074074 0.10406698564593302 0.0962962962962963
1 0.24880382775119617 0.6 0.06937799043062201 0.06666666666666667
1 0.9784688995215312 0.6435185185185185 0.05861244019138756 0.08055555555555556
2 1.5 0.6268518518518519 0.0729665071770335 0.08055555555555556
2 0.013157894736842105 0.7240740740740741 0.11961722488038277 0.11296296296296296
1 0.6650717703349283 0.3398148148148148 0.056220095693779906 0.05
1 0.6782296650717703 0.9907407407407407 0.03588516746411483 0.06296296296296296
2 0.03110047846889952 0.737037037037037 0.08014354066985646 0.12314814814814815
2 1.505980861244019 0.6666666666666666 0.06937799043062201 0.06018518518518518
2 1.4952153110047848 0.6268518518518519 0.05980861244019139 0.06666666666666667
2 1.3995215311004785 0.5768518518518518 0.05861244019138756 0.05648148148148148
2 1.4844497607655502 0.5898148148148148 0.05502392344497608 0.06018518518518518
1 0.7834928229665071 0.35648148148148145 0.05502392344497608 0.06388888888888888
1 1.2488038277511961 0.3333333333333333 0.05263157894736842 0.046296296296296294
1 0.8791866028708134 0.30648148148148147 0.05741626794258373 0.05
1 0.9880382775119617 0.37037037037037035 0.05502392344497608 0.046296296296296294
1 1.0897129186602872 0.2935185185185185 0.045454545454545456 0.07685185185185185
1 0.7093301435406698 0.44351851851851853 0.0430622009569378 0.05
2 0.7476076555023924 1.511111111111111 0.05502392344497608 0.08333333333333333
2 0.6004784688995215 0.0 0.05382775119617225 0.07314814814814814
2 0.562200956937799 0.0 0.056220095693779906 0.08333333333333333
1 1.1076555023923444 0.35 0.05382775119617225 0.046296296296296294
1 0.7966507177033493 0.3333333333333333 0.05502392344497608 0.05648148148148148
1 1.44377990430622 0.32037037037037036 0.04665071770334928 0.05
1 0.7631578947368421 1.2740740740740741 0.05502392344497608 0.08333333333333333
1 1.5287081339712918 0.6101851851851852 0.04066985645933014 0.05648148148148148
2 0.680622009569378 1.2712962962962964 0.06220095693779904 0.07314814814814814
2 0.7715311004784688 1.2074074074074075 0.05143540669856459 0.05648148148148148
2 0.24043062200956938 0.7666666666666667 0.07775119617224881 0.07037037037037037
2 0.7679425837320574 1.2740740740740741 0.05263157894736842 0.06388888888888888
2 1.332535885167464 0.6768518518518518 0.06698564593301436 0.05648148148148148
1 1.5227272727272727 0.3333333333333333 0.03229665071770335 0.046296296296296294
1 0.6961722488038278 0.4 0.041866028708133975 0.053703703703703705
2 0.01076555023923445 0.774074074074074 0.11602870813397129 0.08611111111111111
1 1.5334928229665072 0.587037037037037 0.03588516746411483 0.05648148148148148
1 1.3444976076555024 0.337037037037037 0.039473684210526314 0.046296296296296294
1 0.9449760765550239 0.5731481481481482 0.0645933014354067 0.07037037037037037
1 0.0 0.6333333333333333 0.05263157894736842 0.07037037037037037
1 0.0 0.7 0.06578947368421052 0.08055555555555556
1 0.0 0.6435185185185185 0.041866028708133975 0.08055555555555556
2 0.7296650717703349 1.5175925925925926 0.05502392344497608 0.08055555555555556
1 0.7045454545454546 1.5277777777777777 0.056220095693779906 0.07037037037037037
1 0.6830143540669856 1.5175925925925926 0.04904306220095694 0.08055555555555556
1 0.6495215311004785 1.5175925925925926 0.05502392344497608 0.08055555555555556
1 0.8205741626794258 1.5444444444444445 0.056220095693779906 0.05
2 0.6543062200956937 1.5148148148148148 0.05502392344497608 0.07962962962962963
3 0.7655502392344498 1.2675925925925926 0.05502392344497608 0.06388888888888888
1 0.7296650717703349 1.298148148148148 0.041866028708133975 0.05925925925925926
1 1.5598086124401913 0.7 0.03827751196172249 0.04722222222222222
1 1.569377990430622 0.7166666666666667 0.03110047846889952 0.04722222222222222
1 1.5466507177033493 0.737037037037037 0.05382775119617225 0.046296296296296294
1 1.549043062200957 0.65 0.05143540669856459 0.04722222222222222
