1 0.4915254237288136 0.4532085561497326 0.0346045197740113 0.07085561497326204
1 0.5466101694915254 0.9598930481283422 0.03248587570621469 0.034759358288770054
1 0.5176553672316384 0.33288770053475936 0.03036723163841808 0.06283422459893048
1 0.5416666666666666 0.32620320855614976 0.03036723163841808 0.05481283422459893
1 0.556497175141243 0.09358288770053476 0.1518361581920904 0.24064171122994651
1 0.8439265536723164 0.8288770053475936 0.029661016949152543 0.05614973262032086
1 0.24858757062146894 0.2580213903743315 0.03036723163841808 0.045454545454545456
1 0.08403954802259887 0.40106951871657753 0.0614406779661017 0.20855614973262032
1 0.22175141242937854 0.23663101604278075 0.025423728813559324 0.07085561497326204
1 0.1596045197740113 0.30080213903743314 0.03884180790960452 0.05481283422459893
1 0.2507062146892655 0.28475935828877 0.025423728813559324 0.05213903743315508
1 0.12076271186440678 0.8489304812834224 0.04590395480225989 0.058823529411764705
2 0.5720338983050848 0.9037433155080213 0.03036723163841808 0.053475935828877004
