2 0.9650455927051672 0.49292452830188677 0.031914893617021274 0.045990566037735846
2 0.41793313069908816 0.41037735849056606 0.03571428571428571 0.05306603773584906
2 0.6512158054711246 0.5283018867924528 0.05243161094224924 0.03773584905660377
2 0.1762917933130699 0.5165094339622641 0.030395136778115502 0.045990566037735846
1 0.9012158054711246 0.5448113207547169 0.02507598784194529 0.0294811320754717
1 0.9050151975683891 0.5176886792452831 0.0364741641337386 0.0294811320754717
2 0.9604863221884499 0.49292452830188677 0.0364741641337386 0.04009433962264151
2 0.7454407294832827 0.43278301886792453 0.028875379939209727 0.045990566037735846
2 0.48404255319148937 0.49528301886792453 0.023556231003039513 0.03773584905660377
1 0.837386018237082 0.5365566037735849 0.025835866261398176 0.03773584905660377
1 0.973404255319149 0.42452830188679247 0.023556231003039513 0.049528301886792456
2 0.0022796352583586625 0.5636792452830188 0.030395136778115502 0.03419811320754717
