2 1.15 1.2435185185185185 0.06153846153846154 0.05
1 0.32564102564102565 0.8527777777777777 0.06282051282051282 0.06574074074074074
1 0.010256410256410256 0.8842592592592593 0.035897435897435895 0.05
1 0.14358974358974358 0.8064814814814815 0.038461538461538464 0.03888888888888889
2 1.1 1.1962962962962962 0.05 0.05462962962962963
1 0.0 0.8685185185185185 0.03076923076923077 0.03888888888888889
1 0.0 0.8453703703703703 0.028205128205128206 0.053703703703703705
1 0.1564102564102564 0.8148148148148148 0.046153846153846156 0.041666666666666664
1 0.0 0.8333333333333334 0.035897435897435895 0.03518518518518519
1 0.15897435897435896 0.8527777777777777 0.03076923076923077 0.05
1 0.11282051282051282 0.8296296296296296 0.05128205128205128 0.05
1 0.041025641025641026 0.8648148148148148 0.03333333333333333 0.04259259259259259
1 0.05641025641025641 0.8453703703703703 0.04871794871794872 0.05
1 0.01282051282051282 0.8685185185185185 0.035897435897435895 0.04259259259259259
1 0.1794871794871795 1.6712962962962963 0.03333333333333333 0.04722222222222222
1 0.2076923076923077 1.6712962962962963 0.041025641025641026 0.05462962962962963
1 0.002564102564102564 0.8453703703703703 0.03076923076923077 0.06944444444444445
