2 0.02564102564102564 0.8648148148148148 0.046153846153846156 0.07314814814814814
1 1.1730769230769231 1.7027777777777777 0.04358974358974359 0.062037037037037036
1 1.1397435897435897 1.6944444444444444 0.04358974358974359 0.07037037037037037
2 1.0769230769230769 0.8527777777777777 0.06282051282051282 0.05462962962962963
1 0.16923076923076924 0.1037037037037037 0.05641025641025641 0.10092592592592593
2 0.0 0.8842592592592593 0.05897435897435897 0.08055555555555556
1 0.18205128205128204 1.6833333333333333 0.028205128205128206 0.03518518518518519
1 1.058974358974359 0.3814814814814815 0.052564102564102565 0.07777777777777778
1 1.041025641025641 0.38981481481481484 0.046153846153846156 0.1
1 1.1243589743589744 0.7064814814814815 0.06666666666666667 0.08518518518518518
1 1.1705128205128206 0.7212962962962963 0.035897435897435895 0.07407407407407407
1 1.4897435897435898 1.462962962962963 0.06153846153846154 0.062037037037037036
1 1.4217948717948719 0.22777777777777777 0.05641025641025641 0.07685185185185185
1 0.8435897435897436 0.2 0.046153846153846156 0.08518518518518518
1 1.0794871794871794 1.7953703703703703 0.17564102564102563 0.05
1 0.2 1.6796296296296296 0.041025641025641026 0.05
