2 0.5423728813559322 0.25 0.026836158192090395 0.06818181818181818
2 0.5466101694915254 0.15106951871657753 0.02824858757062147 0.06951871657754011
1 0.5218926553672316 0.23529411764705882 0.020480225988700564 0.05748663101604278
3 0.10663841807909605 0.9478609625668449 0.036016949152542374 0.04679144385026738
1 0.5049435028248588 0.0 0.0211864406779661 0.03877005347593583
1 0.5063559322033898 0.21657754010695188 0.0211864406779661 0.05213903743315508
1 0.5134180790960452 0.43716577540106955 0.022598870056497175 0.04946524064171123
1 0.5190677966101694 0.13636363636363635 0.028954802259887006 0.05213903743315508
1 0.3954802259887006 0.11229946524064172 0.0346045197740113 0.05614973262032086
1 0.4470338983050847 0.5347593582887701 0.026129943502824857 0.04144385026737968
1 0.4456214689265537 0.5975935828877005 0.01765536723163842 0.03877005347593583
1 0.4604519774011299 0.5909090909090909 0.018361581920903956 0.04411764705882353
3 0.20268361581920905 0.9331550802139037 0.06779661016949153 0.06149732620320856
