1 0.6899717514124294 0.43514150943396224 0.041666666666666664 0.055424528301886794
2 0.3524011299435028 0.47877358490566035 0.0346045197740113 0.04363207547169811
1 0.20833333333333334 0.39976415094339623 0.03742937853107345 0.041273584905660375
1 0.461864406779661 0.23113207547169812 0.03531073446327684 0.04716981132075472
1 0.4413841807909605 0.11202830188679246 0.021892655367231638 0.03891509433962264
1 0.007768361581920904 0.5141509433962265 0.026836158192090395 0.0625
1 0.0007062146892655367 0.5082547169811321 0.01977401129943503 0.055424528301886794
1 0.0 0.9622641509433962 0.03177966101694915 0.027122641509433963
1 0.12358757062146893 0.9634433962264151 0.02754237288135593 0.03419811320754717
1 0.8439265536723164 0.12617924528301888 0.02824858757062147 0.04009433962264151
2 0.0049435028248587575 0.49764150943396224 0.01694915254237288 0.041273584905660375
2 0.96045197740113 0.4033018867924528 0.03672316384180791 0.06721698113207547
1 0.5522598870056498 0.357311320754717 0.0211864406779661 0.04009433962264151
1 0.5607344632768362 0.37028301886792453 0.024717514124293787 0.049528301886792456
1 0.83545197740113 0.18867924528301888 0.031073446327683617 0.031839622641509434
1 0.0 0.392688679245283 0.019067796610169493 0.04834905660377359
1 0.3898305084745763 0.1721698113207547 0.02754237288135593 0.031839622641509434
1 0.8411016949152542 0.08018867924528301 0.026836158192090395 0.04009433962264151
1 0.5120056497175142 0.9575471698113207 0.025423728813559324 0.03773584905660377
1 0.20268361581920905 0.5448113207547169 0.03177966101694915 0.04363207547169811
