1 0.8860294117647058 0.16666666666666666 0.058823529411764705 0.08518518518518518
1 1.7205882352941178 0.7981481481481482 0.056372549019607844 0.06666666666666667
1 0.1409313725490196 0.040740740740740744 0.07352941176470588 0.07037037037037037
1 0.0 0.6416666666666667 0.0392156862745098 0.06666666666666667
2 0.883578431372549 1.173148148148148 0.049019607843137254 0.08518518518518518
2 0.8492647058823529 1.0611111111111111 0.05392156862745098 0.0787037037037037
2 0.8370098039215687 0.9574074074074074 0.03431372549019608 0.07777777777777778
1 0.8958333333333334 1.511111111111111 0.029411764705882353 0.05185185185185185
1 0.7892156862745098 1.4370370370370371 0.0392156862745098 0.05925925925925926
1 0.9080882352941176 0.9537037037037037 0.04779411764705882 0.08518518518518518
1 0.7941176470588235 0.8537037037037037 0.0428921568627451 0.06296296296296296
1 1.1262254901960784 0.3638888888888889 0.0392156862745098 0.044444444444444446
2 0.8161764705882353 0.41944444444444445 0.05024509803921569 0.07407407407407407
2 0.8688725490196079 0.0 0.03431372549019608 0.03333333333333333
2 1.1801470588235294 0.7203703703703703 0.04534313725490196 0.06296296296296296
1 0.0 0.7833333333333333 0.031862745098039214 0.07037037037037037
2 0.004901960784313725 0.6972222222222222 0.05392156862745098 0.06759259259259259
1 1.1139705882352942 0.6416666666666667 0.0392156862745098 0.06296296296296296
1 0.1556372549019608 1.5 0.041666666666666664 0.05185185185185185
2 0.7818627450980392 0.7722222222222223 0.0625 0.08888888888888889
1 0.9031862745098039 1.4175925925925925 0.03431372549019608 0.0712962962962963
1 1.3075980392156863 0.6861111111111111 0.06372549019607843 0.075
1 0.8713235294117647 0.8537037037037037 0.07107843137254902 0.08518518518518518
1 0.9252450980392157 1.4703703703703703 0.03553921568627451 0.07777777777777778
1 0.9227941176470589 1.7074074074074075 0.04534313725490196 0.06666666666666667
1 1.7426470588235294 0.39351851851851855 0.031862745098039214 0.06296296296296296
1 0.866421568627451 1.511111111111111 0.029411764705882353 0.05185185185185185
2 0.8639705882352942 1.7 0.03431372549019608 0.07037037037037037
2 0.8186274509803921 1.4333333333333333 0.0428921568627451 0.07407407407407407
1 1.7303921568627452 0.7203703703703703 0.04656862745098039 0.08148148148148149
2 0.8811274509803921 1.7185185185185186 0.04411764705882353 0.05555555555555555
2 0.7843137254901961 0.037037037037037035 0.06495098039215687 0.07037037037037037
2 0.8737745098039216 1.711111111111111 0.041666666666666664 0.06296296296296296
1 1.0968137254901962 0.39351851851851855 0.04656862745098039 0.07037037037037037
1 1.0220588235294117 1.7407407407407407 0.04411764705882353 0.037037037037037035
1 0.8811274509803921 1.6925925925925926 0.0392156862745098 0.07407407407407407
