2 0.6241283124128313 0.192722371967655 0.03486750348675035 0.029649595687331536
1 0.5313807531380753 0.0 0.02092050209205021 0.012129380053908356
1 0.604602510460251 0.0013477088948787063 0.02092050209205021 0.029649595687331536
2 0.5076708507670851 0.7021563342318059 0.02092050209205021 0.04986522911051213
1 0.5244072524407253 0.5377358490566038 0.02092050209205021 0.03773584905660377
1 0.2105997210599721 0.5094339622641509 0.02789400278940028 0.02830188679245283
1 0.21478382147838215 0.5404312668463612 0.02510460251046025 0.02830188679245283
2 0.5146443514644351 0.39622641509433965 0.02510460251046025 0.03234501347708895
1 0.4895397489539749 0.46765498652291104 0.02092050209205021 0.03504043126684636
1 0.6868898186889819 0.20889487870619947 0.019525801952580194 0.025606469002695417
1 0.699442119944212 0.6024258760107817 0.020223152022315203 0.029649595687331536
1 0.5648535564853556 0.49865229110512127 0.02580195258019526 0.04177897574123989
1 0.499302649930265 0.1495956873315364 0.023709902370990237 0.04582210242587601
1 0.5634588563458857 0.0215633423180593 0.020223152022315203 0.02830188679245283
1 0.5439330543933054 0.5444743935309974 0.02092050209205021 0.029649595687331536
1 0.5174337517433751 0.14690026954177898 0.023709902370990237 0.03099730458221024
1 0.5453277545327755 0.0 0.02092050209205021 0.026954177897574125
