1 0.9758883248730964 0.8601851851851852 0.06598984771573604 0.07685185185185185
1 0.9682741116751269 0.9324074074074075 0.09771573604060914 0.06944444444444445
1 1.3083756345177664 0.9018518518518519 0.06218274111675127 0.08518518518518518
1 1.3451776649746192 0.9592592592592593 0.06091370558375635 0.062037037037037036
1 1.3299492385786802 0.9981481481481481 0.05583756345177665 0.06944444444444445
1 0.37055837563451777 0.9787037037037037 0.046954314720812185 0.053703703703703705
1 0.37817258883248733 0.9212962962962963 0.06725888324873096 0.08425925925925926
1 0.12690355329949238 0.8333333333333334 0.09771573604060914 0.11481481481481481
1 0.9352791878172588 1.4166666666666667 0.08629441624365482 0.08425925925925926
1 0.3756345177664975 1.0092592592592593 0.06725888324873096 0.062037037037037036
1 0.31725888324873097 0.9518518518518518 0.06598984771573604 0.06944444444444445
1 1.001269035532995 0.9055555555555556 0.05710659898477157 0.06944444444444445
1 0.7474619289340102 1.4703703703703703 0.09771573604060914 0.08425925925925926
2 0.8451776649746193 0.5527777777777778 0.10025380710659898 0.1
1 0.8705583756345178 0.03796296296296296 0.09771573604060914 0.1037037037037037
1 0.45050761421319796 0.9555555555555556 0.06852791878172589 0.11574074074074074
1 0.6218274111675127 1.3787037037037038 0.06725888324873096 0.08796296296296297
1 0.6637055837563451 1.3787037037037038 0.07614213197969544 0.09166666666666666
1 1.7931472081218274 0.9824074074074074 0.04568527918781726 0.1
2 1.7753807106598984 0.8712962962962963 0.06598984771573604 0.11574074074074074
1 0.883248730964467 1.4203703703703703 0.07741116751269035 0.07685185185185185
1 0.38578680203045684 0.8833333333333333 0.05710659898477157 0.11481481481481481
1 0.1383248730964467 0.9175925925925926 0.06091370558375635 0.0962962962962963
2 1.75 0.8601851851851852 0.08883248730964467 0.10740740740740741
1 0.8147208121827412 1.3592592592592592 0.07106598984771574 0.1
