1 1.118421052631579 0.5212962962962963 0.05131578947368421 0.07037037037037037
2 1.8039473684210525 0.9574074074074074 0.05526315789473684 0.08981481481481482
2 0.7289473684210527 0.7083333333333334 0.06315789473684211 0.07037037037037037
2 0.43157894736842106 1.3388888888888888 0.06710526315789474 0.0787037037037037
1 0.17763157894736842 1.5453703703703703 0.06315789473684211 0.09351851851851851
2 0.9526315789473684 1.7638888888888888 0.046052631578947366 0.08148148148148149
1 0.6907894736842105 0.6111111111111112 0.03684210526315789 0.062037037037037036
1 0.7342105263157894 0.5879629629629629 0.04736842105263158 0.06944444444444445
2 0.10789473684210527 0.9342592592592592 0.09868421052631579 0.10092592592592593
2 0.9776315789473684 0.49444444444444446 0.060526315789473685 0.09351851851851851
1 0.21447368421052632 1.3583333333333334 0.046052631578947366 0.06296296296296296
2 0.7447368421052631 0.0 0.1013157894736842 0.10462962962962963
2 0.7842105263157895 1.3351851851851853 0.09078947368421053 0.09351851851851851
2 0.9710526315789474 1.5305555555555554 0.056578947368421055 0.062037037037037036
2 0.9184210526315789 1.4564814814814815 0.04736842105263158 0.07407407407407407
2 0.9855263157894737 1.412962962962963 0.05 0.07037037037037037
1 1.1697368421052632 1.0546296296296296 0.056578947368421055 0.0824074074074074
2 1.7736842105263158 0.8092592592592592 0.08289473684210526 0.08611111111111111
2 0.9263157894736842 1.2259259259259259 0.056578947368421055 0.0787037037037037
2 0.8078947368421052 1.799074074074074 0.05394736842105263 0.06574074074074074
2 0.8144736842105263 1.7953703703703703 0.05526315789473684 0.06944444444444445
2 1.806578947368421 0.9925925925925926 0.05526315789473684 0.08611111111111111
2 0.8144736842105263 1.8148148148148149 0.05789473684210526 0.05
2 0.7578947368421053 1.8148148148148149 0.06447368421052632 0.05
1 0.9526315789473684 0.0 0.04342105263157895 0.046296296296296294
2 0.0 0.7824074074074074 0.02236842105263158 0.062037037037037036
1 0.14736842105263157 1.112962962962963 0.04078947368421053 0.05462962962962963
2 0.7526315789473684 1.8148148148148149 0.06710526315789474 0.05
1 0.4986842105263158 1.8148148148148149 0.06842105263157895 0.05
1 0.19605263157894737 1.0824074074074075 0.042105263157894736 0.08518518518518518
1 0.5894736842105263 1.8222222222222222 0.06710526315789474 0.04259259259259259
1 1.1723684210526315 0.8407407407407408 0.04868421052631579 0.07037037037037037
1 0.4934210526315789 0.5333333333333333 0.05789473684210526 0.08518518518518518
1 1.0513157894736842 1.537962962962963 0.04342105263157895 0.09351851851851851
2 0.038157894736842106 0.9574074074074074 0.06710526315789474 0.06666666666666667
