1 1.110054347826087 0.7240740740740741 0.07472826086956522 0.0712962962962963
2 1.71875 0.799074074074074 0.06657608695652174 0.0787037037037037
2 0.0 0.9111111111111111 0.08152173913043478 0.0712962962962963
1 1.3111413043478262 0.6824074074074075 0.07336956521739131 0.075
2 1.7201086956521738 0.9527777777777777 0.07336956521739131 0.075
2 1.7255434782608696 0.9111111111111111 0.06793478260869565 0.10185185185185185
2 0.0 0.75 0.06385869565217392 0.0712962962962963
2 0.0 0.7907407407407407 0.10597826086956522 0.07962962962962963
1 0.5176630434782609 1.113888888888889 0.04755434782608696 0.06018518518518518
1 1.75 1.0685185185185184 0.04076086956521739 0.0787037037037037
