1 0.845108695652174 1.0722222222222222 0.0625 0.06759259259259259
2 1.6453804347826086 0.8175925925925925 0.09239130434782608 0.08611111111111111
2 0.07880434782608696 0.8925925925925926 0.13451086956521738 0.11666666666666667
1 1.6807065217391304 1.136111111111111 0.06929347826086957 0.12037037037037036
2 0.009510869565217392 0.9416666666666667 0.08016304347826086 0.09351851851851851
2 0.15625 0.8851851851851852 0.08559782608695653 0.10092592592592593
2 1.627717391304348 0.7314814814814815 0.09782608695652174 0.13518518518518519
2 1.6779891304347827 0.6972222222222222 0.10461956521739131 0.1574074074074074
2 0.75 0.7462962962962963 0.057065217391304345 0.08611111111111111
2 1.3369565217391304 0.7388888888888889 0.04891304347826087 0.09351851851851851
1 0.12907608695652173 1.05 0.07201086956521739 0.06388888888888888
1 0.14945652173913043 1.0805555555555555 0.07472826086956522 0.0787037037037037
1 0.03940217391304348 1.0203703703703704 0.08423913043478261 0.08981481481481482
1 0.021739130434782608 1.1101851851851852 0.10733695652173914 0.0712962962962963
2 1.6358695652173914 0.7722222222222223 0.09782608695652174 0.11666666666666667
