1 1.7404891304347827 1.0425925925925925 0.03940217391304348 0.0824074074074074
1 1.716032608695652 1.087962962962963 0.04755434782608696 0.05185185185185185
2 1.658967391304348 0.7203703703703703 0.07472826086956522 0.11944444444444445
2 1.5883152173913044 0.75 0.12228260869565218 0.13148148148148148
1 1.7404891304347827 1.0462962962962963 0.03940217391304348 0.05648148148148148
2 0.0 0.7611111111111111 0.07201086956521739 0.09722222222222222
2 0.0 0.7722222222222223 0.06929347826086957 0.09814814814814815
2 0.501358695652174 0.7833333333333333 0.09646739130434782 0.08703703703703704
1 1.7201086956521738 1.0574074074074074 0.04755434782608696 0.06388888888888888
1 1.7309782608695652 1.113888888888889 0.033967391304347824 0.0787037037037037
