1 0.656578947368421 0.2953703703703704 0.05789473684210526 0.13240740740740742
2 0.9657894736842105 1.7407407407407407 0.06184210526315789 0.12037037037037036
2 1.3302631578947368 0.95 0.056578947368421055 0.10092592592592593
2 0.0 0.7898148148148149 0.04868421052631579 0.07037037037037037
1 0.19342105263157894 1.4564814814814815 0.05921052631578947 0.07407407407407407
2 1.825 0.95 0.03684210526315789 0.08518518518518518
1 0.7421052631578947 0.0 0.03684210526315789 0.08518518518518518
1 0.7842105263157895 0.0 0.035526315789473684 0.09259259259259259
2 1.8171052631578948 0.8953703703703704 0.04473684210526316 0.058333333333333334
2 0.9026315789473685 0.0 0.08289473684210526 0.03888888888888889
2 1.0763157894736841 1.012037037037037 0.05263157894736842 0.07037037037037037
1 0.33289473684210524 1.8222222222222222 0.08026315789473684 0.04259259259259259
2 0.0 0.8092592592592592 0.046052631578947366 0.09814814814814815
2 0.8026315789473685 1.8222222222222222 0.08289473684210526 0.04259259259259259
1 0.056578947368421055 0.058333333333333334 0.06710526315789474 0.05
2 0.0 0.8175925925925925 0.04078947368421053 0.07037037037037037
2 1.8144736842105262 0.9111111111111111 0.04736842105263158 0.06944444444444445
2 1.8171052631578948 0.9768518518518519 0.04473684210526316 0.058333333333333334
1 1.8355263157894737 0.6814814814814815 0.02631578947368421 0.07407407407407407
2 0.9960526315789474 0.9611111111111111 0.05921052631578947 0.0787037037037037
2 1.8302631578947368 0.9111111111111111 0.031578947368421054 0.07777777777777778
2 0.0 0.775 0.035526315789473684 0.09259259259259259
2 0.0 0.7666666666666667 0.035526315789473684 0.09722222222222222
1 1.3644736842105263 1.137037037037037 0.07236842105263158 0.08888888888888889
1 1.3513157894736842 1.125 0.04868421052631579 0.03888888888888889
2 0.8407894736842105 1.5305555555555554 0.09078947368421053 0.09351851851851851
1 0.0 1.0472222222222223 0.038157894736842106 0.062037037037037036
1 1.0013157894736842 1.787037037037037 0.05131578947368421 0.06666666666666667
1 0.5671052631578948 1.6703703703703703 0.06447368421052632 0.05092592592592592
1 1.7578947368421052 0.9694444444444444 0.05394736842105263 0.09351851851851851
1 0.6236842105263158 1.3472222222222223 0.06710526315789474 0.04259259259259259
1 1.0894736842105264 0.09259259259259259 0.04868421052631579 0.06666666666666667
1 1.5276315789473685 1.0629629629629629 0.056578947368421055 0.07407407407407407
1 1.0868421052631578 0.8833333333333333 0.04736842105263158 0.058333333333333334
2 0.843421052631579 1.8453703703703703 0.075 0.019444444444444445
