1 1.063157894736842 0.26851851851851855 0.05789473684210526 0.13240740740740742
2 0.975 1.7212962962962963 0.06315789473684211 0.12407407407407407
2 0.0 0.9851851851851852 0.046052631578947366 0.10092592592592593
2 0.0 0.7898148148148149 0.04868421052631579 0.07037037037037037
1 0.175 1.5342592592592592 0.060526315789473685 0.08148148148148149
2 0.9828947368421053 1.1564814814814814 0.060526315789473685 0.08518518518518518
1 0.7223684210526315 0.24074074074074073 0.035526315789473684 0.0824074074074074
1 0.7552631578947369 0.23333333333333334 0.03684210526315789 0.10092592592592593
2 1.3697368421052631 0.95 0.09473684210526316 0.058333333333333334
2 0.9026315789473685 0.0 0.08289473684210526 0.03888888888888889
2 0.0 0.9148148148148149 0.038157894736842106 0.07407407407407407
1 0.3 1.6472222222222221 0.08289473684210526 0.08148148148148149
2 0.49605263157894736 0.7898148148148149 0.07105263157894737 0.09814814814814815
2 0.8026315789473685 1.8222222222222222 0.08289473684210526 0.04259259259259259
1 0.2578947368421053 0.225 0.06315789473684211 0.05462962962962963
2 0.6855263157894737 0.7824074074074074 0.04868421052631579 0.07037037037037037
2 1.8144736842105262 0.9111111111111111 0.04736842105263158 0.06944444444444445
2 1.8171052631578948 0.9768518518518519 0.04473684210526316 0.058333333333333334
1 1.4105263157894736 0.7703703703703704 0.06447368421052632 0.07407407407407407
2 0.0 0.8916666666666667 0.02763157894736842 0.08148148148148149
2 0.8223684210526315 0.9731481481481481 0.075 0.07777777777777778
2 0.3381578947368421 0.7861111111111111 0.05263157894736842 0.09351851851851851
2 0.10789473684210527 0.7666666666666667 0.04473684210526316 0.09722222222222222
1 1.5894736842105264 1.137037037037037 0.075 0.08888888888888889
1 1.568421052631579 1.1055555555555556 0.05 0.03888888888888889
2 0.003947368421052632 0.9462962962962963 0.09078947368421053 0.08518518518518518
1 0.0 1.0472222222222223 0.038157894736842106 0.062037037037037036
1 1.0118421052631579 1.775925925925926 0.05131578947368421 0.07777777777777778
1 0.5618421052631579 1.8064814814814816 0.06447368421052632 0.05462962962962963
1 0.6960526315789474 1.0435185185185185 0.05394736842105263 0.09351851851851851
1 0.5684210526315789 1.7444444444444445 0.06842105263157895 0.04259259259259259
1 1.138157894736842 0.45925925925925926 0.05 0.06574074074074074
1 1.6592105263157895 1.0787037037037037 0.04342105263157895 0.07777777777777778
1 1.0657894736842106 1.2185185185185186 0.04736842105263158 0.058333333333333334
2 0.8078947368421052 1.2064814814814815 0.11578947368421053 0.06296296296296296
