2 1.451086956521739 0.9185185185185185 0.08695652173913043 0.06759259259259259
2 1.2119565217391304 0.9 0.08152173913043478 0.09722222222222222
2 1.2540760869565217 0.9824074074074074 0.10461956521739131 0.06759259259259259
2 1.705163043478261 0.8546296296296296 0.08831521739130435 0.12777777777777777
2 0.0 0.8666666666666667 0.05434782608695652 0.08611111111111111
1 1.2771739130434783 1.7296296296296296 0.051630434782608696 0.06666666666666667
1 1.6861413043478262 1.211111111111111 0.059782608695652176 0.0824074074074074
2 1.7105978260869565 0.7796296296296297 0.07744565217391304 0.0824074074074074
2 0.009510869565217392 0.9638888888888889 0.0625 0.08981481481481482
1 0.0 1.1101851851851852 0.051630434782608696 0.0787037037037037
1 1.1915760869565217 1.7444444444444445 0.05298913043478261 0.05185185185185185
1 1.7282608695652173 1.4925925925925927 0.042119565217391304 0.09444444444444444
