1 1.1372282608695652 1.087962962962963 0.07744565217391304 0.06296296296296296
2 0.004076086956521739 0.8851851851851852 0.09239130434782608 0.10462962962962963
2 1.3858695652173914 1.7027777777777777 0.07744565217391304 0.08981481481481482
1 0.1358695652173913 1.0805555555555555 0.10054347826086957 0.05555555555555555
2 0.8247282608695652 0.9564814814814815 0.11277173913043478 0.0712962962962963
2 0.009510869565217392 0.8925925925925926 0.11141304347826086 0.11203703703703703
1 1.0951086956521738 1.0537037037037038 0.08423913043478261 0.049074074074074076
1 1.0951086956521738 1.0685185185185184 0.07201086956521739 0.049074074074074076
1 1.0 1.0425925925925925 0.09239130434782608 0.049074074074074076
1 1.7201086956521738 1.087962962962963 0.07065217391304347 0.10092592592592593
2 1.673913043478261 0.9 0.11684782608695653 0.10925925925925926
2 0.0 0.7796296296296297 0.10597826086956522 0.09444444444444444
1 0.1358695652173913 1.125 0.09510869565217392 0.06388888888888888
2 0.9850543478260869 0.7648148148148148 0.08423913043478261 0.0787037037037037
2 0.5652173913043478 0.8962962962962963 0.11005434782608696 0.08981481481481482
2 1.705163043478261 0.9453703703703704 0.08559782608695653 0.09351851851851851
1 1.1861413043478262 1.7101851851851853 0.08559782608695653 0.0824074074074074
