1 1.1 0.7787037037037037 0.05131578947368421 0.06944444444444445
2 0.6368421052631579 0.9888888888888889 0.075 0.10092592592592593
2 0.8171052631578948 0.007407407407407408 0.06315789473684211 0.07037037037037037
2 0.014473684210526316 1.6277777777777778 0.06710526315789474 0.07777777777777778
1 0.17763157894736842 1.5416666666666667 0.07236842105263158 0.10185185185185185
2 0.9526315789473684 1.7638888888888888 0.046052631578947366 0.08148148148148149
1 0.6473684210526316 0.8675925925925926 0.035526315789473684 0.06296296296296296
1 0.6828947368421052 0.8601851851851852 0.046052631578947366 0.07037037037037037
2 0.019736842105263157 0.9222222222222223 0.09605263157894736 0.10185185185185185
2 0.9776315789473684 0.9805555555555555 0.05789473684210526 0.08611111111111111
1 0.019736842105263157 1.1759259259259258 0.04473684210526316 0.062037037037037036
2 0.7447368421052631 0.0 0.1013157894736842 0.11203703703703703
2 0.0 0.9694444444444444 0.08421052631578947 0.09351851851851851
2 0.993421052631579 1.725 0.06447368421052632 0.06574074074074074
2 0.9131578947368421 1.6824074074074074 0.05 0.07407407407407407
2 0.9855263157894737 1.5185185185185186 0.05 0.07037037037037037
1 1.1026315789473684 1.3194444444444444 0.05394736842105263 0.0824074074074074
2 1.7736842105263158 0.8092592592592592 0.08289473684210526 0.08611111111111111
2 0.9131578947368421 1.712962962962963 0.05921052631578947 0.07777777777777778
2 0.8078947368421052 1.799074074074074 0.05394736842105263 0.06574074074074074
2 0.8144736842105263 1.7953703703703703 0.05526315789473684 0.06944444444444445
2 1.806578947368421 0.9925925925925926 0.05526315789473684 0.08611111111111111
2 0.8144736842105263 1.8148148148148149 0.05789473684210526 0.05
2 0.7657894736842106 1.6861111111111111 0.06710526315789474 0.10092592592592593
1 0.9526315789473684 0.0 0.04342105263157895 0.046296296296296294
2 0.0 0.7824074074074074 0.02236842105263158 0.062037037037037036
1 0.25526315789473686 1.2731481481481481 0.042105263157894736 0.05462962962962963
2 0.781578947368421 1.3083333333333333 0.06710526315789474 0.11666666666666667
1 0.4986842105263158 1.8148148148148149 0.06842105263157895 0.05
1 0.2894736842105263 1.2925925925925925 0.046052631578947366 0.05462962962962963
1 0.5894736842105263 1.8222222222222222 0.06710526315789474 0.04259259259259259
1 1.1236842105263158 1.1481481481481481 0.04868421052631579 0.07037037037037037
1 0.5763157894736842 0.7314814814814815 0.05789473684210526 0.06666666666666667
1 1.025 1.7638888888888888 0.04078947368421053 0.09351851851851851
2 0.038157894736842106 0.9574074074074074 0.06710526315789474 0.06666666666666667
