2 0.6059782608695652 0.825 0.12228260869565218 0.05648148148148148
2 1.1766304347826086 0.7648148148148148 0.13451086956521738 0.08611111111111111
1 0.02717391304347826 1.038888888888889 0.057065217391304345 0.05277777777777778
1 1.033967391304348 0.0 0.08831521739130435 0.04814814814814815
2 0.016304347826086956 0.937962962962963 0.13994565217391305 0.10462962962962963
2 0.001358695652173913 0.937962962962963 0.08967391304347826 0.0824074074074074
1 0.001358695652173913 1.087962962962963 0.04076086956521739 0.044444444444444446
1 0.5135869565217391 1.364814814814815 0.03260869565217391 0.04537037037037037
1 0.5054347826086957 1.3768518518518518 0.04076086956521739 0.05185185185185185
1 0.5203804347826086 1.4175925925925925 0.035326086956521736 0.05277777777777778
1 0.5461956521739131 1.5194444444444444 0.03940217391304348 0.05185185185185185
1 0.845108695652174 1.5907407407407408 0.04483695652173913 0.06296296296296296
1 0.6535326086956522 1.65 0.036684782608695655 0.06018518518518518
1 0.5434782608695652 1.3314814814814815 0.029891304347826088 0.04537037037037037
1 0.6725543478260869 1.4287037037037038 0.03260869565217391 0.05648148148148148
1 0.6453804347826086 1.4481481481481482 0.035326086956521736 0.05925925925925926
1 0.7581521739130435 1.6879629629629629 0.042119565217391304 0.05648148148148148
1 0.6752717391304348 1.3537037037037036 0.042119565217391304 0.049074074074074076
1 0.6875 1.3768518518518518 0.035326086956521736 0.04814814814814815
1 0.21195652173913043 0.9935185185185185 0.036684782608695655 0.04537037037037037
1 0.20108695652173914 1.113888888888889 0.03260869565217391 0.05648148148148148
1 0.0 1.087962962962963 0.042119565217391304 0.05185185185185185
1 0.9198369565217391 1.05 0.050271739130434784 0.06018518518518518
1 1.548913043478261 0.6638888888888889 0.08423913043478261 0.06759259259259259
1 1.6929347826086956 0.6675925925925926 0.08559782608695653 0.12314814814814815
2 1.705163043478261 0.7953703703703704 0.08288043478260869 0.12314814814814815
1 0.5461956521739131 1.3731481481481482 0.03940217391304348 0.06759259259259259
2 1.576086956521739 0.7388888888888889 0.14945652173913043 0.11574074074074074
