1 1.5706521739130435 1.1101851851851852 0.04755434782608696 0.05648148148148148
2 1.701086956521739 0.9712962962962963 0.09239130434782608 0.0787037037037037
2 1.763586956521739 0.9490740740740741 0.029891304347826088 0.0787037037037037
1 1.408967391304348 1.0425925925925925 0.08695652173913043 0.06018518518518518
1 0.5027173913043478 0.6787037037037037 0.08559782608695653 0.06759259259259259
2 0.004076086956521739 0.8027777777777778 0.10190217391304347 0.075
2 0.37907608695652173 0.7953703703703704 0.09918478260869565 0.06296296296296296
2 0.7350543478260869 0.9453703703703704 0.07744565217391304 0.0712962962962963
2 0.8804347826086957 0.8175925925925925 0.10461956521739131 0.0824074074074074
2 0.7255434782608695 0.7537037037037037 0.10461956521739131 0.0824074074074074
