1 0.0 1.087962962962963 0.04619565217391304 0.0712962962962963
2 0.0 0.850925925925926 0.05434782608695652 0.049074074074074076
2 1.716032608695652 0.9222222222222223 0.07472826086956522 0.06759259259259259
1 0.0 1.05 0.05434782608695652 0.08611111111111111
2 1.71875 0.9712962962962963 0.07201086956521739 0.06759259259259259
2 0.0 0.799074074074074 0.05434782608695652 0.08981481481481482
1 1.486413043478261 1.6018518518518519 0.08423913043478261 0.0712962962962963
2 0.9021739130434783 0.7537037037037037 0.07472826086956522 0.11296296296296296
2 1.1440217391304348 0.7833333333333333 0.08016304347826086 0.10925925925925926
2 0.0 0.799074074074074 0.051630434782608696 0.05925925925925926
2 1.3315217391304348 1.6092592592592592 0.10461956521739131 0.0712962962962963
