1 1.0842105263157895 1.2574074074074073 0.056578947368421055 0.05092592592592592
1 0.18026315789473685 1.537962962962963 0.08552631578947369 0.11666666666666667
1 0.6447368421052632 1.3583333333333334 0.06710526315789474 0.07037037037037037
1 0.006578947368421052 0.837037037037037 0.0881578947368421 0.08518518518518518
1 0.5092105263157894 0.8833333333333333 0.06447368421052632 0.09351851851851851
2 0.9394736842105263 0.9657407407407408 0.0881578947368421 0.08148148148148149
1 1.7815789473684212 0.9731481481481481 0.07763157894736843 0.1361111111111111
1 0.8052631578947368 1.098148148148148 0.05394736842105263 0.09722222222222222
1 0.37763157894736843 1.012037037037037 0.08289473684210526 0.07037037037037037
2 1.7763157894736843 0.9185185185185185 0.08289473684210526 0.07777777777777778
1 1.7855263157894736 0.7240740740740741 0.07631578947368421 0.07037037037037037
2 0.9855263157894737 0.36944444444444446 0.06710526315789474 0.06666666666666667
2 0.7710526315789473 1.7444444444444445 0.10921052631578948 0.058333333333333334
2 0.8644736842105263 1.7324074074074074 0.056578947368421055 0.07407407407407407
2 0.003947368421052632 0.7787037037037037 0.09078947368421053 0.05462962962962963
2 0.0 0.8212962962962963 0.08947368421052632 0.07037037037037037
2 1.4157894736842105 1.3120370370370371 0.08289473684210526 0.08611111111111111
1 1.0736842105263158 1.787037037037037 0.05789473684210526 0.07407407407407407
2 0.14473684210526316 0.9342592592592592 0.06710526315789474 0.07407407407407407
2 0.45789473684210524 1.0083333333333333 0.10657894736842105 0.07407407407407407
2 0.9157894736842105 1.2925925925925925 0.07763157894736843 0.06574074074074074
2 0.8052631578947368 1.1796296296296296 0.11842105263157894 0.10092592592592593
2 0.7973684210526316 0.12407407407407407 0.06710526315789474 0.10092592592592593
2 0.9052631578947369 0.7787037037037037 0.09868421052631579 0.07407407407407407
2 0.8 0.003703703703703704 0.04078947368421053 0.08888888888888889
1 0.5144736842105263 1.6703703703703703 0.06710526315789474 0.07037037037037037
1 0.23026315789473684 1.451851851851852 0.08552631578947369 0.10185185185185185
1 1.055263157894737 1.6972222222222222 0.04736842105263158 0.07037037037037037
1 1.0407894736842105 1.6435185185185186 0.06184210526315789 0.06944444444444445
1 0.5434210526315789 1.2064814814814815 0.05394736842105263 0.05462962962962963
