1 1.0842391304347827 1.0805555555555555 0.06793478260869565 0.05925925925925926
2 1.75 0.9527777777777777 0.043478260869565216 0.0712962962962963
2 1.4592391304347827 1.662037037037037 0.05434782608695652 0.05185185185185185
2 0.31929347826086957 0.9185185185185185 0.07880434782608696 0.06759259259259259
2 1.7133152173913044 0.7425925925925926 0.05434782608695652 0.0787037037037037
2 1.752717391304348 0.7314814814814815 0.03804347826086957 0.09722222222222222
1 0.6997282608695652 1.0648148148148149 0.0625 0.049074074074074076
1 0.717391304347826 1.0916666666666666 0.06521739130434782 0.04814814814814815
1 0.6304347826086957 1.0425925925925925 0.0625 0.05277777777777778
1 1.266304347826087 1.1064814814814814 0.05570652173913043 0.075
