1 0.0 1.087962962962963 0.036684782608695655 0.05925925925925926
2 0.012228260869565218 0.9 0.11684782608695653 0.09351851851851851
2 0.001358695652173913 0.9601851851851851 0.08967391304347826 0.08981481481481482
1 0.0 1.0462962962962963 0.03940217391304348 0.075
2 1.71875 0.8925925925925926 0.07472826086956522 0.09351851851851851
1 1.7432065217391304 0.6333333333333333 0.050271739130434784 0.09814814814814815
2 0.0 0.7759259259259259 0.059782608695652176 0.10185185185185185
2 1.7105978260869565 0.9148148148148149 0.08288043478260869 0.08981481481481482
2 0.0 0.7537037037037037 0.08423913043478261 0.10092592592592593
2 0.23369565217391305 0.7648148148148148 0.15489130434782608 0.11666666666666667
2 1.7404891304347827 0.9333333333333333 0.050271739130434784 0.09074074074074075
