1 1.0763157894736841 1.3046296296296296 0.05789473684210526 0.05
1 0.18026315789473685 1.537962962962963 0.08552631578947369 0.11666666666666667
1 0.5171052631578947 1.7907407407407407 0.06710526315789474 0.07037037037037037
1 0.006578947368421052 0.837037037037037 0.0881578947368421 0.08518518518518518
1 0.5092105263157894 0.8833333333333333 0.06447368421052632 0.09351851851851851
2 0.6723684210526316 0.9805555555555555 0.0881578947368421 0.0824074074074074
1 0.9184210526315789 0.9222222222222223 0.08026315789473684 0.13703703703703704
1 0.8052631578947368 1.098148148148148 0.05394736842105263 0.09722222222222222
1 0.656578947368421 1.2657407407407408 0.09078947368421053 0.06944444444444445
2 1.5657894736842106 0.9305555555555556 0.08289473684210526 0.07777777777777778
1 1.2736842105263158 0.762962962962963 0.075 0.07037037037037037
2 1.0605263157894738 0.8759259259259259 0.06578947368421052 0.07407407407407407
2 1.4671052631578947 0.8138888888888889 0.1118421052631579 0.06944444444444445
2 1.6131578947368421 0.8527777777777777 0.05394736842105263 0.08888888888888889
2 1.638157894736842 0.7944444444444444 0.10394736842105264 0.06944444444444445
2 1.6131578947368421 0.8564814814814815 0.09210526315789473 0.06574074074074074
2 0.9342105263157895 1.7712962962962964 0.08289473684210526 0.0824074074074074
1 1.0736842105263158 1.787037037037037 0.05789473684210526 0.07407407407407407
2 0.0013157894736842105 0.9305555555555556 0.06842105263157895 0.07407407407407407
2 0.02236842105263158 0.9805555555555555 0.10921052631578948 0.07407407407407407
2 0.9473684210526315 1.7953703703703703 0.08026315789473684 0.06574074074074074
2 0.02236842105263158 0.9694444444444444 0.11710526315789474 0.07407407407407407
2 0.7894736842105263 0.058333333333333334 0.06710526315789474 0.10092592592592593
2 1.6697368421052632 0.7898148148148149 0.09605263157894736 0.07407407407407407
2 0.8 0.003703703703703704 0.04078947368421053 0.08888888888888889
1 0.6394736842105263 1.098148148148148 0.06710526315789474 0.07407407407407407
1 0.23026315789473684 1.451851851851852 0.08552631578947369 0.10185185185185185
1 1.1644736842105263 1.6 0.04473684210526316 0.06296296296296296
1 1.0486842105263159 1.787037037037037 0.06184210526315789 0.07037037037037037
1 0.5197368421052632 1.7324074074074074 0.05394736842105263 0.05092592592592592
