2 0.7649456521739131 0.7611111111111111 0.07065217391304347 0.06759259259259259
2 1.7309782608695652 0.9601851851851851 0.0625 0.05648148148148148
2 0.0 0.8212962962962963 0.05434782608695652 0.06759259259259259
2 1.7404891304347827 0.7648148148148148 0.05298913043478261 0.0712962962962963
1 1.4144021739130435 1.0574074074074074 0.06114130434782609 0.041666666666666664
2 0.0 0.862037037037037 0.05434782608695652 0.09444444444444444
2 1.6983695652173914 0.7648148148148148 0.08695652173913043 0.06759259259259259
1 0.0 1.0537037037037038 0.04619565217391304 0.0712962962962963
2 0.024456521739130436 0.8925925925925926 0.07472826086956522 0.09351851851851851
2 1.7432065217391304 0.7759259259259259 0.050271739130434784 0.0712962962962963
1 1.423913043478261 1.0351851851851852 0.0625 0.037037037037037035
1 0.0 1.0648148148148149 0.042119565217391304 0.075
