1 1.1289473684210527 0.65 0.05131578947368421 0.07037037037037037
2 1.2236842105263157 0.9537037037037037 0.07763157894736843 0.10092592592592593
2 0.8302631578947368 0.3731481481481482 0.06184210526315789 0.07037037037037037
2 0.26842105263157895 1.5925925925925926 0.06710526315789474 0.07777777777777778
1 0.17763157894736842 1.5453703703703703 0.06710526315789474 0.09814814814814815
2 0.9526315789473684 1.7638888888888888 0.046052631578947366 0.08148148148148149
1 0.6697368421052632 0.7398148148148148 0.03684210526315789 0.062037037037037036
1 0.6986842105263158 0.7703703703703704 0.046052631578947366 0.07037037037037037
2 0.019736842105263157 0.9222222222222223 0.09605263157894736 0.10185185185185185
2 0.9776315789473684 0.6074074074074074 0.060526315789473685 0.08888888888888889
1 0.14473684210526316 1.2416666666666667 0.046052631578947366 0.06296296296296296
2 0.7447368421052631 0.0 0.1013157894736842 0.10833333333333334
2 0.5355263157894737 0.9962962962962963 0.0881578947368421 0.09351851851851851
2 0.9657894736842105 1.7564814814814815 0.05394736842105263 0.06574074074074074
2 0.9131578947368421 1.6824074074074074 0.05 0.07407407407407407
2 0.9855263157894737 1.5185185185185186 0.05 0.07037037037037037
1 1.1131578947368421 1.1953703703703704 0.056578947368421055 0.08148148148148149
2 1.7736842105263158 0.8092592592592592 0.08289473684210526 0.08611111111111111
2 0.9078947368421053 1.6388888888888888 0.060526315789473685 0.07777777777777778
2 0.8078947368421052 1.799074074074074 0.05394736842105263 0.06574074074074074
2 0.8144736842105263 1.7953703703703703 0.05526315789473684 0.06944444444444445
2 1.806578947368421 0.9925925925925926 0.05526315789473684 0.08611111111111111
2 0.8144736842105263 1.8148148148148149 0.05789473684210526 0.05
2 0.7578947368421053 1.8148148148148149 0.06447368421052632 0.05
1 0.9526315789473684 0.0 0.04342105263157895 0.046296296296296294
2 0.0 0.7824074074074074 0.02236842105263158 0.062037037037037036
1 0.225 1.1916666666666667 0.04078947368421053 0.05462962962962963
2 0.7526315789473684 1.8148148148148149 0.06710526315789474 0.05
1 0.4986842105263158 1.8148148148148149 0.06842105263157895 0.05
1 0.2710526315789474 1.1675925925925925 0.042105263157894736 0.08611111111111111
1 0.5894736842105263 1.8222222222222222 0.06710526315789474 0.04259259259259259
1 1.1828947368421052 1.0472222222222223 0.04868421052631579 0.07037037037037037
1 0.525 0.5953703703703703 0.056578947368421055 0.08611111111111111
1 1.0328947368421053 1.662962962962963 0.04342105263157895 0.09351851851851851
2 0.038157894736842106 0.9574074074074074 0.06710526315789474 0.06666666666666667
