2 1.7377717391304348 0.9453703703703704 0.05570652173913043 0.06759259259259259
2 0.04891304347826087 1.0351851851851852 0.005434782608695652 0.007407407407407408
2 0.021739130434782608 0.9037037037037037 0.06521739130434782 0.08981481481481482
2 0.009510869565217392 0.9 0.057065217391304345 0.06759259259259259
2 0.03940217391304348 0.9824074074074074 0.051630434782608696 0.06759259259259259
2 0.0 0.8212962962962963 0.042119565217391304 0.08611111111111111
1 1.7703804347826086 1.4101851851851852 0.02309782608695652 0.0824074074074074
1 0.3736413043478261 1.125 0.059782608695652176 0.06759259259259259
1 1.75 1.4851851851851852 0.03804347826086957 0.10185185185185185
2 0.001358695652173913 0.7537037037037037 0.05298913043478261 0.0824074074074074
2 0.0 0.7611111111111111 0.04483695652173913 0.0787037037037037
2 0.2418478260869565 0.7796296296296297 0.057065217391304345 0.08703703703703704
2 0.5625 0.7953703703703704 0.08559782608695653 0.0824074074074074
1 1.7486413043478262 0.6787037037037037 0.04483695652173913 0.075
1 0.8002717391304348 1.0462962962962963 0.051630434782608696 0.08611111111111111
