3 0.39697802197802196 1.363888888888889 0.09203296703296704 0.10462962962962963
3 0.3228021978021978 1.3703703703703705 0.07692307692307693 0.10185185185185185
3 0.25 1.3601851851851852 0.06318681318681318 0.10185185185185185
3 0.4945054945054945 1.5064814814814815 0.10302197802197802 0.09444444444444444
3 0.4258241758241758 1.5231481481481481 0.07005494505494506 0.08796296296296297
3 0.41895604395604397 1.5398148148148147 0.050824175824175824 0.06851851851851852
3 0.22252747252747251 1.5333333333333334 0.07692307692307693 0.08148148148148149
3 0.2857142857142857 1.5333333333333334 0.09065934065934066 0.075
1 1.5618131868131868 0.8546296296296296 0.061813186813186816 0.06111111111111111
1 0.385989010989011 0.8444444444444444 0.06318681318681318 0.05462962962962963
1 0.012362637362637362 0.8888888888888888 0.06318681318681318 0.05740740740740741
1 0.0 0.8277777777777777 0.03983516483516483 0.04722222222222222
1 1.4766483516483517 0.8379629629629629 0.059065934065934064 0.06759259259259259
1 1.1085164835164836 0.6916666666666667 0.059065934065934064 0.06759259259259259
1 0.7678571428571429 0.37962962962962965 0.050824175824175824 0.05740740740740741
1 1.0604395604395604 0.5425925925925926 0.0521978021978022 0.053703703703703705
1 1.0604395604395604 0.5453703703703704 0.04807692307692308 0.05092592592592592
2 1.3392857142857142 0.8379629629629629 0.050824175824175824 0.06388888888888888
1 0.2980769230769231 0.7185185185185186 0.05631868131868132 0.06481481481481481
3 0.8173076923076923 1.5537037037037038 0.13324175824175824 0.05462962962962963
3 0.8035714285714286 1.4759259259259259 0.1043956043956044 0.06111111111111111
3 0.17582417582417584 1.3703703703703705 0.07142857142857142 0.10555555555555556
3 0.0260989010989011 1.15 0.06318681318681318 0.10185185185185185
1 1.1854395604395604 0.8444444444444444 0.046703296703296704 0.06111111111111111
1 1.085164835164835 0.8851851851851852 0.0521978021978022 0.06759259259259259
1 0.6785714285714286 0.287962962962963 0.03708791208791209 0.08518518518518518
1 0.6222527472527473 0.30185185185185187 0.06318681318681318 0.05092592592592592
1 1.4986263736263736 0.7018518518518518 0.050824175824175824 0.08796296296296297
3 0.11675824175824176 1.136111111111111 0.10164835164835165 0.12222222222222222
3 0.3131868131868132 1.1092592592592592 0.07005494505494506 0.125
3 0.45604395604395603 1.1157407407407407 0.0782967032967033 0.11851851851851852
3 0.5618131868131868 1.112037037037037 0.08104395604395605 0.11574074074074074
3 0.7225274725274725 1.1055555555555556 0.09065934065934066 0.11203703703703703
3 0.8571428571428571 1.0916666666666666 0.07967032967032966 0.13240740740740742
3 0.9725274725274725 1.0888888888888888 0.08791208791208792 0.11851851851851852
3 1.0741758241758241 1.0851851851851853 0.08379120879120878 0.12222222222222222
3 1.1813186813186813 1.0916666666666666 0.07142857142857142 0.10185185185185185
3 1.3722527472527473 1.0648148148148149 0.07005494505494506 0.1361111111111111
3 1.4945054945054945 1.0518518518518518 0.07280219780219781 0.14166666666666666
3 0.9052197802197802 1.3194444444444444 0.08791208791208792 0.1259259259259259
