1 0.6364864864864865 0.987037037037037 0.06621621621621622 0.10185185185185185
1 1.2202702702702704 0.8712962962962963 0.07027027027027027 0.037037037037037035
1 1.1202702702702703 0.7509259259259259 0.05675675675675676 0.0787037037037037
1 0.2743243243243243 0.7842592592592592 0.07162162162162163 0.05648148148148148
1 1.1824324324324325 0.5777777777777777 0.0445945945945946 0.09444444444444444
1 1.3878378378378378 0.8037037037037037 0.03918918918918919 0.06296296296296296
1 1.3716216216216217 0.8333333333333334 0.04864864864864865 0.06759259259259259
1 0.0 0.562962962962963 0.03648648648648649 0.03333333333333333
1 0.0 0.5407407407407407 0.05675675675675676 0.037037037037037035
2 0.6635135135135135 1.7194444444444446 0.06486486486486487 0.0787037037037037
1 1.477027027027027 1.7083333333333333 0.07027027027027027 0.0824074074074074
1 1.4594594594594594 1.712037037037037 0.05945945945945946 0.0787037037037037
1 1.5364864864864864 0.8481481481481481 0.06486486486486487 0.06388888888888888
1 1.2351351351351352 0.8407407407407408 0.0445945945945946 0.06018518518518518
1 1.227027027027027 0.9009259259259259 0.060810810810810814 0.03796296296296296
1 0.7702702702702703 1.7157407407407408 0.05 0.075
