3 0.7137305699481865 1.413888888888889 0.05699481865284974 0.09907407407407408
3 0.10103626943005181 1.2648148148148148 0.12176165803108809 0.07592592592592592
1 1.150259067357513 0.48148148148148145 0.034974093264248704 0.05277777777777778
1 1.1152849740932642 0.5074074074074074 0.03756476683937824 0.053703703703703705
1 0.2759067357512953 1.0046296296296295 0.04922279792746114 0.06481481481481481
3 0.12435233160621761 1.1268518518518518 0.07124352331606218 0.11481481481481481
2 1.6554404145077721 0.9055555555555556 0.03756476683937824 0.05277777777777778
2 1.6152849740932642 0.8703703703703703 0.042746113989637305 0.053703703703703705
3 0.023316062176165803 1.137962962962963 0.08678756476683938 0.1111111111111111
3 0.6787564766839378 1.5546296296296296 0.11010362694300518 0.07314814814814814
3 0.6593264248704663 1.6388888888888888 0.13471502590673576 0.09537037037037037
1 1.4313471502590673 0.9851851851851852 0.034974093264248704 0.05
3 0.5233160621761658 1.1231481481481482 0.10362694300518134 0.11851851851851852
3 0.6528497409326425 1.1157407407407407 0.08419689119170984 0.10648148148148148
3 0.7448186528497409 1.1231481481481482 0.06606217616580311 0.12222222222222222
3 0.8678756476683938 1.1231481481481482 0.06735751295336788 0.10648148148148148
3 0.9494818652849741 1.137962962962963 0.07383419689119171 0.11481481481481481
3 1.077720207253886 1.1194444444444445 0.07512953367875648 0.1259259259259259
3 1.1696891191709844 1.0925925925925926 0.07253886010362694 0.1527777777777778
3 1.305699481865285 1.1111111111111112 0.07383419689119171 0.13055555555555556
3 1.400259067357513 1.1194444444444445 0.07383419689119171 0.11851851851851852
3 1.5518134715025906 1.1268518518518518 0.05829015544041451 0.11481481481481481
3 1.6243523316062176 1.1268518518518518 0.05699481865284974 0.1111111111111111
3 0.7849740932642487 1.3981481481481481 0.06865284974093264 0.10740740740740741
3 0.9261658031088082 1.387037037037037 0.08290155440414508 0.12222222222222222
3 1.0272020725388602 1.3981481481481481 0.054404145077720206 0.10740740740740741
3 1.0984455958549222 1.3981481481481481 0.06088082901554404 0.11481481481481481
3 1.1735751295336787 1.3601851851851852 0.06606217616580311 0.1638888888888889
3 0.3134715025906736 1.3907407407407408 0.07772020725388601 0.11851851851851852
3 0.23056994818652848 1.401851851851852 0.08937823834196891 0.11481481481481481
3 0.1567357512953368 1.3944444444444444 0.07901554404145078 0.1259259259259259
3 0.07901554404145078 1.3907407407407408 0.07383419689119171 0.13333333333333333
3 1.2590673575129534 1.375 0.06606217616580311 0.14537037037037037
3 0.009067357512953367 1.3944444444444444 0.06347150259067358 0.12222222222222222
