1 0.9706703910614525 0.9361111111111111 0.03212290502793296 0.040740740740740744
1 0.25837988826815644 0.8851851851851852 0.03770949720670391 0.03425925925925926
1 0.7360335195530726 0.850925925925926 0.03212290502793296 0.05092592592592592
1 0.30446927374301674 0.8888888888888888 0.05307262569832402 0.04722222222222222
1 1.3491620111731844 0.8546296296296296 0.03212290502793296 0.04722222222222222
1 0.5642458100558659 1.5703703703703704 0.046089385474860335 0.04814814814814815
1 0.5893854748603352 0.5694444444444444 0.04329608938547486 0.044444444444444446
1 1.6201117318435754 0.8611111111111112 0.030726256983240222 0.058333333333333334
1 1.2402234636871508 0.7833333333333333 0.03770949720670391 0.05740740740740741
1 1.23463687150838 0.8481481481481481 0.03770949720670391 0.030555555555555555
1 0.2569832402234637 0.9018518518518519 0.04748603351955307 0.03425925925925926
1 0.29748603351955305 0.9259259259259259 0.05307262569832402 0.037037037037037035
1 1.1452513966480447 0.8814814814814815 0.046089385474860335 0.044444444444444446
1 1.1312849162011174 0.9092592592592592 0.034916201117318434 0.040740740740740744
1 0.14385474860335196 1.3907407407407408 0.046089385474860335 0.044444444444444446
1 0.051675977653631286 0.8444444444444444 0.034916201117318434 0.04722222222222222
1 0.051675977653631286 0.8074074074074075 0.03770949720670391 0.05092592592592592
1 1.4092178770949721 0.7898148148148149 0.023743016759776536 0.058333333333333334
1 1.4162011173184357 0.899074074074074 0.030726256983240222 0.037037037037037035
1 1.48463687150838 0.8611111111111112 0.03910614525139665 0.044444444444444446
1 0.25837988826815644 1.5944444444444446 0.03212290502793296 0.026851851851851852
1 0.3645251396648045 1.587962962962963 0.034916201117318434 0.037037037037037035
1 0.42877094972067037 1.1194444444444445 0.034916201117318434 0.05740740740740741
1 0.49022346368715086 1.5638888888888889 0.03212290502793296 0.05740740740740741
2 0.1787709497206704 1.4351851851851851 0.040502793296089384 0.040740740740740744
1 0.35335195530726254 1.55 0.03910614525139665 0.05092592592592592
1 0.32122905027932963 1.5703703703703704 0.03910614525139665 0.03796296296296296
1 0.05726256983240224 0.7935185185185185 0.046089385474860335 0.05462962962962963
1 1.5223463687150838 0.9564814814814815 0.040502793296089384 0.06481481481481481
1 0.015363128491620111 1.3435185185185186 0.025139664804469275 0.04351851851851852
1 0.04329608938547486 0.38981481481481484 0.025139664804469275 0.06111111111111111
1 0.5963687150837989 0.7870370370370371 0.036312849162011177 0.04722222222222222
1 0.6061452513966481 0.8203703703703704 0.0335195530726257 0.044444444444444446
1 0.770949720670391 0.7796296296296297 0.046089385474860335 0.06851851851851852
1 0.8393854748603352 0.7972222222222223 0.034916201117318434 0.05740740740740741
1 1.2486033519553073 0.8101851851851852 0.03212290502793296 0.05462962962962963
1 1.6075418994413408 0.7666666666666667 0.0335195530726257 0.06111111111111111
2 0.0 1.3703703703703705 0.04329608938547486 0.06111111111111111
