6 1.261173184357542 0.9574074074074074 0.14106145251396648 0.0824074074074074
1 1.6215083798882681 0.825925925925926 0.04748603351955307 0.06018518518518518
1 0.24441340782122906 0.9425925925925925 0.03910614525139665 0.040740740740740744
1 0.22346368715083798 0.8972222222222223 0.0670391061452514 0.05277777777777778
1 0.5223463687150838 0.8555555555555555 0.06284916201117319 0.06759259259259259
1 0.07960893854748603 0.9388888888888889 0.0824022346368715 0.10092592592592593
3 0.22905027932960895 1.0925925925925926 0.164804469273743 0.18055555555555555
1 0.6312849162011173 0.8037037037037037 0.06983240223463687 0.08611111111111111
2 0.9846368715083799 0.8222222222222222 0.06005586592178771 0.075
1 1.405027932960894 0.8861111111111111 0.06983240223463687 0.08981481481481482
1 1.4022346368715084 0.8555555555555555 0.0670391061452514 0.09814814814814815
1 1.6270949720670391 0.7435185185185185 0.07541899441340782 0.0787037037037037
1 0.4762569832402235 0.6685185185185185 0.07541899441340782 0.13518518518518519
1 0.12849162011173185 0.7435185185185185 0.08798882681564246 0.09722222222222222
1 1.005586592178771 1.0925925925925926 0.05865921787709497 0.09351851851851851
1 1.1787709497206704 0.799074074074074 0.040502793296089384 0.07222222222222222
3 0.11592178770949721 1.3324074074074075 0.12290502793296089 0.21481481481481482
3 0.027932960893854747 1.3703703703703705 0.11312849162011174 0.1537037037037037
3 0.012569832402234637 1.1111111111111112 0.11592178770949721 0.12407407407407407
3 0.09776536312849161 1.1 0.1340782122905028 0.1574074074074074
3 0.5670391061452514 1.1111111111111112 0.0824022346368715 0.10555555555555556
3 0.6522346368715084 1.1074074074074074 0.0824022346368715 0.15
