1 1.1480446927374302 0.9768518518518519 0.05726256983240224 0.075
1 1.2458100558659218 0.875 0.05865921787709497 0.06111111111111111
1 0.952513966480447 0.8240740740740741 0.04748603351955307 0.044444444444444446
1 0.9483240223463687 0.8481481481481481 0.036312849162011177 0.04722222222222222
1 0.8268156424581006 0.8203703703703704 0.051675977653631286 0.058333333333333334
1 0.8128491620111732 0.8648148148148148 0.05726256983240224 0.04722222222222222
1 0.8142458100558659 0.7796296296296297 0.05726256983240224 0.04814814814814815
1 1.170391061452514 0.7592592592592593 0.0670391061452514 0.0712962962962963
1 0.8603351955307262 0.8611111111111112 0.055865921787709494 0.075
1 0.4511173184357542 0.8138888888888889 0.06983240223463687 0.07777777777777778
1 0.0335195530726257 0.32222222222222224 0.03910614525139665 0.06388888888888888
1 0.05726256983240224 1.2583333333333333 0.04748603351955307 0.06481481481481481
1 0.02653631284916201 0.053703703703703705 0.05726256983240224 0.08148148148148149
1 0.6606145251396648 0.8611111111111112 0.04329608938547486 0.06111111111111111
1 0.6787709497206704 0.7972222222222223 0.05726256983240224 0.053703703703703705
1 0.6717877094972067 0.8277777777777777 0.06284916201117319 0.04351851851851852
1 0.8240223463687151 0.8851851851851852 0.046089385474860335 0.040740740740740744
1 0.8784916201117319 0.8916666666666667 0.04189944134078212 0.05092592592592592
1 0.276536312849162 0.8379629629629629 0.06284916201117319 0.053703703703703705
1 0.28631284916201116 0.8814814814814815 0.046089385474860335 0.05092592592592592
1 0.32122905027932963 1.5166666666666666 0.0335195530726257 0.053703703703703705
1 0.0 0.5731481481481482 0.029329608938547486 0.05740740740740741
1 0.004189944134078212 0.7870370370370371 0.029329608938547486 0.053703703703703705
1 0.004189944134078212 0.8407407407407408 0.03212290502793296 0.044444444444444446
1 0.0 0.7935185185185185 0.02653631284916201 0.044444444444444446
1 1.1689944134078212 0.762962962962963 0.029329608938547486 0.04722222222222222
1 0.6843575418994413 0.8037037037037037 0.03910614525139665 0.05462962962962963
1 1.0977653631284916 0.7157407407407408 0.0335195530726257 0.0712962962962963
2 0.35335195530726254 1.5907407407407408 0.05027932960893855 0.030555555555555555
