3 0.26955307262569833 1.1111111111111112 0.12430167597765363 0.13148148148148148
1 1.3282122905027933 0.9305555555555556 0.04329608938547486 0.049074074074074076
1 0.25 0.9388888888888889 0.05865921787709497 0.04814814814814815
1 0.23184357541899442 0.9120370370370371 0.061452513966480445 0.06759259259259259
1 0.22905027932960895 0.8185185185185185 0.05865921787709497 0.06388888888888888
1 1.5810055865921788 0.7509259259259259 0.040502793296089384 0.06018518518518518
1 0.12011173184357542 0.7546296296296297 0.06564245810055866 0.06759259259259259
1 1.675977653631285 0.8518518518518519 0.05726256983240224 0.0787037037037037
1 0.0670391061452514 0.8481481481481481 0.05307262569832402 0.049074074074074076
1 0.11033519553072625 0.8333333333333334 0.030726256983240222 0.05277777777777778
1 0.12569832402234637 0.8666666666666667 0.051675977653631286 0.06851851851851852
1 0.22346368715083798 0.9611111111111111 0.05726256983240224 0.06759259259259259
1 0.019553072625698324 0.9009259259259259 0.051675977653631286 0.0712962962962963
1 1.1787709497206704 0.8666666666666667 0.051675977653631286 0.049074074074074076
1 1.6689944134078212 0.8074074074074075 0.04888268156424581 0.0824074074074074
1 1.6843575418994414 0.8074074074074075 0.04888268156424581 0.075
6 1.2835195530726258 0.9611111111111111 0.1005586592178771 0.049074074074074076
3 0.01675977653631285 1.1111111111111112 0.09078212290502793 0.14629629629629629
3 0.12011173184357542 1.1 0.09636871508379888 0.1574074074074074
3 0.5516759776536313 1.0814814814814815 0.08519553072625698 0.13518518518518519
3 0.6438547486033519 1.0777777777777777 0.09916201117318436 0.1574074074074074
3 0.046089385474860335 1.385185185185185 0.0824022346368715 0.11666666666666667
3 0.13547486033519554 1.3888888888888888 0.08798882681564246 0.12407407407407407
1 1.2039106145251397 0.8333333333333334 0.036312849162011177 0.06018518518518518
1 0.08379888268156424 0.8712962962962963 0.0446927374301676 0.06759259259259259
1 0.23184357541899442 0.8898148148148148 0.055865921787709494 0.06759259259259259
3 0.20810055865921787 1.6787037037037038 0.07262569832402235 0.075
