1 0.0 0.8074074074074075 0.061452513966480445 0.0787037037037037
3 0.025139664804469275 1.3777777777777778 0.11033519553072625 0.12037037037037036
3 0.009776536312849162 1.1222222222222222 0.11312849162011174 0.1425925925925926
3 0.12011173184357542 1.1037037037037036 0.11871508379888268 0.14629629629629629
3 0.5391061452513967 1.0962962962962963 0.10474860335195531 0.13518518518518519
3 0.6410614525139665 1.0962962962962963 0.10335195530726257 0.1388888888888889
3 0.13128491620111732 1.3888888888888888 0.10474860335195531 0.12407407407407407
3 0.25 1.0962962962962963 0.15223463687150837 0.1648148148148148
3 1.4720670391061452 1.6555555555555554 0.13966480446927373 0.1388888888888889
3 1.2583798882681565 0.9462962962962963 0.12849162011173185 0.08611111111111111
1 1.8058659217877095 0.8222222222222222 0.046089385474860335 0.0787037037037037
1 0.0 0.8666666666666667 0.04329608938547486 0.06388888888888888
1 0.0 0.8518518518518519 0.05307262569832402 0.05277777777777778
1 0.0 0.825925925925926 0.05307262569832402 0.049074074074074076
1 0.0 0.8555555555555555 0.046089385474860335 0.049074074074074076
1 1.818435754189944 0.27037037037037037 0.036312849162011177 0.09351851851851851
1 1.812849162011173 0.8407407407407408 0.03910614525139665 0.075
1 0.2779329608938548 0.8074074074074075 0.061452513966480445 0.0787037037037037
2 1.4748603351955307 0.8898148148148148 0.05726256983240224 0.0787037037037037
1 1.0642458100558658 0.9083333333333333 0.08798882681564246 0.0787037037037037
1 1.3770949720670391 0.8037037037037037 0.046089385474860335 0.09351851851851851
1 1.738826815642458 0.9305555555555556 0.07681564245810056 0.07222222222222222
1 1.7639664804469273 1.2731481481481481 0.05726256983240224 0.0787037037037037
1 1.812849162011173 0.5592592592592592 0.03910614525139665 0.0824074074074074
1 0.5027932960893855 0.7916666666666666 0.0712290502793296 0.0712962962962963
1 0.055865921787709494 0.7472222222222222 0.0782122905027933 0.0787037037037037
1 1.356145251396648 0.8666666666666667 0.0782122905027933 0.07962962962962963
1 0.5460893854748603 0.9296296296296296 0.03212290502793296 0.040740740740740744
1 0.012569832402234637 0.9055555555555556 0.03770949720670391 0.03425925925925926
1 0.31145251396648044 0.8481481481481481 0.03212290502793296 0.05092592592592592
1 0.061452513966480445 0.8953703703703704 0.05307262569832402 0.04722222222222222
1 1.5363128491620113 0.9092592592592592 0.03212290502793296 0.04722222222222222
1 0.696927374301676 1.5537037037037038 0.04888268156424581 0.05462962962962963
1 0.8379888268156425 0.7796296296296297 0.046089385474860335 0.05092592592592592
1 1.6201117318435754 0.8611111111111112 0.030726256983240222 0.058333333333333334
1 1.202513966480447 0.8175925925925925 0.023743016759776536 0.023148148148148147
1 1.1983240223463687 0.8444444444444444 0.036312849162011177 0.030555555555555555
1 0.012569832402234637 0.9157407407407407 0.04888268156424581 0.03425925925925926
1 0.05446927374301676 0.9296296296296296 0.05307262569832402 0.037037037037037035
1 1.2667597765363128 0.8685185185185185 0.018156424581005588 0.037037037037037035
1 1.2625698324022345 0.8953703703703704 0.018156424581005588 0.037037037037037035
1 0.25837988826815644 1.4453703703703704 0.04888268156424581 0.04351851851851852
1 0.08659217877094973 0.850925925925926 0.036312849162011177 0.04814814814814815
1 0.0893854748603352 0.8101851851851852 0.036312849162011177 0.05092592592592592
1 1.2486033519553073 0.7833333333333333 0.027932960893854747 0.05740740740740741
1 1.3226256983240223 0.8953703703703704 0.029329608938547486 0.037037037037037035
1 1.425977653631285 0.8611111111111112 0.03910614525139665 0.044444444444444446
1 0.24720670391061453 1.5777777777777777 0.03212290502793296 0.03333333333333333
1 0.3324022346368715 1.5675925925925926 0.034916201117318434 0.04351851851851852
1 0.3435754189944134 1.0888888888888888 0.034916201117318434 0.05740740740740741
1 0.49022346368715086 1.5638888888888889 0.03212290502793296 0.05740740740740741
2 0.025139664804469275 1.3157407407407407 0.040502793296089384 0.04814814814814815
1 0.04748603351955307 1.3601851851851852 0.04189944134078212 0.05092592592592592
1 0.12569832402234637 1.4583333333333333 0.03910614525139665 0.04814814814814815
1 0.3784916201117318 0.8138888888888889 0.046089385474860335 0.05462962962962963
1 1.3519553072625698 1.0620370370370371 0.04888268156424581 0.06388888888888888
1 0.015363128491620111 1.3435185185185186 0.025139664804469275 0.04351851851851852
1 0.015363128491620111 0.06018518518518518 0.025139664804469275 0.06111111111111111
1 0.8324022346368715 0.8305555555555556 0.023743016759776536 0.027777777777777776
1 0.8310055865921788 0.8648148148148148 0.0335195530726257 0.044444444444444446
1 0.9986033519553073 0.7833333333333333 0.046089385474860335 0.06759259259259259
1 0.8393854748603352 0.7972222222222223 0.034916201117318434 0.05740740740740741
1 1.3435754189944134 0.8342592592592593 0.0335195530726257 0.026851851851851852
1 1.6075418994413408 0.7666666666666667 0.0335195530726257 0.06111111111111111
2 0.0013966480446927375 1.3768518518518518 0.04888268156424581 0.06111111111111111
