1 0.25125628140703515 1.0324074074074074 0.05025125628140704 0.0712962962962963
1 0.75 1.4638888888888888 0.02512562814070352 0.07222222222222222
1 0.3417085427135678 1.4194444444444445 0.038944723618090454 0.06018518518518518
1 0.026381909547738693 0.9120370370370371 0.035175879396984924 0.08611111111111111
1 1.678391959798995 0.7768518518518519 0.035175879396984924 0.06388888888888888
1 0.7324120603015075 1.4833333333333334 0.02763819095477387 0.06388888888888888
1 1.1243718592964824 1.7342592592592592 0.05025125628140704 0.06018518518518518
1 1.0175879396984924 0.4388888888888889 0.02763819095477387 0.04537037037037037
1 0.0 0.7509259259259259 0.03391959798994975 0.06018518518518518
1 0.9949748743718593 0.4648148148148148 0.032663316582914576 0.049074074074074076
2 1.7135678391959799 0.799074074074074 0.06030150753768844 0.07592592592592592
1 0.8027638190954773 0.7768518518518519 0.04020100502512563 0.06388888888888888
1 1.4120603015075377 0.637962962962963 0.0364321608040201 0.06388888888888888
