1 1.2946927374301676 0.8342592592592593 0.05726256983240224 0.06481481481481481
1 1.2122905027932962 0.9259259259259259 0.0335195530726257 0.040740740740740744
1 1.6256983240223464 0.8379629629629629 0.025139664804469275 0.06759259259259259
1 1.6256983240223464 0.899074074074074 0.025139664804469275 0.0712962962962963
1 1.600558659217877 0.8 0.02653631284916201 0.06481481481481481
1 0.4748603351955307 0.875 0.03212290502793296 0.037037037037037035
1 0.952513966480447 0.8138888888888889 0.04329608938547486 0.044444444444444446
1 0.5223463687150838 0.8916666666666667 0.0446927374301676 0.040740740740740744
1 1.2122905027932962 0.8583333333333333 0.036312849162011177 0.04722222222222222
1 0.00558659217877095 0.5898148148148148 0.05865921787709497 0.0712962962962963
1 0.4399441340782123 1.55 0.05027932960893855 0.04814814814814815
1 0.38268156424581007 0.47129629629629627 0.04189944134078212 0.05740740740740741
1 1.5293296089385475 0.850925925925926 0.03212290502793296 0.06111111111111111
1 1.202513966480447 0.7833333333333333 0.04189944134078212 0.05462962962962963
1 1.202513966480447 0.8481481481481481 0.03910614525139665 0.040740740740740744
1 0.4748603351955307 0.899074074074074 0.034916201117318434 0.040740740740740744
1 0.5279329608938548 0.9194444444444444 0.03910614525139665 0.037037037037037035
1 0.9986033519553073 0.8546296296296296 0.046089385474860335 0.04722222222222222
1 0.994413407821229 0.8953703703703704 0.0335195530726257 0.044444444444444446
1 0.14804469273743018 1.4555555555555555 0.034916201117318434 0.053703703703703705
1 0.0223463687150838 0.5324074074074074 0.029329608938547486 0.05740740740740741
1 0.4134078212290503 0.7731481481481481 0.03212290502793296 0.05092592592592592
1 0.4134078212290503 0.8037037037037037 0.0335195530726257 0.044444444444444446
1 0.5782122905027933 0.7870370370370371 0.036312849162011177 0.053703703703703705
1 0.9678770949720671 0.7833333333333333 0.034916201117318434 0.05092592592592592
1 1.2094972067039107 0.8175925925925925 0.034916201117318434 0.053703703703703705
1 1.5656424581005586 0.7490740740740741 0.034916201117318434 0.06481481481481481
2 0.14804469273743018 1.4861111111111112 0.051675977653631286 0.0712962962962963
