3 0.9972972972972973 1.5231481481481481 0.06486486486486487 0.08148148148148149
3 1.0594594594594595 1.5537037037037038 0.052702702702702706 0.05740740740740741
3 0.24324324324324326 1.0916666666666666 0.06756756756756757 0.08148148148148149
3 0.17027027027027028 1.099074074074074 0.04594594594594595 0.08148148148148149
3 0.03783783783783784 1.099074074074074 0.060810810810810814 0.08148148148148149
1 0.8554054054054054 1.173148148148148 0.0445945945945946 0.05462962962962963
1 0.22837837837837838 0.850925925925926 0.04054054054054054 0.044444444444444446
1 0.3554054054054054 0.8444444444444444 0.0445945945945946 0.04722222222222222
1 0.7581081081081081 0.9055555555555556 0.03648648648648649 0.037037037037037035
1 1.3297297297297297 0.7361111111111112 0.03648648648648649 0.04722222222222222
1 1.5513513513513513 0.3425925925925926 0.033783783783783786 0.04722222222222222
1 1.4648648648648648 0.5898148148148148 0.033783783783783786 0.05092592592592592
1 1.0445945945945947 0.9296296296296296 0.0445945945945946 0.04722222222222222
1 1.1364864864864865 0.9120370370370371 0.024324324324324326 0.04814814814814815
1 1.1337837837837839 0.9398148148148148 0.033783783783783786 0.030555555555555555
1 1.6283783783783783 0.8037037037037037 0.033783783783783786 0.04722222222222222
1 0.9459459459459459 1.1601851851851852 0.051351351351351354 0.07407407407407407
1 0.7513513513513513 0.9703703703703703 0.04594594594594595 0.04722222222222222
1 0.9675675675675676 0.6777777777777778 0.0445945945945946 0.04814814814814815
1 1.095945945945946 0.675 0.04054054054054054 0.04722222222222222
1 0.7513513513513513 0.8916666666666667 0.033783783783783786 0.03425925925925926
2 1.695945945945946 1.5398148148148147 0.033783783783783786 0.04814814814814815
1 1.6864864864864866 1.4657407407407408 0.033783783783783786 0.04722222222222222
1 1.0716216216216217 0.6981481481481482 0.02702702702702703 0.03796296296296296
1 1.1175675675675676 0.6851851851851852 0.03648648648648649 0.04722222222222222
1 1.095945945945946 0.6981481481481482 0.02837837837837838 0.030555555555555555
1 1.0716216216216217 0.7694444444444445 0.033783783783783786 0.04814814814814815
1 1.0337837837837838 0.03981481481481482 0.04054054054054054 0.04814814814814815
1 1.322972972972973 0.0 0.03513513513513514 0.04722222222222222
2 0.0 0.8379629629629629 0.0445945945945946 0.05740740740740741
1 1.4283783783783783 0.9805555555555555 0.04054054054054054 0.053703703703703705
3 1.022972972972973 1.3944444444444444 0.12567567567567567 0.22685185185185186
1 1.1324324324324324 0.9527777777777777 0.03513513513513514 0.044444444444444446
1 1.5391891891891891 0.8305555555555556 0.03648648648648649 0.04814814814814815
1 1.5391891891891891 0.8138888888888889 0.03918918918918919 0.040740740740740744
1 1.6135135135135135 1.3564814814814814 0.03648648648648649 0.04814814814814815
