3 0.11269430051813471 1.0731481481481482 0.09844559585492228 0.1685185185185185
1 0.0012953367875647669 0.9629629629629629 0.07124352331606218 0.041666666666666664
3 0.5038860103626943 1.0805555555555555 0.13471502590673576 0.19537037037037036
3 0.6502590673575129 1.0925925925925926 0.07772020725388601 0.17222222222222222
3 0.7253886010362695 1.1111111111111112 0.09715025906735751 0.1537037037037037
3 0.8601036269430051 1.1157407407407407 0.08290155440414508 0.12962962962962962
3 0.9404145077720207 1.1111111111111112 0.09196891191709844 0.1537037037037037
3 1.0699481865284974 1.1111111111111112 0.08290155440414508 0.12314814814814815
3 1.1619170984455958 1.1 0.08937823834196891 0.14166666666666666
3 1.288860103626943 1.1074074074074074 0.09326424870466321 0.14166666666666666
3 1.3976683937823835 1.1194444444444445 0.07383419689119171 0.12962962962962962
3 1.5272020725388602 1.1037037037037036 0.07772020725388601 0.14166666666666666
3 1.621761658031088 1.0962962962962963 0.06217616580310881 0.16018518518518518
3 0.7616580310880829 1.3907407407407408 0.10103626943005181 0.12962962962962962
3 0.9119170984455959 1.3675925925925927 0.08808290155440414 0.14537037037037037
3 1.0129533678756477 1.3712962962962962 0.07901554404145078 0.12222222222222222
3 1.089378238341969 1.375 0.06994818652849741 0.14907407407407408
3 1.1696891191709844 1.3601851851851852 0.06735751295336788 0.16018518518518518
3 0.31476683937823835 1.3712962962962962 0.06865284974093264 0.1527777777777778
3 0.23704663212435234 1.3981481481481481 0.07642487046632124 0.1259259259259259
3 0.15025906735751296 1.3981481481481481 0.08937823834196891 0.1111111111111111
3 0.08160621761658031 1.3833333333333333 0.06865284974093264 0.14074074074074075
3 0.6619170984455959 1.5620370370370371 0.12953367875647667 0.062037037037037036
3 0.655440414507772 1.6388888888888888 0.13860103626943004 0.09907407407407408
1 0.0012953367875647669 0.9851851851851852 0.07124352331606218 0.07314814814814814
1 0.0012953367875647669 0.9851851851851852 0.054404145077720206 0.03425925925925926
3 1.2370466321243523 1.375 0.08549222797927461 0.15648148148148147
3 0.018134715025906734 1.3944444444444444 0.05958549222797927 0.11851851851851852
3 0.5349740932642487 1.673148148148148 0.12953367875647667 0.1259259259259259
3 0.7098445595854922 1.3712962962962962 0.06347150259067358 0.18333333333333332
1 1.0660621761658031 0.36666666666666664 0.05310880829015544 0.06851851851851852
3 0.009067357512953367 1.0620370370370371 0.09455958549222798 0.19444444444444445
