1 0.20603015075376885 0.5925925925925926 0.04020100502512563 0.04537037037037037
1 0.2135678391959799 0.49166666666666664 0.03768844221105527 0.049074074074074076
1 1.0 1.675 0.05025125628140704 0.0712962962962963
1 0.3341708542713568 0.022222222222222223 0.03391959798994975 0.06388888888888888
1 0.1670854271356784 0.9722222222222222 0.0364321608040201 0.08981481481481482
1 0.0 0.7398148148148148 0.013819095477386936 0.05555555555555555
1 1.7763819095477387 0.8074074074074075 0.017587939698492462 0.04814814814814815
1 1.7663316582914572 0.7916666666666666 0.02763819095477387 0.05277777777777778
1 0.1670854271356784 0.9537037037037037 0.0414572864321608 0.06018518518518518
1 0.992462311557789 0.875 0.06030150753768844 0.06759259259259259
1 1.4535175879396984 0.7657407407407407 0.02763819095477387 0.06018518518518518
1 0.49874371859296485 0.5962962962962963 0.0414572864321608 0.05648148148148148
1 0.43090452261306533 0.0 0.035175879396984924 0.04814814814814815
1 0.0 0.799074074074074 0.038944723618090454 0.06388888888888888
1 1.4020100502512562 0.9231481481481482 0.05402010050251256 0.06759259259259259
1 0.6407035175879398 0.5481481481481482 0.04020100502512563 0.0787037037037037
1 0.4434673366834171 0.11574074074074074 0.03768844221105527 0.05277777777777778
1 1.7537688442211055 0.7916666666666666 0.03768844221105527 0.049074074074074076
1 1.7663316582914572 0.787962962962963 0.02763819095477387 0.049074074074074076
1 1.7462311557788945 0.7916666666666666 0.04522613065326633 0.06388888888888888
1 0.001256281407035176 0.9462962962962963 0.02763819095477387 0.05185185185185185
1 0.001256281407035176 0.8935185185185185 0.02512562814070352 0.05277777777777778
