1 1.7688442211055277 0.9231481481481482 0.02512562814070352 0.05648148148148148
1 0.228643216080402 0.7435185185185185 0.04522613065326633 0.06018518518518518
2 0.0 0.8592592592592593 0.026381909547738693 0.06388888888888888
1 0.0 0.8185185185185185 0.02135678391959799 0.0712962962962963
1 0.6859296482412061 0.25092592592592594 0.0414572864321608 0.049074074074074076
1 1.1243718592964824 0.7055555555555556 0.03015075376884422 0.06759259259259259
2 0.9422110552763819 1.5916666666666666 0.05025125628140704 0.075
1 1.7738693467336684 0.5407407407407407 0.020100502512562814 0.05555555555555555
1 1.614321608040201 1.5953703703703703 0.0414572864321608 0.05648148148148148
1 1.650753768844221 1.6185185185185185 0.04020100502512563 0.05277777777777778
1 1.60678391959799 1.6592592592592592 0.0414572864321608 0.05277777777777778
1 0.3341708542713568 0.0 0.04648241206030151 0.05185185185185185
1 0.5829145728643216 0.8296296296296296 0.03768844221105527 0.049074074074074076
1 0.6708542713567839 0.8444444444444444 0.035175879396984924 0.04537037037037037
1 0.7399497487437185 0.8037037037037037 0.04522613065326633 0.06296296296296296
1 0.49874371859296485 0.7694444444444445 0.03015075376884422 0.06388888888888888
1 1.10678391959799 0.6722222222222223 0.04020100502512563 0.06388888888888888
1 1.2223618090452262 0.9009259259259259 0.04396984924623116 0.06388888888888888
1 1.756281407035176 0.799074074074074 0.03768844221105527 0.09814814814814815
1 0.635678391959799 0.011111111111111112 0.05025125628140704 0.04814814814814815
