1 1.7311557788944723 0.7842592592592592 0.06030150753768844 0.0787037037037037
1 0.1984924623115578 1.7305555555555556 0.05527638190954774 0.06018518518518518
1 0.8605527638190955 1.5166666666666666 0.035175879396984924 0.09074074074074075
1 0.8454773869346733 1.5472222222222223 0.03015075376884422 0.0824074074074074
1 1.4409547738693467 0.8185185185185185 0.052763819095477386 0.06759259259259259
1 0.6080402010050251 0.8861111111111111 0.03015075376884422 0.0787037037037037
1 0.6180904522613065 0.8666666666666667 0.04773869346733668 0.07592592592592592
1 0.5452261306532663 0.003703703703703704 0.04271356783919598 0.06388888888888888
1 1.1771356783919598 0.7361111111111112 0.03015075376884422 0.05185185185185185
1 1.1595477386934674 0.7240740740740741 0.02512562814070352 0.06759259259259259
1 1.6959798994974875 0.43148148148148147 0.04271356783919598 0.05277777777777778
1 0.5037688442211056 0.8972222222222223 0.0414572864321608 0.049074074074074076
1 0.5113065326633166 0.8296296296296296 0.04396984924623116 0.0824074074074074
1 0.2989949748743719 1.712037037037037 0.05527638190954774 0.06018518518518518
1 0.8052763819095478 0.7092592592592593 0.03768844221105527 0.06388888888888888
1 0.3957286432160804 1.2166666666666666 0.052763819095477386 0.0824074074074074
1 0.5954773869346733 0.8222222222222222 0.035175879396984924 0.075
1 0.5628140703517588 0.875 0.04271356783919598 0.05555555555555555
1 0.6582914572864321 0.0 0.05025125628140704 0.05555555555555555
1 0.5062814070351759 0.49166666666666664 0.0414572864321608 0.06388888888888888
6 0.001256281407035176 0.8787037037037037 0.032663316582914576 0.10462962962962963
1 0.016331658291457288 0.7435185185185185 0.0829145728643216 0.08611111111111111
