3 0.0 1.3435185185185186 0.09203296703296704 0.10462962962962963
3 0.042582417582417584 1.3703703703703705 0.07692307692307693 0.10185185185185185
3 0.0 1.3666666666666667 0.042582417582417584 0.10925925925925926
3 0.08104395604395605 1.4962962962962962 0.10302197802197802 0.12222222222222222
3 0.005494505494505495 1.5092592592592593 0.07005494505494506 0.10555555555555556
3 0.0 1.526851851851852 0.012362637362637362 0.09444444444444444
3 0.11950549450549451 1.5435185185185185 0.0782967032967033 0.075
3 0.0260989010989011 1.526851851851852 0.09065934065934066 0.09166666666666666
1 1.3475274725274726 0.8175925925925925 0.06318681318681318 0.06111111111111111
1 0.3516483516483517 0.7972222222222223 0.06593406593406594 0.053703703703703705
1 0.008241758241758242 0.8305555555555556 0.07967032967032966 0.058333333333333334
1 0.0 0.8277777777777777 0.03983516483516483 0.04722222222222222
1 1.2623626373626373 0.7972222222222223 0.059065934065934064 0.06759259259259259
1 1.0247252747252746 0.6574074074074074 0.059065934065934064 0.06851851851851852
1 0.8008241758241759 0.4064814814814815 0.0521978021978022 0.058333333333333334
1 1.0412087912087913 0.5388888888888889 0.050824175824175824 0.05462962962962963
1 1.0425824175824177 0.5453703703703704 0.04807692307692308 0.05092592592592592
2 1.4587912087912087 0.7768518518518519 0.0521978021978022 0.06388888888888888
1 0.03708791208791209 0.6916666666666667 0.057692307692307696 0.06481481481481481
3 0.45054945054945056 1.5805555555555555 0.13598901098901098 0.040740740740740744
3 0.4848901098901099 1.499074074074074 0.1043956043956044 0.06111111111111111
3 0.0 1.3842592592592593 0.06868131868131869 0.10462962962962963
3 0.0 1.1527777777777777 0.11950549450549451 0.10555555555555556
1 1.1043956043956045 0.8444444444444444 0.046703296703296704 0.06111111111111111
1 1.0137362637362637 0.8138888888888889 0.0521978021978022 0.06759259259259259
1 0.6771978021978022 0.287962962962963 0.03571428571428571 0.08518518518518518
1 0.6222527472527473 0.30185185185185187 0.06318681318681318 0.05092592592592592
1 1.4986263736263736 0.7018518518518518 0.050824175824175824 0.08796296296296297
3 0.012362637362637362 1.099074074074074 0.034340659340659344 0.1287037037037037
3 0.12637362637362637 1.0648148148148149 0.07005494505494506 0.1259259259259259
3 0.20467032967032966 1.0685185185185184 0.08104395604395605 0.12222222222222222
3 0.3516483516483517 1.0620370370370371 0.08104395604395605 0.11481481481481481
3 0.5480769230769231 1.0722222222222222 0.09065934065934066 0.1111111111111111
3 0.646978021978022 1.0546296296296296 0.07967032967032966 0.13240740740740742
3 0.7802197802197802 1.0620370370370371 0.08241758241758242 0.11851851851851852
3 0.8708791208791209 1.0583333333333333 0.08379120879120878 0.12222222222222222
3 1.1195054945054945 1.0583333333333333 0.07280219780219781 0.10185185185185185
3 1.304945054945055 1.0620370370370371 0.07005494505494506 0.13518518518518519
3 1.3585164835164836 1.037962962962963 0.07280219780219781 0.1425925925925926
3 0.6277472527472527 1.325925925925926 0.08791208791208792 0.1259259259259259
