3 0.3942307692307692 1.4074074074074074 0.09340659340659341 0.10555555555555556
3 0.2925824175824176 1.4111111111111112 0.07692307692307693 0.10185185185185185
3 0.2184065934065934 1.4212962962962963 0.06318681318681318 0.10185185185185185
3 0.5453296703296703 1.5296296296296297 0.1043956043956044 0.09166666666666666
3 0.46703296703296704 1.5574074074074074 0.07005494505494506 0.06388888888888888
3 0.39285714285714285 1.5703703703703704 0.04945054945054945 0.05092592592592592
3 0.23626373626373626 1.5805555555555555 0.07692307692307693 0.044444444444444446
3 0.3021978021978022 1.587962962962963 0.08516483516483517 0.03333333333333333
1 1.5618131868131868 0.8546296296296296 0.061813186813186816 0.06111111111111111
1 0.07554945054945054 0.8648148148148148 0.06318681318681318 0.05462962962962963
1 0.0 0.9092592592592592 0.057692307692307696 0.05740740740740741
1 0.0 0.8277777777777777 0.03983516483516483 0.04722222222222222
1 1.5755494505494505 0.8444444444444444 0.04807692307692308 0.06759259259259259
1 1.1085164835164836 0.6916666666666667 0.059065934065934064 0.06759259259259259
1 0.6524725274725275 0.2777777777777778 0.0521978021978022 0.05740740740740741
1 1.0604395604395604 0.5425925925925926 0.0521978021978022 0.053703703703703705
1 1.0604395604395604 0.5453703703703704 0.04807692307692308 0.05092592592592592
2 0.6675824175824175 0.8787037037037037 0.0521978021978022 0.06388888888888888
1 1.0563186813186813 0.7055555555555556 0.05631868131868132 0.06388888888888888
3 0.8708791208791209 1.5805555555555555 0.13324175824175824 0.040740740740740744
3 0.8557692307692307 1.5166666666666666 0.10302197802197802 0.06111111111111111
3 0.13324175824175824 1.4277777777777778 0.07005494505494506 0.10185185185185185
3 0.0 1.211111111111111 0.028846153846153848 0.10185185185185185
1 0.9862637362637363 0.8444444444444444 0.04807692307692308 0.06111111111111111
1 0.9093406593406593 0.9398148148148148 0.0521978021978022 0.06759259259259259
1 0.7692307692307693 0.36944444444444446 0.03708791208791209 0.08518518518518518
1 0.7445054945054945 0.4101851851851852 0.06318681318681318 0.05092592592592592
1 1.4986263736263736 0.7018518518518518 0.050824175824175824 0.08796296296296297
3 0.02197802197802198 1.1870370370370371 0.10164835164835165 0.12222222222222222
3 0.14423076923076922 1.173148148148148 0.07005494505494506 0.1259259259259259
3 0.3901098901098901 1.15 0.07692307692307693 0.11851851851851852
3 0.48214285714285715 1.162962962962963 0.08241758241758242 0.11574074074074074
3 0.6208791208791209 1.1324074074074073 0.09065934065934066 0.11203703703703703
3 0.8392857142857143 1.1055555555555556 0.07967032967032966 0.13240740740740742
3 0.9120879120879121 1.1055555555555556 0.09203296703296704 0.11574074074074074
3 1.0728021978021978 1.1157407407407407 0.08241758241758242 0.12222222222222222
3 1.151098901098901 1.1055555555555556 0.07280219780219781 0.10185185185185185
3 1.375 1.0648148148148149 0.07005494505494506 0.1361111111111111
3 1.510989010989011 1.0583333333333333 0.07142857142857142 0.1425925925925926
3 0.929945054945055 1.363888888888889 0.08791208791208792 0.125
