3 0.26955307262569833 1.1037037037037036 0.12430167597765363 0.13148148148148148
1 0.0 0.8148148148148148 0.06843575418994413 0.075
1 1.7360335195530727 1.7046296296296297 0.04888268156424581 0.06759259259259259
3 0.012569832402234637 1.1111111111111112 0.11033519553072625 0.13518518518518519
3 0.10195530726256984 1.1074074074074074 0.12988826815642457 0.1425925925925926
3 0.5460893854748603 1.1037037037037036 0.1005586592178771 0.11296296296296296
3 0.6438547486033519 1.0962962962962963 0.1005586592178771 0.13518518518518519
3 0.03770949720670391 1.385185185185185 0.08798882681564246 0.12407407407407407
3 0.13547486033519554 1.374074074074074 0.09636871508379888 0.13518518518518519
3 1.270949720670391 0.9537037037037037 0.11173184357541899 0.06759259259259259
1 1.5544692737430168 0.7546296296296297 0.05726256983240224 0.06388888888888888
1 1.6424581005586592 0.8222222222222222 0.0446927374301676 0.06388888888888888
1 1.6536312849162011 0.8629629629629629 0.051675977653631286 0.05648148148148148
1 0.48743016759776536 0.7314814814814815 0.046089385474860335 0.05648148148148148
1 0.5069832402234636 0.7203703703703703 0.04748603351955307 0.05648148148148148
1 0.5 0.7277777777777777 0.046089385474860335 0.06759259259259259
1 0.10754189944134078 0.8333333333333334 0.061452513966480445 0.06759259259259259
3 1.6885474860335195 1.6972222222222222 0.0782122905027933 0.075
1 0.12569832402234637 0.7657407407407407 0.0335195530726257 0.05277777777777778
1 0.0 0.8185185185185185 0.06424581005586592 0.075
1 0.4553072625698324 0.7203703703703703 0.051675977653631286 0.05648148148148148
1 0.4581005586592179 0.7203703703703703 0.03910614525139665 0.05648148148148148
1 0.4692737430167598 0.7314814814814815 0.04888268156424581 0.06388888888888888
