1 1.2707253886010363 1.3333333333333333 0.06088082901554404 0.04537037037037037
1 1.2655440414507773 1.3027777777777778 0.05699481865284974 0.053703703703703705
1 1.4404145077720207 0.7870370370370371 0.034974093264248704 0.06481481481481481
3 0.11269430051813471 1.1111111111111112 0.08678756476683938 0.13796296296296295
1 0.9455958549222798 0.8518518518518519 0.04404145077720207 0.053703703703703705
1 1.1580310880829014 0.8212962962962963 0.04404145077720207 0.07592592592592592
1 1.4093264248704662 0.8444444444444444 0.04792746113989637 0.06481481481481481
3 1.1619170984455958 1.2185185185185186 0.15155440414507773 0.1111111111111111
3 0.5090673575129534 1.1037037037037036 0.12176165803108809 0.14537037037037037
3 0.6502590673575129 1.1231481481481482 0.08937823834196891 0.11851851851851852
3 0.7331606217616581 1.1194444444444445 0.09455958549222798 0.13703703703703704
3 0.8536269430051814 1.1111111111111112 0.09326424870466321 0.14907407407407408
3 0.9352331606217616 1.1074074074074074 0.09455958549222798 0.14537037037037037
3 1.0660621761658031 1.0962962962962963 0.08937823834196891 0.14537037037037037
3 1.1593264248704662 1.1037037037037036 0.08549222797927461 0.13796296296296295
3 1.3018134715025906 1.1157407407407407 0.08419689119170984 0.12222222222222222
3 1.3937823834196892 1.1074074074074074 0.08160621761658031 0.14166666666666666
3 1.5401554404145077 1.1037037037037036 0.06994818652849741 0.13796296296296295
3 1.6101036269430051 1.1074074074074074 0.07383419689119171 0.14537037037037037
3 0.7772020725388601 1.387037037037037 0.09974093264248704 0.12962962962962962
3 0.9119170984455959 1.3564814814814814 0.09715025906735751 0.1527777777777778
3 1.0090673575129534 1.3601851851851852 0.08290155440414508 0.14537037037037037
3 1.089378238341969 1.3787037037037038 0.08160621761658031 0.14537037037037037
3 1.1593264248704662 1.3601851851851852 0.08031088082901554 0.16018518518518518
3 0.30569948186528495 1.375 0.09715025906735751 0.1527777777777778
3 0.22797927461139897 1.3675925925925927 0.08031088082901554 0.17222222222222222
3 0.14507772020725387 1.3712962962962962 0.09455958549222798 0.16018518518518518
3 0.07512953367875648 1.3675925925925927 0.08160621761658031 0.1638888888888889
1 1.4779792746113989 0.7907407407407407 0.04922279792746114 0.06111111111111111
1 1.4922279792746114 0.8555555555555555 0.05699481865284974 0.06851851851851852
3 0.6852331606217616 1.5546296296296296 0.08808290155440414 0.07685185185185185
3 0.6528497409326425 1.6425925925925926 0.1489637305699482 0.09166666666666666
3 1.0259067357512954 0.8935185185185185 0.09844559585492228 0.08796296296296297
3 1.2474093264248705 1.3787037037037038 0.08031088082901554 0.14166666666666666
3 0.0038860103626943004 1.375 0.07124352331606218 0.14907407407407408
3 0.0038860103626943004 1.1037037037037036 0.10362694300518134 0.14537037037037037
3 1.560880829015544 1.5620370370370371 0.13471502590673576 0.14537037037037037
