1 1.8365921787709498 0.8824074074074074 0.018156424581005588 0.04814814814814815
3 0.2681564245810056 1.1037037037037036 0.12290502793296089 0.1425925925925926
1 0.7527932960893855 0.8592592592592593 0.03910614525139665 0.03425925925925926
3 0.0 1.2574074074074073 0.0712290502793296 0.05277777777777778
6 0.0 0.8712962962962963 0.12011173184357542 0.040740740740740744
1 0.8100558659217877 0.95 0.04329608938547486 0.04814814814814815
1 0.8170391061452514 0.9194444444444444 0.02653631284916201 0.03425925925925926
2 1.7360335195530727 0.9574074074074074 0.040502793296089384 0.04537037037037037
1 1.8310055865921788 0.9009259259259259 0.02094972067039106 0.075
1 0.004189944134078212 0.9046296296296297 0.030726256983240222 0.06388888888888888
1 0.9636871508379888 0.9305555555555556 0.03212290502793296 0.04537037037037037
1 1.5991620111731844 0.7509259259259259 0.036312849162011177 0.05648148148148148
1 1.7513966480446927 0.9231481481481482 0.051675977653631286 0.04537037037037037
1 1.8282122905027933 0.825925925925926 0.023743016759776536 0.04537037037037037
6 1.297486033519553 0.9685185185185186 0.08659217877094973 0.041666666666666664
3 0.015363128491620111 1.1074074074074074 0.09776536312849161 0.16203703703703703
3 0.11033519553072625 1.1037037037037036 0.11033519553072625 0.15
3 0.5460893854748603 1.0851851851851853 0.0935754189944134 0.12777777777777777
3 0.6438547486033519 1.0814814814814815 0.09916201117318436 0.1425925925925926
3 0.030726256983240222 1.3666666666666667 0.10335195530726257 0.12777777777777777
3 0.12290502793296089 1.3814814814814815 0.10335195530726257 0.13518518518518519
1 1.6689944134078212 0.8666666666666667 0.027932960893854747 0.05648148148148148
