3 0.012362637362637362 1.336111111111111 0.09478021978021978 0.10555555555555556
3 0.046703296703296704 1.3666666666666667 0.07692307692307693 0.10185185185185185
3 0.0 1.3666666666666667 0.042582417582417584 0.10925925925925926
3 0.08928571428571429 1.488888888888889 0.1043956043956044 0.1259259259259259
3 0.017857142857142856 1.5092592592592593 0.07005494505494506 0.10555555555555556
3 0.0 1.5166666666666666 0.017857142857142856 0.09814814814814815
3 0.12087912087912088 1.55 0.07967032967032966 0.06481481481481481
3 0.0260989010989011 1.537037037037037 0.09065934065934066 0.08148148148148149
1 1.206043956043956 0.8101851851851852 0.06318681318681318 0.06111111111111111
1 0.4876373626373626 0.7870370370370371 0.06456043956043957 0.053703703703703705
1 0.17994505494505494 0.8240740740740741 0.08379120879120878 0.05740740740740741
1 0.0 0.8277777777777777 0.03983516483516483 0.04722222222222222
1 1.1895604395604396 0.725925925925926 0.059065934065934064 0.06759259259259259
1 0.9203296703296703 0.6675925925925926 0.059065934065934064 0.06851851851851852
1 0.8667582417582418 0.4675925925925926 0.0521978021978022 0.058333333333333334
1 1.0357142857142858 0.5388888888888889 0.0521978021978022 0.05462962962962963
1 1.0425824175824177 0.5527777777777778 0.04807692307692308 0.05092592592592592
2 1.5673076923076923 0.7796296296296297 0.0521978021978022 0.06481481481481481
1 0.20467032967032966 0.6953703703703704 0.059065934065934064 0.06388888888888888
3 0.41895604395604397 1.5740740740740742 0.13598901098901098 0.04722222222222222
3 0.44642857142857145 1.4925925925925927 0.1043956043956044 0.06111111111111111
3 0.0 1.3842592592592593 0.06868131868131869 0.10462962962962963
3 0.0 1.1527777777777777 0.11950549450549451 0.10555555555555556
1 1.1675824175824177 0.8953703703703704 0.046703296703296704 0.06111111111111111
1 1.1263736263736264 0.7731481481481481 0.0521978021978022 0.06759259259259259
1 0.6730769230769231 0.287962962962963 0.03571428571428571 0.08518518518518518
1 0.6222527472527473 0.30462962962962964 0.06318681318681318 0.05092592592592592
1 1.4986263736263736 0.7018518518518518 0.050824175824175824 0.08796296296296297
3 0.005494505494505495 1.0824074074074075 0.03159340659340659 0.1287037037037037
3 0.14560439560439561 1.0620370370370371 0.07005494505494506 0.125
3 0.22252747252747251 1.0685185185185184 0.08241758241758242 0.12222222222222222
3 0.3626373626373626 1.0620370370370371 0.08104395604395605 0.11481481481481481
3 0.5576923076923077 1.0620370370370371 0.08928571428571429 0.1111111111111111
3 0.6538461538461539 1.0518518518518518 0.07967032967032966 0.13148148148148148
3 0.7898351648351648 1.0620370370370371 0.08104395604395605 0.11851851851851852
3 0.8777472527472527 1.0620370370370371 0.08379120879120878 0.12129629629629629
3 1.1222527472527473 1.0583333333333333 0.07142857142857142 0.10185185185185185
3 1.2843406593406594 1.0518518518518518 0.07005494505494506 0.13518518518518519
3 1.3585164835164836 1.0314814814814814 0.07280219780219781 0.14166666666666666
3 0.6002747252747253 1.3194444444444444 0.09065934065934066 0.1259259259259259
