3 0.017857142857142856 1.336111111111111 0.09615384615384616 0.10555555555555556
3 0.04945054945054945 1.3666666666666667 0.07692307692307693 0.10185185185185185
3 0.0 1.3666666666666667 0.042582417582417584 0.10925925925925926
3 0.09203296703296704 1.488888888888889 0.1043956043956044 0.1259259259259259
3 0.02197802197802198 1.5092592592592593 0.07005494505494506 0.10555555555555556
3 0.0 1.512962962962963 0.019230769230769232 0.09814814814814815
3 0.12087912087912088 1.5537037037037038 0.08241758241758242 0.05740740740740741
3 0.0260989010989011 1.5398148148148147 0.09065934065934066 0.0787037037037037
1 1.1497252747252746 0.8138888888888889 0.06318681318681318 0.06111111111111111
1 0.5370879120879121 0.7870370370370371 0.06593406593406594 0.053703703703703705
1 0.2403846153846154 0.8305555555555556 0.08379120879120878 0.058333333333333334
1 0.0 0.8277777777777777 0.03983516483516483 0.04722222222222222
1 1.1895604395604396 0.6981481481481482 0.059065934065934064 0.06851851851851852
1 0.8598901098901099 0.6648148148148149 0.059065934065934064 0.06759259259259259
1 0.8956043956043956 0.47129629629629627 0.0521978021978022 0.05740740740740741
1 1.0343406593406594 0.5388888888888889 0.050824175824175824 0.05462962962962963
1 1.0425824175824177 0.5555555555555556 0.04807692307692308 0.05092592592592592
2 1.5645604395604396 0.7796296296296297 0.054945054945054944 0.06481481481481481
1 0.2706043956043956 0.6953703703703704 0.06043956043956044 0.06388888888888888
3 0.4065934065934066 1.5740740740740742 0.1346153846153846 0.04722222222222222
3 0.4326923076923077 1.4925925925925927 0.1043956043956044 0.06111111111111111
3 0.0 1.3842592592592593 0.06868131868131869 0.10462962962962963
3 0.0 1.1527777777777777 0.11950549450549451 0.10555555555555556
1 1.1854395604395604 0.9194444444444444 0.046703296703296704 0.06111111111111111
1 1.146978021978022 0.7490740740740741 0.0521978021978022 0.06851851851851852
1 0.6703296703296703 0.287962962962963 0.03571428571428571 0.08518518518518518
1 0.6222527472527473 0.30833333333333335 0.06318681318681318 0.05092592592592592
1 1.4986263736263736 0.7018518518518518 0.050824175824175824 0.08796296296296297
3 0.0013736263736263737 1.075 0.034340659340659344 0.1287037037037037
3 0.15247252747252749 1.0620370370370371 0.07005494505494506 0.125
3 0.22939560439560439 1.0685185185185184 0.08104395604395605 0.12222222222222222
3 0.36813186813186816 1.0620370370370371 0.08104395604395605 0.11481481481481481
3 0.5618131868131868 1.0583333333333333 0.09065934065934066 0.11203703703703703
3 0.6565934065934066 1.0518518518518518 0.07967032967032966 0.13148148148148148
3 0.7939560439560439 1.0620370370370371 0.08241758241758242 0.11851851851851852
3 0.8804945054945055 1.0620370370370371 0.08379120879120878 0.12129629629629629
3 1.1222527472527473 1.0583333333333333 0.07142857142857142 0.10185185185185185
3 1.276098901098901 1.0444444444444445 0.07005494505494506 0.1361111111111111
3 1.3585164835164836 1.0314814814814814 0.07280219780219781 0.14166666666666666
3 0.5892857142857143 1.3157407407407407 0.08928571428571429 0.12962962962962962
