3 0.062162162162162166 1.0685185185185184 0.11081081081081082 0.13518518518518519
1 1.1081081081081081 0.6777777777777778 0.05540540540540541 0.04814814814814815
1 0.7418918918918919 1.1972222222222222 0.0472972972972973 0.05462962962962963
1 0.09864864864864865 0.9120370370370371 0.031081081081081083 0.040740740740740744
1 1.4837837837837837 0.2916666666666667 0.052702702702702706 0.07407407407407407
1 1.7148648648648648 0.8407407407407408 0.014864864864864866 0.04814814814814815
1 0.3554054054054054 0.9462962962962963 0.0445945945945946 0.04722222222222222
1 0.5418918918918919 0.9194444444444444 0.043243243243243246 0.04351851851851852
1 0.5459459459459459 0.9462962962962963 0.033783783783783786 0.037037037037037035
1 1.645945945945946 0.9259259259259259 0.031081081081081083 0.04722222222222222
1 1.5824324324324324 0.8888888888888888 0.03648648648648649 0.040740740740740744
1 1.587837837837838 0.9157407407407407 0.033783783783783786 0.037037037037037035
1 0.0 0.9731481481481481 0.02837837837837838 0.058333333333333334
1 0.0 0.9398148148148148 0.021621621621621623 0.03333333333333333
1 0.0 0.9601851851851851 0.025675675675675677 0.04722222222222222
1 0.0 0.9157407407407407 0.031081081081081083 0.06111111111111111
1 0.0 0.8712962962962963 0.010810810810810811 0.04814814814814815
1 0.025675675675675677 0.9324074074074075 0.043243243243243246 0.05092592592592592
1 1.712162162162162 0.7694444444444445 0.01756756756756757 0.04814814814814815
1 1.7202702702702704 0.7361111111111112 0.00945945945945946 0.040740740740740744
1 1.7081081081081082 0.8 0.024324324324324326 0.06111111111111111
2 1.645945945945946 1.4685185185185186 0.031081081081081083 0.04814814814814815
1 1.6864864864864866 1.5092592592592593 0.031081081081081083 0.04814814814814815
1 1.7027027027027026 1.4824074074074074 0.02972972972972973 0.04722222222222222
1 1.0905405405405406 0.1388888888888889 0.043243243243243246 0.06759259259259259
6 0.9635135135135136 1.4787037037037036 0.12972972972972974 0.1425925925925926
3 0.0 1.1398148148148148 0.0472972972972973 0.11481481481481481
3 0.0 1.125925925925926 0.05 0.10555555555555556
1 1.4837837837837837 0.7287037037037037 0.04054054054054054 0.04814814814814815
3 0.0 1.075 0.062162162162162166 0.1259259259259259
1 0.8567567567567568 1.200925925925926 0.05540540540540541 0.053703703703703705
1 1.1027027027027028 1.2138888888888888 0.05405405405405406 0.05462962962962963
1 1.0216216216216216 0.9120370370370371 0.0472972972972973 0.05462962962962963
1 0.9554054054054054 0.8342592592592593 0.051351351351351354 0.06111111111111111
1 0.09324324324324325 0.8888888888888888 0.043243243243243246 0.03333333333333333
2 0.7783783783783784 1.0444444444444445 0.05675675675675676 0.05462962962962963
1 1.4135135135135135 1.2518518518518518 0.05540540540540541 0.0712962962962963
1 1.3418918918918918 0.8379629629629629 0.04054054054054054 0.04722222222222222
1 1.3581081081081081 0.7935185185185185 0.043243243243243246 0.05092592592592592
1 1.6567567567567567 0.8101851851851852 0.051351351351351354 0.06481481481481481
1 1.0675675675675675 0.07037037037037037 0.031081081081081083 0.05092592592592592
1 1.3027027027027027 0.4101851851851852 0.04864864864864865 0.075
2 1.3013513513513513 1.200925925925926 0.0472972972972973 0.06111111111111111
1 1.4094594594594594 0.9425925925925925 0.04054054054054054 0.06111111111111111
1 0.0 1.1768518518518518 0.02837837837837838 0.075
1 1.6310810810810812 0.8888888888888888 0.03783783783783784 0.04722222222222222
1 0.5581081081081081 0.9703703703703703 0.033783783783783786 0.040740740740740744
