3 1.0283783783783784 1.512962962962963 0.05810810810810811 0.08148148148148149
3 1.0472972972972974 1.5601851851851851 0.05540540540540541 0.05462962962962963
3 0.2445945945945946 1.099074074074074 0.06351351351351352 0.08148148148148149
3 0.17027027027027028 1.099074074074074 0.04594594594594595 0.08148148148148149
3 0.02837837837837838 1.099074074074074 0.05945945945945946 0.08148148148148149
1 0.8716216216216216 1.173148148148148 0.04594594594594595 0.05462962962962963
1 0.37567567567567567 0.850925925925926 0.03513513513513514 0.044444444444444446
1 0.5148648648648648 0.8277777777777777 0.04054054054054054 0.04722222222222222
1 0.8770270270270271 0.9018518518518519 0.03513513513513514 0.03796296296296296
1 1.281081081081081 0.8175925925925925 0.03648648648648649 0.04722222222222222
1 1.5027027027027027 0.23333333333333334 0.033783783783783786 0.04814814814814815
1 1.5027027027027027 0.487962962962963 0.033783783783783786 0.04814814814814815
1 1.1675675675675676 0.9120370370370371 0.0445945945945946 0.04814814814814815
1 1.2351351351351352 0.8953703703703704 0.02972972972972973 0.04722222222222222
1 1.2351351351351352 0.9222222222222223 0.033783783783783786 0.030555555555555555
1 1.5148648648648648 0.7870370370370371 0.033783783783783786 0.04722222222222222
1 0.9581081081081081 1.1601851851851852 0.04864864864864865 0.07407407407407407
1 0.6567567567567567 0.9564814814814815 0.04594594594594595 0.04722222222222222
1 0.9675675675675676 0.6777777777777778 0.0445945945945946 0.04814814814814815
1 1.095945945945946 0.675 0.04054054054054054 0.04722222222222222
1 0.8743243243243243 0.8851851851851852 0.033783783783783786 0.03425925925925926
2 1.695945945945946 1.5398148148148147 0.033783783783783786 0.04814814814814815
1 1.6986486486486487 1.462037037037037 0.033783783783783786 0.04722222222222222
1 1.0716216216216217 0.6981481481481482 0.02702702702702703 0.03796296296296296
1 1.1175675675675676 0.6851851851851852 0.03648648648648649 0.04722222222222222
1 1.095945945945946 0.6981481481481482 0.02837837837837838 0.030555555555555555
1 0.9702702702702702 0.7287037037037037 0.033783783783783786 0.04814814814814815
1 1.0337837837837838 0.03981481481481482 0.04054054054054054 0.04814814814814815
1 1.322972972972973 0.0 0.03513513513513514 0.04722222222222222
2 0.0 0.8379629629629629 0.0445945945945946 0.05740740740740741
1 1.431081081081081 0.9768518518518519 0.04054054054054054 0.05092592592592592
3 1.0594594594594595 1.3944444444444444 0.12297297297297298 0.22685185185185186
1 1.2351351351351352 0.9361111111111111 0.03648648648648649 0.04722222222222222
1 1.4472972972972973 0.8277777777777777 0.03648648648648649 0.04722222222222222
1 1.445945945945946 0.8 0.03513513513513514 0.04814814814814815
1 1.5824324324324324 1.3092592592592593 0.033783783783783786 0.04722222222222222
