3 0.7137305699481865 1.413888888888889 0.05699481865284974 0.09907407407407408
3 1.4080310880829014 1.5277777777777777 0.12176165803108809 0.13055555555555556
1 1.2512953367875648 0.5037037037037037 0.03367875647668394 0.053703703703703705
1 1.1528497409326426 0.5268518518518519 0.03756476683937824 0.053703703703703705
1 0.8976683937823834 1.0046296296296295 0.04922279792746114 0.06111111111111111
3 0.11010362694300518 1.1268518518518518 0.06865284974093264 0.09166666666666666
2 1.6528497409326426 0.9055555555555556 0.04015544041450777 0.04537037037037037
2 1.6152849740932642 0.8703703703703703 0.042746113989637305 0.053703703703703705
3 0.02072538860103627 1.137962962962963 0.07253886010362694 0.1037037037037037
3 0.6761658031088082 1.5546296296296296 0.11269430051813471 0.07314814814814814
3 0.6593264248704663 1.6388888888888888 0.13989637305699482 0.09537037037037037
1 0.8937823834196891 0.9888888888888889 0.04145077720207254 0.053703703703703705
3 0.5233160621761658 1.1342592592592593 0.08937823834196891 0.10740740740740741
3 0.6528497409326425 1.1157407407407407 0.09455958549222798 0.11018518518518519
3 0.7396373056994818 1.1157407407407407 0.07124352331606218 0.13333333333333333
3 0.8678756476683938 1.1231481481481482 0.06735751295336788 0.12222222222222222
3 0.9520725388601037 1.137962962962963 0.07124352331606218 0.11481481481481481
3 1.0816062176165804 1.1194444444444445 0.05958549222797927 0.11851851851851852
3 1.1593264248704662 1.1157407407407407 0.06606217616580311 0.11388888888888889
3 1.3031088082901554 1.1194444444444445 0.06606217616580311 0.12222222222222222
3 1.4028497409326426 1.1194444444444445 0.07124352331606218 0.11481481481481481
3 1.5531088082901554 1.1268518518518518 0.04792746113989637 0.10740740740740741
3 1.6321243523316062 1.1157407407407407 0.038860103626943004 0.11388888888888889
3 0.7849740932642487 1.3981481481481481 0.054404145077720206 0.09907407407407408
3 0.9261658031088082 1.3981481481481481 0.06347150259067358 0.09537037037037037
3 1.0207253886010363 1.3981481481481481 0.05699481865284974 0.10740740740740741
3 1.0958549222797926 1.4092592592592592 0.05699481865284974 0.1037037037037037
3 1.1735751295336787 1.3907407407407408 0.06217616580310881 0.1259259259259259
3 0.3134715025906736 1.3944444444444444 0.07512953367875648 0.11481481481481481
3 0.23056994818652848 1.401851851851852 0.08290155440414508 0.10740740740740741
3 0.16709844559585493 1.4055555555555554 0.06865284974093264 0.10740740740740741
3 0.08160621761658031 1.4092592592592592 0.07124352331606218 0.11481481481481481
3 1.2564766839378239 1.3981481481481481 0.05958549222797927 0.11481481481481481
3 0.009067357512953367 1.3981481481481481 0.05829015544041451 0.1111111111111111
