3 0.005494505494505495 1.3398148148148148 0.09615384615384616 0.10555555555555556
3 0.04395604395604396 1.3703703703703705 0.07692307692307693 0.10185185185185185
3 0.0 1.3666666666666667 0.042582417582417584 0.10925925925925926
3 0.08516483516483517 1.4925925925925927 0.1043956043956044 0.1259259259259259
3 0.012362637362637362 1.5092592592592593 0.07005494505494506 0.10555555555555556
3 0.0 1.5231481481481481 0.01510989010989011 0.09537037037037037
3 0.11950549450549451 1.5472222222222223 0.08104395604395605 0.06759259259259259
3 0.0260989010989011 1.5333333333333334 0.09065934065934066 0.08518518518518518
1 1.2706043956043955 0.8037037037037037 0.06318681318681318 0.06111111111111111
1 0.4381868131868132 0.7898148148148149 0.06456043956043957 0.05462962962962963
1 0.10989010989010989 0.8203703703703704 0.08379120879120878 0.058333333333333334
1 0.0 0.8277777777777777 0.03983516483516483 0.04722222222222222
1 1.206043956043956 0.7527777777777778 0.057692307692307696 0.06759259259259259
1 0.9752747252747253 0.6546296296296297 0.059065934065934064 0.06759259259259259
1 0.8310439560439561 0.45092592592592595 0.050824175824175824 0.05740740740740741
1 1.0384615384615385 0.5388888888888889 0.0521978021978022 0.05462962962962963
1 1.0425824175824177 0.549074074074074 0.04807692307692308 0.05092592592592592
2 1.5686813186813187 0.7796296296296297 0.0521978021978022 0.06481481481481481
1 0.13736263736263737 0.6916666666666667 0.059065934065934064 0.06481481481481481
3 0.4326923076923077 1.5777777777777777 0.13598901098901098 0.04351851851851852
3 0.46291208791208793 1.4962962962962962 0.10302197802197802 0.06111111111111111
3 0.0 1.3842592592592593 0.06868131868131869 0.10462962962962963
3 0.0 1.1527777777777777 0.11950549450549451 0.10555555555555556
1 1.1497252747252746 0.8712962962962963 0.046703296703296704 0.06111111111111111
1 1.0879120879120878 0.7898148148148149 0.0521978021978022 0.06851851851851852
1 0.6744505494505495 0.287962962962963 0.03708791208791209 0.08518518518518518
1 0.6222527472527473 0.30462962962962964 0.06318681318681318 0.05092592592592592
1 1.4986263736263736 0.7018518518518518 0.050824175824175824 0.08796296296296297
3 0.008241758241758242 1.0888888888888888 0.03159340659340659 0.1287037037037037
3 0.13736263736263737 1.0648148148148149 0.07005494505494506 0.1259259259259259
3 0.21565934065934067 1.0685185185185184 0.08241758241758242 0.12222222222222222
3 0.3585164835164835 1.0620370370370371 0.08104395604395605 0.11481481481481481
3 0.5521978021978022 1.0685185185185184 0.09065934065934066 0.11203703703703703
3 0.6497252747252747 1.0546296296296296 0.07967032967032966 0.13240740740740742
3 0.7857142857142857 1.0620370370370371 0.08104395604395605 0.11851851851851852
3 0.8736263736263736 1.0583333333333333 0.08379120879120878 0.12222222222222222
3 1.1195054945054945 1.0583333333333333 0.07280219780219781 0.10185185185185185
3 1.2912087912087913 1.0546296296296296 0.07005494505494506 0.1361111111111111
3 1.3585164835164836 1.0342592592592592 0.07280219780219781 0.1425925925925926
3 0.6112637362637363 1.3231481481481482 0.08791208791208792 0.125
