1 1.8407821229050279 0.8824074074074074 0.013966480446927373 0.11203703703703703
1 1.696927374301676 0.7018518518518518 0.07541899441340782 0.05277777777777778
1 1.4832402234636872 1.3555555555555556 0.05865921787709497 0.06018518518518518
1 1.26536312849162 0.9009259259259259 0.05726256983240224 0.049074074074074076
1 1.6689944134078212 0.6907407407407408 0.0670391061452514 0.08981481481481482
1 1.2681564245810055 0.8296296296296296 0.06005586592178771 0.0824074074074074
1 0.3812849162011173 0.8898148148148148 0.07960893854748603 0.04537037037037037
1 0.34497206703910616 0.95 0.07262569832402235 0.05277777777777778
3 0.1340782122905028 1.3888888888888888 0.08659217877094973 0.12037037037037036
3 0.034916201117318434 1.385185185185185 0.07541899441340782 0.11296296296296296
3 0.027932960893854747 1.1222222222222222 0.0824022346368715 0.12407407407407407
3 0.11731843575418995 1.1037037037037036 0.09078212290502793 0.13148148148148148
3 0.2779329608938548 1.1074074074074074 0.07960893854748603 0.13148148148148148
3 0.5586592178770949 1.0888888888888888 0.08100558659217877 0.14629629629629629
3 0.6550279329608939 1.1 0.07402234636871509 0.12407407407407407
