1 1.1033519553072626 0.9296296296296296 0.0335195530726257 0.040740740740740744
1 0.3435754189944134 0.8787037037037037 0.036312849162011177 0.03333333333333333
1 0.8421787709497207 0.8240740740740741 0.03212290502793296 0.05092592592592592
1 0.38687150837988826 0.8851851851851852 0.05307262569832402 0.04722222222222222
1 1.3477653631284916 0.8583333333333333 0.03212290502793296 0.04722222222222222
1 0.5223463687150838 1.5805555555555555 0.046089385474860335 0.040740740740740744
1 0.5111731843575419 0.5287037037037037 0.04329608938547486 0.044444444444444446
1 1.6201117318435754 0.8611111111111112 0.030726256983240222 0.058333333333333334
1 1.2625698324022345 0.7796296296296297 0.03910614525139665 0.058333333333333334
1 1.2695530726256983 0.8379629629629629 0.034916201117318434 0.040740740740740744
1 0.34217877094972066 0.899074074074074 0.04748603351955307 0.03333333333333333
1 0.38268156424581007 0.9259259259259259 0.05307262569832402 0.037037037037037035
1 1.1243016759776536 0.8685185185185185 0.046089385474860335 0.04351851851851852
1 1.1201117318435754 0.9018518518518519 0.034916201117318434 0.040740740740740744
1 0.2011173184357542 1.4175925925925925 0.046089385474860335 0.044444444444444446
1 0.06843575418994413 0.8481481481481481 0.036312849162011177 0.04722222222222222
1 0.06983240223463687 0.8074074074074075 0.03770949720670391 0.05092592592592592
1 1.329608938547486 0.7870370370370371 0.025139664804469275 0.05740740740740741
1 1.3687150837988826 0.899074074074074 0.029329608938547486 0.037037037037037035
1 1.4553072625698324 0.8611111111111112 0.03910614525139665 0.044444444444444446
1 0.2611731843575419 1.598148148148148 0.03212290502793296 0.026851851851851852
1 0.3645251396648045 1.587962962962963 0.034916201117318434 0.037037037037037035
1 0.42877094972067037 1.1194444444444445 0.034916201117318434 0.05740740740740741
1 0.49022346368715086 1.5638888888888889 0.03212290502793296 0.05740740740740741
2 0.10335195530726257 1.374074074074074 0.040502793296089384 0.04351851851851852
1 0.2360335195530726 1.4787037037037036 0.040502793296089384 0.05092592592592592
1 0.34217877094972066 1.5907407407407408 0.03770949720670391 0.030555555555555555
1 0.0 0.7898148148148149 0.036312849162011177 0.05462962962962963
1 1.437150837988827 1.0074074074074073 0.04329608938547486 0.06481481481481481
1 0.06564245810055866 1.3972222222222221 0.025139664804469275 0.044444444444444446
1 0.04329608938547486 0.44722222222222224 0.025139664804469275 0.06111111111111111
1 0.5391061452513967 0.7935185185185185 0.036312849162011177 0.04722222222222222
1 0.5502793296089385 0.8175925925925925 0.034916201117318434 0.04351851851851852
1 0.7164804469273743 0.7731481481481481 0.0446927374301676 0.06759259259259259
1 0.8533519553072626 0.7935185185185185 0.034916201117318434 0.05740740740740741
1 1.2695530726256983 0.8138888888888889 0.03212290502793296 0.05462962962962963
1 1.6075418994413408 0.7666666666666667 0.0335195530726257 0.06111111111111111
2 0.0 1.3703703703703705 0.04329608938547486 0.06111111111111111
