3 0.26536312849162014 1.0814814814814815 0.12290502793296089 0.1648148148148148
3 0.12011173184357542 1.0925925925925926 0.11173184357541899 0.1537037037037037
1 1.0907821229050279 1.3138888888888889 0.08798882681564246 0.0824074074074074
6 1.261173184357542 0.9268518518518518 0.14106145251396648 0.10925925925925926
1 0.21089385474860337 0.8861111111111111 0.05446927374301676 0.09351851851851851
2 1.7877094972067038 0.9833333333333333 0.0670391061452514 0.09444444444444444
1 1.5726256983240223 0.7472222222222222 0.05726256983240224 0.08611111111111111
1 0.776536312849162 0.8407407407407408 0.06843575418994413 0.0712962962962963
1 1.4441340782122905 1.2462962962962962 0.05446927374301676 0.0712962962962963
3 1.164804469273743 0.8861111111111111 0.08798882681564246 0.09722222222222222
1 0.11592178770949721 0.7583333333333333 0.05865921787709497 0.0712962962962963
1 1.1829608938547487 0.8185185185185185 0.04888268156424581 0.0787037037037037
1 1.7583798882681565 1.0888888888888888 0.0670391061452514 0.08981481481481482
1 1.7458100558659218 0.8666666666666667 0.04888268156424581 0.09814814814814815
1 1.7737430167597765 0.837037037037037 0.051675977653631286 0.09814814814814815
1 1.1452513966480447 0.9194444444444444 0.061452513966480445 0.10185185185185185
3 0.0335195530726257 1.1037037037037036 0.08379888268156424 0.1425925925925926
3 0.5586592178770949 1.0888888888888888 0.08798882681564246 0.13518518518518519
3 0.6466480446927374 1.0888888888888888 0.09636871508379888 0.15
3 0.04888268156424581 1.3592592592592592 0.08519553072625698 0.1648148148148148
3 0.138268156424581 1.3592592592592592 0.10335195530726257 0.1537037037037037
1 0.7192737430167597 0.8555555555555555 0.05726256983240224 0.049074074074074076
1 0.7136871508379888 0.8898148148148148 0.07262569832402235 0.05277777777777778
1 1.1145251396648044 0.787962962962963 0.05027932960893855 0.10185185185185185
1 1.2458100558659218 0.7657407407407407 0.051675977653631286 0.09351851851851851
1 0.979050279329609 0.8222222222222222 0.05446927374301676 0.0787037037037037
1 1.085195530726257 0.837037037037037 0.0782122905027933 0.09351851851851851
1 1.2094972067039107 0.8333333333333334 0.046089385474860335 0.0787037037037037
1 1.2583798882681565 0.8518518518518519 0.04888268156424581 0.0712962962962963
