1 1.1368715083798884 0.9222222222222223 0.05726256983240224 0.06481481481481481
1 1.1340782122905029 0.8611111111111112 0.036312849162011177 0.058333333333333334
1 0.9497206703910615 0.7972222222222223 0.030726256983240222 0.06388888888888888
1 0.9483240223463687 0.850925925925926 0.03212290502793296 0.06111111111111111
1 0.8589385474860335 0.7935185185185185 0.02653631284916201 0.06481481481481481
1 0.7206703910614525 0.8444444444444444 0.029329608938547486 0.05092592592592592
1 0.8170391061452514 0.7666666666666667 0.04329608938547486 0.04351851851851852
1 0.7486033519553073 0.8583333333333333 0.03910614525139665 0.03333333333333333
1 0.5251396648044693 0.8305555555555556 0.04329608938547486 0.044444444444444446
1 0.025139664804469275 0.40370370370370373 0.05726256983240224 0.0712962962962963
1 0.0893854748603352 1.2787037037037037 0.051675977653631286 0.05462962962962963
1 0.040502793296089384 0.17222222222222222 0.03910614525139665 0.03796296296296296
1 0.696927374301676 0.8407407407407408 0.034916201117318434 0.08518518518518518
1 0.7039106145251397 0.7935185185185185 0.0446927374301676 0.04722222222222222
1 0.6927374301675978 0.8342592592592593 0.04189944134078212 0.04722222222222222
1 0.723463687150838 0.875 0.025139664804469275 0.044444444444444446
1 0.7597765363128491 0.8888888888888888 0.029329608938547486 0.037037037037037035
1 0.3463687150837989 0.850925925925926 0.04748603351955307 0.05092592592592592
1 0.3547486033519553 0.8814814814814815 0.034916201117318434 0.04814814814814815
1 0.3715083798882682 1.5231481481481481 0.034916201117318434 0.05462962962962963
1 0.0 0.5731481481481482 0.029329608938547486 0.05740740740740741
1 0.004189944134078212 0.7870370370370371 0.029329608938547486 0.053703703703703705
1 0.004189944134078212 0.8407407407407408 0.03212290502793296 0.044444444444444446
1 0.0 0.7935185185185185 0.02653631284916201 0.044444444444444446
1 1.0460893854748603 0.7694444444444445 0.034916201117318434 0.040740740740740744
1 0.702513966480447 0.8037037037037037 0.03910614525139665 0.05462962962962963
1 1.0977653631284916 0.7157407407407408 0.0335195530726257 0.0712962962962963
2 0.35335195530726254 1.5907407407407408 0.05027932960893855 0.030555555555555555
