1 0.7810810810810811 0.9305555555555556 0.08243243243243244 0.06759259259259259
1 1.0783783783783785 0.8861111111111111 0.07432432432432433 0.05277777777777778
1 0.02972972972972973 0.825925925925926 0.05 0.05648148148148148
1 0.2864864864864865 0.8074074074074075 0.052702702702702706 0.06759259259259259
1 1.1472972972972972 0.7583333333333333 0.062162162162162166 0.05277777777777778
1 0.0 0.8898148148148148 0.051351351351351354 0.06759259259259259
1 0.0 0.7916666666666666 0.032432432432432434 0.0712962962962963
1 1.2324324324324325 0.9231481481481482 0.052702702702702706 0.06759259259259259
1 1.0783783783783785 0.8592592592592593 0.07702702702702703 0.05648148148148148
1 1.1527027027027028 0.7916666666666666 0.07027027027027027 0.05648148148148148
1 1.1175675675675676 0.7842592592592592 0.052702702702702706 0.04537037037037037
