3 0.9287564766839378 1.3787037037037038 0.06865284974093264 0.11481481481481481
3 0.7733160621761658 1.387037037037037 0.09196891191709844 0.13333333333333333
1 0.0 0.9814814814814815 0.04145077720207254 0.06481481481481481
3 0.11787564766839378 1.1 0.07253886010362694 0.14537037037037037
3 0.006476683937823834 1.1194444444444445 0.08678756476683938 0.13703703703703704
3 0.6813471502590673 1.5583333333333333 0.09455958549222798 0.07314814814814814
3 0.6580310880829016 1.6462962962962964 0.133419689119171 0.09166666666666666
3 0.5155440414507773 1.1194444444444445 0.12046632124352331 0.13703703703703704
3 0.6528497409326425 1.1037037037037036 0.07772020725388601 0.14166666666666666
3 0.7331606217616581 1.1037037037037036 0.08290155440414508 0.14166666666666666
3 0.8626943005181347 1.1268518518518518 0.08419689119170984 0.13796296296296295
3 0.9404145077720207 1.1074074074074074 0.09844559585492228 0.16111111111111112
3 1.072538860103627 1.0962962962962963 0.08290155440414508 0.1527777777777778
3 1.1670984455958548 1.0731481481481482 0.07512953367875648 0.1685185185185185
3 1.3082901554404145 1.1074074074074074 0.07124352331606218 0.14166666666666666
3 1.4028497409326426 1.1037037037037036 0.07124352331606218 0.14537037037037037
3 1.5349740932642486 1.1037037037037036 0.08031088082901554 0.13796296296296295
3 1.6191709844559585 1.1111111111111112 0.06606217616580311 0.1537037037037037
3 1.0207253886010363 1.3712962962962962 0.06088082901554404 0.12962962962962962
3 1.0932642487046633 1.3601851851851852 0.07383419689119171 0.15648148148148147
3 1.1645077720207253 1.3564814814814814 0.06865284974093264 0.1712962962962963
3 0.30310880829015546 1.3944444444444444 0.08031088082901554 0.11851851851851852
3 0.23575129533678757 1.3944444444444444 0.07512953367875648 0.13333333333333333
3 0.1567357512953368 1.3833333333333333 0.07383419689119171 0.11388888888888889
3 0.08160621761658031 1.3787037037037038 0.07512953367875648 0.14166666666666666
3 1.244818652849741 1.363888888888889 0.08031088082901554 0.1675925925925926
3 0.018134715025906734 1.387037037037037 0.06606217616580311 0.12222222222222222
1 1.38860103626943 0.9814814814814815 0.06865284974093264 0.09166666666666666
1 1.6243523316062176 0.8212962962962963 0.06865284974093264 0.10277777777777777
1 1.339378238341969 0.9277777777777778 0.06994818652849741 0.09166666666666666
