2 0.2864864864864865 0.7805555555555556 0.05945945945945946 0.09444444444444444
1 1.0932432432432433 0.31851851851851853 0.05675675675675676 0.06388888888888888
1 1.0432432432432432 0.8666666666666667 0.062162162162162166 0.09074074074074075
1 0.11351351351351352 0.9231481481481482 0.06756756756756757 0.06388888888888888
1 0.0 0.7472222222222222 0.032432432432432434 0.06388888888888888
1 0.0013513513513513514 0.787962962962963 0.022972972972972974 0.04537037037037037
1 0.0 0.7953703703703704 0.021621621621621623 0.049074074074074076
1 0.024324324324324326 0.8787037037037037 0.032432432432432434 0.03333333333333333
1 0.8432432432432433 0.6722222222222223 0.05540540540540541 0.0787037037037037
1 0.03648648648648649 0.9009259259259259 0.02972972972972973 0.04537037037037037
1 0.5554054054054054 0.9009259259259259 0.04594594594594595 0.049074074074074076
1 1.2405405405405405 0.8666666666666667 0.07432432432432433 0.07962962962962963
1 0.5459459459459459 0.8666666666666667 0.0472972972972973 0.05277777777777778
1 0.3864864864864865 0.8972222222222223 0.05675675675675676 0.075
