3 0.01510989010989011 1.336111111111111 0.09752747252747253 0.10555555555555556
3 0.04945054945054945 1.3666666666666667 0.07692307692307693 0.10185185185185185
3 0.0 1.3666666666666667 0.042582417582417584 0.10925925925925926
3 0.08928571428571429 1.488888888888889 0.1043956043956044 0.1259259259259259
3 0.019230769230769232 1.5092592592592593 0.07005494505494506 0.10555555555555556
3 0.0 1.5166666666666666 0.019230769230769232 0.09444444444444444
3 0.12087912087912088 1.5537037037037038 0.08241758241758242 0.05740740740740741
3 0.0260989010989011 1.5398148148148147 0.09065934065934066 0.0787037037037037
1 1.1758241758241759 0.8138888888888889 0.06318681318681318 0.06111111111111111
1 0.5123626373626373 0.7870370370370371 0.06456043956043957 0.053703703703703705
1 0.21153846153846154 0.8305555555555556 0.08379120879120878 0.058333333333333334
1 0.0 0.8277777777777777 0.03983516483516483 0.04722222222222222
1 1.1895604395604396 0.712037037037037 0.059065934065934064 0.06759259259259259
1 0.8887362637362637 0.6675925925925926 0.059065934065934064 0.06851851851851852
1 0.8818681318681318 0.47129629629629627 0.0521978021978022 0.05740740740740741
1 1.0343406593406594 0.5388888888888889 0.050824175824175824 0.05462962962962963
1 1.0425824175824177 0.5527777777777778 0.04807692307692308 0.05092592592592592
2 1.5645604395604396 0.7796296296296297 0.054945054945054944 0.06481481481481481
1 0.23901098901098902 0.6953703703703704 0.059065934065934064 0.06388888888888888
3 0.41208791208791207 1.5740740740740742 0.13598901098901098 0.04722222222222222
3 0.43956043956043955 1.4925925925925927 0.1043956043956044 0.06111111111111111
3 0.0 1.3842592592592593 0.06868131868131869 0.10462962962962963
3 0.0 1.1527777777777777 0.11950549450549451 0.10555555555555556
1 1.1758241758241759 0.9092592592592592 0.04807692307692308 0.06111111111111111
1 1.1373626373626373 0.762962962962963 0.0521978021978022 0.06759259259259259
1 0.6730769230769231 0.287962962962963 0.03571428571428571 0.08518518518518518
1 0.6222527472527473 0.30833333333333335 0.06318681318681318 0.05092592592592592
1 1.4986263736263736 0.7018518518518518 0.050824175824175824 0.08796296296296297
3 0.004120879120879121 1.0787037037037037 0.03159340659340659 0.1287037037037037
3 0.1510989010989011 1.0620370370370371 0.07005494505494506 0.125
3 0.22802197802197802 1.0685185185185184 0.08104395604395605 0.12222222222222222
3 0.36538461538461536 1.0620370370370371 0.08104395604395605 0.11481481481481481
3 0.5590659340659341 1.0620370370370371 0.09065934065934066 0.1111111111111111
3 0.6538461538461539 1.0518518518518518 0.07967032967032966 0.13148148148148148
3 0.7925824175824175 1.0620370370370371 0.08104395604395605 0.11851851851851852
3 0.8777472527472527 1.0620370370370371 0.08379120879120878 0.12129629629629629
3 1.1222527472527473 1.0583333333333333 0.07142857142857142 0.10185185185185185
3 1.2802197802197801 1.048148148148148 0.07005494505494506 0.13518518518518519
3 1.3585164835164836 1.0314814814814814 0.07280219780219781 0.14166666666666666
3 0.5934065934065934 1.3157407407407407 0.09065934065934066 0.12962962962962962
