1 1.0 1.651851851851852 0.03768844221105527 0.06388888888888888
1 1.1092964824120604 1.6935185185185184 0.06532663316582915 0.0712962962962963
1 0.001256281407035176 0.8592592592592593 0.04773869346733668 0.0712962962962963
1 1.0402010050251256 1.6333333333333333 0.048994974874371856 0.08981481481481482
1 0.0037688442211055275 0.9305555555555556 0.04271356783919598 0.05648148148148148
1 0.585427135678392 0.0 0.06281407035175879 0.06296296296296296
1 1.0891959798994975 0.6601851851851852 0.0728643216080402 0.09444444444444444
1 1.1394472361809045 0.8111111111111111 0.06281407035175879 0.08981481481481482
1 1.2173366834170853 0.8444444444444444 0.06155778894472362 0.09074074074074075
1 1.2663316582914572 0.8111111111111111 0.06281407035175879 0.08981481481481482
1 0.0 0.7731481481481481 0.06658291457286432 0.08981481481481482
1 0.7701005025125628 0.9120370370370371 0.06281407035175879 0.0787037037037037
1 0.2236180904522613 0.3712962962962963 0.06281407035175879 0.09351851851851851
1 1.0917085427135678 1.7157407407407408 0.06030150753768844 0.0712962962962963
1 1.736180904522613 0.7805555555555556 0.04271356783919598 0.0712962962962963
1 1.4321608040201006 0.7768518518518519 0.08668341708542714 0.08981481481481482
1 0.3492462311557789 0.003703703703703704 0.059045226130653265 0.08981481481481482
1 1.1243718592964824 1.7305555555555556 0.052763819095477386 0.06388888888888888
1 0.6105527638190955 0.11574074074074074 0.0678391959798995 0.075
2 0.0 0.837037037037037 0.07160804020100503 0.08981481481481482
