3 0.2877094972067039 1.0777777777777777 0.09636871508379888 0.17962962962962964
1 0.0013966480446927375 0.8629629629629629 0.04748603351955307 0.06759259259259259
6 1.297486033519553 0.9046296296296297 0.19273743016759776 0.0824074074074074
1 0.01675977653631285 0.8629629629629629 0.0446927374301676 0.05648148148148148
1 0.0712290502793296 0.7916666666666666 0.05726256983240224 0.075
1 0.0335195530726257 0.8148148148148148 0.0670391061452514 0.06759259259259259
1 0.0223463687150838 0.7953703703703704 0.051675977653631286 0.07962962962962963
1 0.9818435754189944 1.1601851851851852 0.051675977653631286 0.1574074074074074
1 1.7946927374301676 0.8824074074074074 0.05446927374301676 0.09351851851851851
3 1.2835195530726258 0.9574074074074074 0.11871508379888268 0.06018518518518518
3 0.12569832402234637 1.1111111111111112 0.1005586592178771 0.1425925925925926
2 0.09776536312849161 0.8592592592592593 0.08798882681564246 0.12037037037037036
1 0.12569832402234637 0.7092592592592593 0.030726256983240222 0.0787037037037037
1 1.797486033519553 0.8111111111111111 0.03910614525139665 0.08981481481481482
1 1.8058659217877095 1.4833333333333334 0.04329608938547486 0.11574074074074074
1 0.6703910614525139 0.9351851851851852 0.055865921787709494 0.09722222222222222
3 0.04888268156424581 1.1074074074074074 0.07402234636871509 0.14629629629629629
3 0.5740223463687151 1.0657407407407407 0.06284916201117319 0.17685185185185184
3 0.6550279329608939 1.0703703703703704 0.08798882681564246 0.19074074074074074
3 0.06424581005586592 1.3518518518518519 0.07402234636871509 0.18425925925925926
3 0.14106145251396648 1.3777777777777778 0.09776536312849161 0.16574074074074074
1 0.25 0.837037037037037 0.046089385474860335 0.06018518518518518
1 0.22905027932960895 0.8787037037037037 0.06424581005586592 0.06759259259259259
1 1.6368715083798884 0.7953703703703704 0.05726256983240224 0.08333333333333333
1 1.7513966480446927 0.7731481481481481 0.05865921787709497 0.09814814814814815
1 1.611731843575419 0.8629629629629629 0.08798882681564246 0.08333333333333333
1 1.7122905027932962 0.8407407407407408 0.051675977653631286 0.075
1 1.7695530726256983 0.8629629629629629 0.051675977653631286 0.06759259259259259
