1 0.7378378378378379 1.5842592592592593 0.052702702702702706 0.0787037037037037
1 1.2621621621621621 0.487962962962963 0.03783783783783784 0.075
1 0.6662162162162162 1.5509259259259258 0.041891891891891894 0.0712962962962963
1 0.0 0.7620370370370371 0.02972972972972973 0.075
1 0.041891891891891894 0.8222222222222222 0.041891891891891894 0.06018518518518518
1 0.03648648648648649 0.8444444444444444 0.05540540540540541 0.06759259259259259
1 1.0432432432432432 0.25833333333333336 0.051351351351351354 0.0712962962962963
1 1.162162162162162 0.9268518518518518 0.08513513513513514 0.09074074074074075
1 1.2797297297297296 0.8861111111111111 0.0472972972972973 0.08611111111111111
1 1.4648648648648648 1.7268518518518519 0.05945945945945946 0.06759259259259259
