3 0.7027027027027027 1.4175925925925925 0.1662162162162162 0.09907407407407408
3 0.9824324324324324 1.5092592592592593 0.06756756756756757 0.09907407407407408
3 0.17567567567567569 1.075 0.09594594594594595 0.1287037037037037
3 0.09324324324324325 1.0851851851851853 0.07702702702702703 0.11574074074074074
3 0.0 1.1018518518518519 0.05675675675675676 0.11203703703703703
1 0.8162162162162162 1.1805555555555556 0.07702702702702703 0.06111111111111111
1 0.5391891891891892 0.8611111111111112 0.07162162162162163 0.06851851851851852
1 0.7202702702702702 0.8101851851851852 0.05 0.05462962962962963
1 1.0094594594594595 0.8648148148148148 0.052702702702702706 0.075
1 1.2094594594594594 0.9324074074074075 0.043243243243243246 0.05462962962962963
1 1.4864864864864864 0.026851851851851852 0.062162162162162166 0.11481481481481481
1 1.5108108108108107 0.2814814814814815 0.03783783783783784 0.08148148148148149
1 0.13918918918918918 0.7222222222222222 0.07027027027027027 0.06481481481481481
1 1.018918918918919 0.850925925925926 0.043243243243243246 0.06111111111111111
1 1.3486486486486486 0.8888888888888888 0.03648648648648649 0.053703703703703705
1 1.404054054054054 0.8888888888888888 0.03648648648648649 0.04722222222222222
1 1.4094594594594594 0.9194444444444444 0.025675675675675677 0.03333333333333333
1 1.3445945945945945 0.7425925925925926 0.03783783783783784 0.044444444444444446
1 0.9364864864864865 1.173148148148148 0.04594594594594595 0.058333333333333334
3 1.0351351351351352 1.4111111111111112 0.1445945945945946 0.2101851851851852
1 1.4013513513513514 0.9361111111111111 0.03648648648648649 0.037037037037037035
1 1.2837837837837838 0.8342592592592593 0.031081081081081083 0.040740740740740744
1 1.2837837837837838 0.8101851851851852 0.031081081081081083 0.03425925925925926
1 1.5121621621621621 1.275 0.041891891891891894 0.06111111111111111
