3 0.9972972972972973 1.5166666666666666 0.06486486486486487 0.08425925925925926
3 1.0716216216216217 1.55 0.052702702702702706 0.058333333333333334
3 0.062162162162162166 1.0787037037037037 0.05945945945945946 0.09444444444444444
3 0.0 1.0722222222222222 0.04054054054054054 0.09074074074074075
3 0.0472972972972973 1.1018518518518519 0.033783783783783786 0.08148148148148149
1 0.8013513513513514 1.173148148148148 0.04864864864864865 0.05462962962962963
1 0.00945945945945946 0.8277777777777777 0.02837837837837838 0.04722222222222222
1 0.08378378378378379 0.8305555555555556 0.03648648648648649 0.05092592592592592
1 0.5608108108108109 0.875 0.033783783783783786 0.040740740740740744
1 1.3797297297297297 0.6407407407407407 0.03648648648648649 0.04722222222222222
1 1.664864864864865 0.4101851851851852 0.033783783783783786 0.044444444444444446
1 1.3391891891891892 0.5962962962962963 0.03648648648648649 0.04814814814814815
1 0.8783783783783784 0.9222222222222223 0.03918918918918919 0.04814814814814815
1 0.9851351351351352 0.899074074074074 0.024324324324324326 0.040740740740740744
1 0.9797297297297297 0.9259259259259259 0.02702702702702703 0.030555555555555555
1 1.6310810810810812 0.8101851851851852 0.033783783783783786 0.04814814814814815
1 0.8959459459459459 1.1666666666666667 0.052702702702702706 0.0712962962962963
1 0.745945945945946 1.011111111111111 0.04864864864864865 0.04722222222222222
1 0.9675675675675676 0.6777777777777778 0.0445945945945946 0.04814814814814815
1 1.095945945945946 0.675 0.04054054054054054 0.04722222222222222
1 0.5635135135135135 0.8685185185185185 0.033783783783783786 0.03333333333333333
2 1.695945945945946 1.5398148148148147 0.033783783783783786 0.04814814814814815
1 1.695945945945946 1.5092592592592593 0.031081081081081083 0.04814814814814815
1 1.0716216216216217 0.6981481481481482 0.02702702702702703 0.03796296296296296
1 1.1175675675675676 0.6851851851851852 0.03648648648648649 0.04722222222222222
1 1.095945945945946 0.6981481481481482 0.02837837837837838 0.030555555555555555
1 1.1486486486486487 0.7796296296296297 0.033783783783783786 0.040740740740740744
1 1.0337837837837838 0.03981481481481482 0.04054054054054054 0.04814814814814815
1 1.3148648648648649 0.08425925925925926 0.03648648648648649 0.05740740740740741
2 0.0472972972972973 0.7898148148148149 0.060810810810810814 0.058333333333333334
1 1.4256756756756757 0.9833333333333333 0.041891891891891894 0.058333333333333334
3 0.9418918918918919 1.4416666666666667 0.12567567567567567 0.17962962962962964
1 0.9797297297297297 0.9462962962962963 0.03648648648648649 0.040740740740740744
1 1.6864864864864866 0.8101851851851852 0.033783783783783786 0.04814814814814815
1 1.681081081081081 0.7870370370370371 0.03648648648648649 0.040740740740740744
1 1.677027027027027 1.4074074074074074 0.033783783783783786 0.04814814814814815
