1 1.8310055865921788 0.8666666666666667 0.023743016759776536 0.05648148148148148
1 1.8226256983240223 0.9120370370370371 0.03212290502793296 0.05648148148148148
1 1.8337988826815643 0.6342592592592593 0.02094972067039106 0.06759259259259259
1 1.8337988826815643 0.5925925925925926 0.02094972067039106 0.06018518518518518
1 1.8337988826815643 0.5407407407407407 0.02094972067039106 0.06388888888888888
3 0.12569832402234637 1.3703703703703705 0.0935754189944134 0.1425925925925926
1 1.7304469273743017 0.7092592592592593 0.04888268156424581 0.041666666666666664
1 0.0 0.9648148148148148 0.040502793296089384 0.05648148148148148
3 0.030726256983240222 1.3777777777777778 0.09776536312849161 0.13148148148148148
3 0.0223463687150838 1.0925925925925926 0.08519553072625698 0.18425925925925926
3 0.12290502793296089 1.1 0.08798882681564246 0.1425925925925926
3 0.2779329608938548 1.0851851851851853 0.0824022346368715 0.16111111111111112
3 0.5614525139664804 1.0657407407407407 0.07541899441340782 0.15833333333333333
3 0.6494413407821229 1.0814814814814815 0.07681564245810056 0.1537037037037037
1 1.7849162011173185 0.8296296296296296 0.03770949720670391 0.0787037037037037
1 1.1312849162011174 0.8666666666666667 0.03910614525139665 0.05648148148148148
1 1.149441340782123 0.8444444444444444 0.0446927374301676 0.06388888888888888
1 1.3673184357541899 0.787962962962963 0.03770949720670391 0.05648148148148148
1 0.14664804469273743 0.7240740740740741 0.055865921787709494 0.06759259259259259
