1 0.831081081081081 0.8787037037037037 0.033783783783783786 0.044444444444444446
1 0.8405405405405405 0.8481481481481481 0.02702702702702703 0.03425925925925926
1 0.0 0.8898148148148148 0.02972972972972973 0.0712962962962963
2 0.7675675675675676 1.6592592592592592 0.05540540540540541 0.08333333333333333
1 0.9527027027027027 0.0 0.04054054054054054 0.05185185185185185
1 0.831081081081081 0.8935185185185185 0.033783783783783786 0.05277777777777778
1 0.8432432432432433 0.8666666666666667 0.024324324324324326 0.030555555555555555
1 0.0 0.8074074074074075 0.05945945945945946 0.06388888888888888
1 0.6878378378378378 1.0962962962962963 0.032432432432432434 0.06388888888888888
1 0.6581081081081082 1.1 0.05 0.06388888888888888
1 0.7081081081081081 1.0962962962962963 0.03513513513513514 0.06759259259259259
1 0.7256756756756757 1.0925925925925926 0.05 0.06388888888888888
1 0.5013513513513513 0.8148148148148148 0.06756756756756757 0.0787037037037037
1 1.191891891891892 0.9194444444444444 0.07567567567567568 0.0787037037037037
1 1.3067567567567568 0.9009259259259259 0.052702702702702706 0.05277777777777778
1 1.0054054054054054 0.6564814814814814 0.06486486486486487 0.10925925925925926
1 0.8986486486486487 0.9120370370370371 0.05945945945945946 0.075
1 0.0 0.8407407407407408 0.0472972972972973 0.0712962962962963
1 0.0013513513513513514 0.8592592592592593 0.05 0.0712962962962963
1 1.335135135135135 0.8972222222222223 0.05405405405405406 0.06759259259259259
