1 1.2946927374301676 0.8342592592592593 0.05726256983240224 0.06481481481481481
1 1.2513966480446927 0.9259259259259259 0.0335195530726257 0.040740740740740744
1 1.6256983240223464 0.8379629629629629 0.025139664804469275 0.06759259259259259
1 1.6256983240223464 0.899074074074074 0.025139664804469275 0.0712962962962963
1 1.600558659217877 0.8 0.02653631284916201 0.06481481481481481
1 0.520949720670391 0.875 0.029329608938547486 0.037037037037037035
1 0.9958100558659218 0.8037037037037037 0.04888268156424581 0.037037037037037035
1 0.5684357541899442 0.899074074074074 0.04189944134078212 0.03333333333333333
1 1.1662011173184357 0.8583333333333333 0.03910614525139665 0.04351851851851852
1 0.00558659217877095 0.5898148148148148 0.05865921787709497 0.0712962962962963
1 0.41480446927374304 1.537037037037037 0.05307262569832402 0.05092592592592592
1 0.3365921787709497 0.45092592592592595 0.04189944134078212 0.05740740740740741
1 1.4832402234636872 0.8444444444444444 0.0335195530726257 0.06759259259259259
1 1.1843575418994414 0.7870370370370371 0.04189944134078212 0.053703703703703705
1 1.181564245810056 0.8481481481481481 0.03910614525139665 0.040740740740740744
1 0.520949720670391 0.899074074074074 0.027932960893854747 0.04351851851851852
1 0.5782122905027933 0.9157407407407407 0.03212290502793296 0.037037037037037035
1 0.952513966480447 0.8481481481481481 0.04748603351955307 0.04722222222222222
1 0.9553072625698324 0.8953703703703704 0.0335195530726257 0.044444444444444446
1 0.1871508379888268 1.4861111111111112 0.034916201117318434 0.053703703703703705
1 0.0111731843575419 0.5592592592592592 0.0335195530726257 0.05740740740740741
1 0.3756983240223464 0.7666666666666667 0.030726256983240222 0.053703703703703705
1 0.3743016759776536 0.7972222222222223 0.03212290502793296 0.04351851851851852
1 0.5349162011173184 0.7935185185185185 0.03212290502793296 0.04722222222222222
1 1.0069832402234637 0.7796296296296297 0.034916201117318434 0.04814814814814815
1 1.191340782122905 0.8138888888888889 0.036312849162011177 0.05462962962962963
1 1.5432960893854748 0.7388888888888889 0.0335195530726257 0.06851851851851852
2 0.27932960893854747 1.55 0.05027932960893855 0.06111111111111111
