3 0.0942211055276382 1.6787037037037038 0.07788944723618091 0.09351851851851851
1 0.7135678391959799 0.17222222222222222 0.0364321608040201 0.06759259259259259
1 0.14195979899497488 0.6685185185185185 0.032663316582914576 0.075
1 0.17462311557788945 0.6981481481481482 0.031407035175879394 0.05277777777777778
1 1.728643216080402 0.3787037037037037 0.03015075376884422 0.10555555555555556
6 0.3756281407035176 0.9537037037037037 0.1306532663316583 0.06388888888888888
1 0.8228643216080402 1.5055555555555555 0.03768844221105527 0.06018518518518518
1 0.7977386934673367 1.5092592592592593 0.03015075376884422 0.06759259259259259
1 1.4170854271356783 0.649074074074074 0.03391959798994975 0.05277777777777778
1 0.13693467336683418 1.7083333333333333 0.035175879396984924 0.03796296296296296
1 0.4434673366834171 1.2203703703703703 0.05527638190954774 0.11203703703703703
1 0.27638190954773867 0.8935185185185185 0.035175879396984924 0.06759259259259259
1 1.1595477386934674 0.8222222222222222 0.05527638190954774 0.044444444444444446
1 1.1620603015075377 0.8592592592592593 0.04522613065326633 0.05277777777777778
