3 0.9945945945945946 1.512962962962963 0.06756756756756757 0.08518518518518518
3 1.0783783783783785 1.5472222222222223 0.05405405405405406 0.05740740740740741
3 0.013513513513513514 1.0648148148148149 0.05810810810810811 0.09814814814814815
3 0.05675675675675676 1.099074074074074 0.03648648648648649 0.08425925925925926
3 0.14189189189189189 1.099074074074074 0.033783783783783786 0.08148148148148149
1 0.7702702702702703 1.173148148148148 0.04864864864864865 0.05462962962962963
1 0.1635135135135135 0.8546296296296296 0.031081081081081083 0.04722222222222222
1 0.022972972972972974 0.8583333333333333 0.03918918918918919 0.05092592592592592
1 0.4594594594594595 0.875 0.033783783783783786 0.040740740740740744
1 1.4337837837837837 0.5833333333333334 0.03513513513513514 0.04722222222222222
1 1.6594594594594594 0.48148148148148145 0.031081081081081083 0.044444444444444446
1 1.2986486486486486 0.5935185185185186 0.03513513513513514 0.04722222222222222
1 0.7554054054054054 0.9120370370370371 0.0445945945945946 0.04814814814814815
1 0.8905405405405405 0.8851851851851852 0.02702702702702703 0.040740740740740744
1 0.8891891891891892 0.9120370370370371 0.025675675675675677 0.030555555555555555
1 1.5608108108108107 0.8277777777777777 0.031081081081081083 0.04722222222222222
1 0.8675675675675676 1.1703703703703703 0.052702702702702706 0.06759259259259259
1 0.7756756756756756 1.0240740740740741 0.0472972972972973 0.04814814814814815
1 0.9675675675675676 0.6777777777777778 0.0445945945945946 0.04814814814814815
1 1.095945945945946 0.675 0.04054054054054054 0.04722222222222222
1 0.46216216216216216 0.8648148148148148 0.031081081081081083 0.03425925925925926
2 1.695945945945946 1.5398148148148147 0.033783783783783786 0.04814814814814815
1 1.662162162162162 1.5064814814814815 0.033783783783783786 0.05092592592592592
1 1.0810810810810811 0.712037037037037 0.02702702702702703 0.037037037037037035
1 1.114864864864865 0.7083333333333334 0.03648648648648649 0.04814814814814815
1 1.1027027027027028 0.7157407407407408 0.031081081081081083 0.030555555555555555
1 1.2162162162162162 0.7833333333333333 0.033783783783783786 0.040740740740740744
1 1.0337837837837838 0.03981481481481482 0.04054054054054054 0.04814814814814815
1 1.308108108108108 0.16574074074074074 0.03783783783783784 0.06111111111111111
2 0.27702702702702703 0.7666666666666667 0.05945945945945946 0.05740740740740741
1 1.422972972972973 0.987037037037037 0.041891891891891894 0.05740740740740741
3 0.9243243243243243 1.4481481481481482 0.12837837837837837 0.17314814814814813
1 0.8864864864864865 0.9324074074074075 0.03648648648648649 0.03796296296296296
1 1.5905405405405406 0.8203703703703704 0.032432432432432434 0.04814814814814815
1 1.6013513513513513 0.8 0.033783783783783786 0.040740740740740744
1 1.6162162162162161 1.336111111111111 0.033783783783783786 0.05092592592592592
