1 1.2946927374301676 0.8342592592592593 0.05726256983240224 0.06481481481481481
1 1.0698324022346368 0.9092592592592592 0.03910614525139665 0.040740740740740744
1 1.1564245810055866 0.8342592592592593 0.023743016759776536 0.06111111111111111
1 1.1592178770949721 0.8712962962962963 0.029329608938547486 0.05462962962962963
1 1.1173184357541899 0.8037037037037037 0.027932960893854747 0.06481481481481481
1 0.5712290502793296 0.8712962962962963 0.029329608938547486 0.05092592592592592
1 0.9776536312849162 0.7935185185185185 0.04329608938547486 0.044444444444444446
1 0.5921787709497207 0.8916666666666667 0.03910614525139665 0.03425925925925926
1 0.7416201117318436 0.8407407407407408 0.04329608938547486 0.044444444444444446
1 0.00558659217877095 0.5898148148148148 0.05865921787709497 0.0712962962962963
1 0.16899441340782123 1.3805555555555555 0.05307262569832402 0.05462962962962963
1 0.12150837988826815 0.362962962962963 0.03910614525139665 0.04722222222222222
1 0.9385474860335196 0.8277777777777777 0.036312849162011177 0.07407407407407407
1 0.8519553072625698 0.8101851851851852 0.04329608938547486 0.04814814814814815
1 0.8379888268156425 0.8583333333333333 0.040502793296089384 0.04722222222222222
1 0.5782122905027933 0.9055555555555556 0.025139664804469275 0.044444444444444446
1 0.6033519553072626 0.9157407407407407 0.027932960893854747 0.037037037037037035
1 0.5572625698324022 0.850925925925926 0.04888268156424581 0.05092592592592592
1 0.5600558659217877 0.8787037037037037 0.0335195530726257 0.04722222222222222
1 0.22625698324022347 1.4657407407407408 0.034916201117318434 0.053703703703703705
1 0.0 0.5731481481481482 0.029329608938547486 0.05740740740740741
1 0.12849162011173185 0.7898148148148149 0.029329608938547486 0.05462962962962963
1 0.12849162011173185 0.8342592592592593 0.03212290502793296 0.044444444444444446
1 0.22905027932960895 0.7972222222222223 0.029329608938547486 0.04351851851851852
1 0.9804469273743017 0.7731481481481481 0.036312849162011177 0.040740740740740744
1 0.8561452513966481 0.8240740740740741 0.03910614525139665 0.05462962962962963
1 1.2067039106145252 0.7222222222222222 0.034916201117318434 0.0712962962962963
2 0.35335195530726254 1.5907407407407408 0.05027932960893855 0.030555555555555555
