3 0.9972972972972973 1.5194444444444444 0.06486486486486487 0.08148148148148149
3 1.0675675675675675 1.55 0.052702702702702706 0.058333333333333334
3 0.17297297297297298 1.0953703703703703 0.05945945945945946 0.08148148148148149
3 0.09594594594594595 1.0851851851851853 0.04594594594594595 0.08796296296296297
3 0.0013513513513513514 1.1018518518518519 0.033783783783783786 0.08148148148148149
1 0.8162162162162162 1.173148148148148 0.04864864864864865 0.05462962962962963
1 0.08108108108108109 0.8444444444444444 0.033783783783783786 0.04722222222222222
1 0.20945945945945946 0.850925925925926 0.03783783783783784 0.04814814814814815
1 0.6527027027027027 0.8888888888888888 0.031081081081081083 0.037037037037037035
1 1.3567567567567567 0.675 0.032432432432432434 0.04722222222222222
1 1.622972972972973 0.38981481481481484 0.033783783783783786 0.04722222222222222
1 1.385135135135135 0.5962962962962963 0.033783783783783786 0.04814814814814815
1 0.9486486486486486 0.9324074074074075 0.04054054054054054 0.04814814814814815
1 1.0527027027027027 0.9120370370370371 0.024324324324324326 0.044444444444444446
1 1.0472972972972974 0.9398148148148148 0.031081081081081083 0.030555555555555555
1 1.6675675675675676 0.8 0.033783783783783786 0.04814814814814815
1 0.9108108108108108 1.162962962962963 0.052702702702702706 0.075
1 0.772972972972973 1.000925925925926 0.04864864864864865 0.04722222222222222
1 0.9675675675675676 0.6777777777777778 0.0445945945945946 0.04814814814814815
1 1.095945945945946 0.675 0.04054054054054054 0.04722222222222222
1 0.6378378378378379 0.875 0.031081081081081083 0.03425925925925926
2 1.695945945945946 1.5398148148148147 0.033783783783783786 0.04814814814814815
1 1.6905405405405405 1.4787037037037036 0.032432432432432434 0.04814814814814815
1 1.0716216216216217 0.6981481481481482 0.02702702702702703 0.03796296296296296
1 1.1175675675675676 0.6851851851851852 0.03648648648648649 0.04722222222222222
1 1.095945945945946 0.6981481481481482 0.02837837837837838 0.030555555555555555
1 1.127027027027027 0.7833333333333333 0.033783783783783786 0.037037037037037035
1 1.0337837837837838 0.03981481481481482 0.04054054054054054 0.04814814814814815
1 1.3175675675675675 0.04351851851851852 0.03648648648648649 0.05462962962962963
2 0.010810810810810811 0.8203703703703704 0.060810810810810814 0.058333333333333334
1 1.4256756756756757 0.9833333333333333 0.041891891891891894 0.05462962962962963
3 0.9878378378378379 1.4175925925925925 0.12432432432432433 0.2037037037037037
1 1.0472972972972974 0.9527777777777777 0.03648648648648649 0.040740740740740744
1 1.6310810810810812 0.8203703703703704 0.033783783783783786 0.04814814814814815
1 1.6283783783783783 0.8037037037037037 0.03918918918918919 0.037037037037037035
1 1.681081081081081 1.4212962962962963 0.033783783783783786 0.04722222222222222
