1 0.7675675675675676 1.761111111111111 0.05 0.03333333333333333
1 0.05405405405405406 0.5444444444444444 0.03513513513513514 0.0712962962962963
1 0.9472972972972973 0.8712962962962963 0.060810810810810814 0.15
1 0.3891891891891892 0.7240740740740741 0.05405405405405406 0.09074074074074075
3 1.3297297297297297 1.6712962962962963 0.10810810810810811 0.08981481481481482
1 1.0297297297297296 0.5324074074074074 0.05810810810810811 0.06388888888888888
2 0.8932432432432432 1.0324074074074074 0.06756756756756757 0.09722222222222222
1 0.02972972972972973 0.875 0.062162162162162166 0.075
1 1.1878378378378378 0.837037037037037 0.05945945945945946 0.09351851851851851
1 1.0972972972972972 1.4796296296296296 0.08513513513513514 0.08981481481481482
