3 0.2569832402234637 1.0925925925925926 0.13687150837988826 0.14629629629629629
1 0.7318435754189944 0.8333333333333334 0.036312849162011177 0.04537037037037037
1 0.6103351955307262 0.8222222222222222 0.04748603351955307 0.037037037037037035
1 1.6885474860335195 0.6796296296296296 0.051675977653631286 0.06759259259259259
1 1.350558659217877 0.7953703703703704 0.036312849162011177 0.05277777777777778
1 1.3673184357541899 0.7805555555555556 0.040502793296089384 0.06018518518518518
1 1.6215083798882681 0.9351851851851852 0.05726256983240224 0.0824074074074074
3 0.12569832402234637 1.1111111111111112 0.10614525139664804 0.13148148148148148
3 0.01675977653631285 1.1037037037037036 0.1005586592178771 0.1425925925925926
3 0.5488826815642458 1.1037037037037036 0.1005586592178771 0.11296296296296296
3 0.6438547486033519 1.1 0.09916201117318436 0.12777777777777777
3 0.040502793296089384 1.374074074074074 0.08798882681564246 0.13518518518518519
3 0.13547486033519554 1.3592592592592592 0.10335195530726257 0.1425925925925926
3 1.276536312849162 0.9537037037037037 0.10335195530726257 0.06759259259259259
1 1.2164804469273742 0.8712962962962963 0.03212290502793296 0.044444444444444446
1 1.2164804469273742 0.8935185185185185 0.036312849162011177 0.037037037037037035
1 0.5824022346368715 0.8407407407407408 0.046089385474860335 0.04537037037037037
1 0.7472067039106145 0.8111111111111111 0.036312849162011177 0.037037037037037035
1 0.7960893854748603 0.837037037037037 0.036312849162011177 0.049074074074074076
3 1.6941340782122905 1.723148148148148 0.0782122905027933 0.06759259259259259
1 0.5572625698324022 0.8666666666666667 0.046089385474860335 0.05277777777777778
1 0.7136871508379888 0.8481481481481481 0.036312849162011177 0.05648148148148148
1 0.776536312849162 0.8481481481481481 0.027932960893854747 0.06759259259259259
