1 0.0 0.8074074074074075 0.061452513966480445 0.0787037037037037
3 0.0223463687150838 1.3777777777777778 0.11312849162011174 0.12037037037037036
3 0.012569832402234637 1.1222222222222222 0.11592178770949721 0.14722222222222223
3 0.13128491620111732 1.0925925925925926 0.11592178770949721 0.1537037037037037
3 0.5405027932960894 1.0925925925925926 0.09636871508379888 0.13148148148148148
3 0.6410614525139665 1.0925925925925926 0.11452513966480447 0.15
3 0.15083798882681565 1.3666666666666667 0.10614525139664804 0.14629629629629629
3 0.26536312849162014 1.0962962962962963 0.1340782122905028 0.1388888888888889
3 1.149441340782123 1.5805555555555555 0.2122905027932961 0.10925925925925926
3 1.2583798882681565 0.9462962962962963 0.12849162011173185 0.08611111111111111
1 1.3463687150837989 0.8481481481481481 0.0670391061452514 0.075
1 0.15083798882681565 0.8861111111111111 0.05027932960893855 0.06018518518518518
1 0.15083798882681565 0.8629629629629629 0.06005586592178771 0.05277777777777778
1 0.16899441340782123 0.8333333333333334 0.05726256983240224 0.049074074074074076
1 0.16899441340782123 0.8518518518518519 0.04748603351955307 0.049074074074074076
1 1.8072625698324023 0.25092592592592594 0.0446927374301676 0.09444444444444444
1 1.812849162011173 0.8407407407407408 0.03910614525139665 0.075
1 0.9106145251396648 0.7953703703703704 0.061452513966480445 0.07962962962962963
2 1.797486033519553 0.9685185185185186 0.051675977653631286 0.0824074074074074
1 0.5 0.9462962962962963 0.08519553072625698 0.0787037037037037
1 0.9022346368715084 0.7277777777777777 0.046089385474860335 0.09444444444444444
1 0.9441340782122905 0.9268518518518518 0.07681564245810056 0.0712962962962963
1 1.797486033519553 1.2092592592592593 0.05446927374301676 0.0824074074074074
1 1.803072625698324 0.5138888888888888 0.046089385474860335 0.0824074074074074
1 0.5740223463687151 0.7953703703703704 0.07262569832402235 0.07592592592592592
1 0.06843575418994413 0.7277777777777777 0.0782122905027933 0.08333333333333333
1 0.8589385474860335 0.7546296296296297 0.07681564245810056 0.0787037037037037
