3 0.0 1.0518518518518518 0.1 0.13518518518518519
1 1.1081081081081081 0.6777777777777778 0.05540540540540541 0.03425925925925926
1 0.7121621621621622 1.1805555555555556 0.04594594594594595 0.05092592592592592
1 0.2905405405405405 0.8814814814814815 0.031081081081081083 0.03796296296296296
1 1.4837837837837837 0.4777777777777778 0.052702702702702706 0.075
1 1.7148648648648648 0.8407407407407408 0.014864864864864866 0.04814814814814815
1 0.5702702702702702 0.9120370370370371 0.043243243243243246 0.04814814814814815
1 0.7243243243243244 0.9018518518518519 0.03918918918918919 0.044444444444444446
1 0.722972972972973 0.9296296296296296 0.032432432432432434 0.037037037037037035
1 1.4472972972972973 0.9425925925925925 0.02972972972972973 0.044444444444444446
1 1.4378378378378378 0.8953703703703704 0.031081081081081083 0.040740740740740744
1 1.4405405405405405 0.9296296296296296 0.031081081081081083 0.03333333333333333
1 0.0 0.9731481481481481 0.02837837837837838 0.058333333333333334
1 0.0 0.9398148148148148 0.021621621621621623 0.03333333333333333
1 0.0 0.9601851851851851 0.025675675675675677 0.04722222222222222
1 0.0 0.9157407407407407 0.031081081081081083 0.06111111111111111
1 0.0 0.8712962962962963 0.010810810810810811 0.04814814814814815
1 0.062162162162162166 0.9361111111111111 0.04864864864864865 0.05092592592592592
1 1.712162162162162 0.7694444444444445 0.01756756756756757 0.04814814814814815
1 1.7202702702702704 0.7361111111111112 0.00945945945945946 0.040740740740740744
1 1.7081081081081082 0.8 0.024324324324324326 0.06111111111111111
2 1.5243243243243243 1.3564814814814814 0.04594594594594595 0.04814814814814815
1 1.7054054054054053 1.5296296296296297 0.024324324324324326 0.04814814814814815
1 1.7202702702702704 1.5027777777777778 0.012162162162162163 0.04722222222222222
1 1.095945945945946 0.14537037037037037 0.043243243243243246 0.06759259259259259
6 0.9027027027027027 1.4759259259259259 0.12837837837837837 0.14907407407407408
3 0.0 1.1398148148148148 0.0472972972972973 0.11481481481481481
3 0.0 1.125925925925926 0.05 0.10555555555555556
1 1.4675675675675677 0.7055555555555556 0.043243243243243246 0.04722222222222222
3 0.062162162162162166 1.0916666666666666 0.07972972972972973 0.1259259259259259
1 0.8094594594594594 1.1833333333333333 0.05540540540540541 0.05462962962962963
1 0.9391891891891891 1.0620370370370371 0.052702702702702706 0.053703703703703705
1 0.9675675675675676 0.6953703703703704 0.04864864864864865 0.053703703703703705
1 1.077027027027027 0.6953703703703704 0.052702702702702706 0.06111111111111111
1 0.28378378378378377 0.8611111111111112 0.04054054054054054 0.030555555555555555
2 1.527027027027027 1.4148148148148147 0.05810810810810811 0.053703703703703705
1 1.5297297297297296 1.4074074074074074 0.05540540540540541 0.0712962962962963
1 1.1445945945945946 0.8 0.043243243243243246 0.04814814814814815
1 1.1662162162162162 0.762962962962963 0.043243243243243246 0.04722222222222222
1 1.385135135135135 0.7870370370370371 0.052702702702702706 0.06111111111111111
1 1.031081081081081 0.04351851851851852 0.031081081081081083 0.04722222222222222
1 1.2932432432432432 0.28425925925925927 0.04864864864864865 0.075
2 0.8013513513513514 0.8277777777777777 0.04864864864864865 0.06111111111111111
1 1.4216216216216215 0.9935185185185185 0.04054054054054054 0.06111111111111111
1 0.0 1.1768518518518518 0.02837837837837838 0.075
1 1.4378378378378378 0.9120370370370371 0.03648648648648649 0.044444444444444446
1 0.7337837837837838 0.9462962962962963 0.033783783783783786 0.040740740740740744
