1 1.7487437185929648 0.6046296296296296 0.04271356783919598 0.06759259259259259
6 0.14195979899497488 0.8222222222222222 0.13190954773869346 0.0824074074074074
1 0.4535175879396985 1.212962962962963 0.05025125628140704 0.0787037037037037
1 0.4334170854271357 1.2351851851851852 0.052763819095477386 0.05648148148148148
3 0.0 1.5620370370370371 0.026381909547738693 0.08611111111111111
1 0.435929648241206 0.003703703703703704 0.05778894472361809 0.040740740740740744
1 0.964824120603015 0.45 0.04773869346733668 0.06759259259259259
1 0.19597989949748743 1.3703703703703705 0.04773869346733668 0.06388888888888888
1 0.06658291457286432 0.9388888888888889 0.04773869346733668 0.0712962962962963
1 0.0 0.8898148148148148 0.02386934673366834 0.0712962962962963
1 0.8153266331658291 0.8296296296296296 0.04522613065326633 0.08981481481481482
1 0.8128140703517588 0.8555555555555555 0.04271356783919598 0.06018518518518518
1 0.011306532663316583 0.7398148148148148 0.04773869346733668 0.075
