1 1.4663212435233162 0.9851851851851852 0.08031088082901554 0.09166666666666666
3 1.567357512953368 1.5777777777777777 0.12823834196891193 0.1527777777777778
3 0.10751295336787564 1.1 0.09974093264248704 0.14166666666666666
1 1.3937823834196892 0.5157407407407407 0.08160621761658031 0.09166666666666666
2 1.4689119170984455 0.7601851851851852 0.05699481865284974 0.06851851851851852
2 1.4663212435233162 0.7527777777777778 0.04922279792746114 0.05648148148148148
3 0.009067357512953367 1.1111111111111112 0.09585492227979274 0.14166666666666666
3 0.6709844559585493 1.5472222222222223 0.11787564766839378 0.07685185185185185
3 0.6502590673575129 1.6425925925925926 0.1489637305699482 0.08796296296296297
3 1.6178756476683938 1.3787037037037038 0.07512953367875648 0.14166666666666666
1 0.327720207253886 0.9777777777777777 0.08160621761658031 0.09166666666666666
3 0.5155440414507773 1.0462962962962963 0.13730569948186527 0.23333333333333334
3 0.6437823834196891 1.0962962962962963 0.10621761658031088 0.14537037037037037
3 0.7331606217616581 1.0925925925925926 0.09196891191709844 0.1638888888888889
3 0.8536269430051814 1.1 0.08937823834196891 0.1527777777777778
3 0.9430051813471503 1.1074074074074074 0.09455958549222798 0.1685185185185185
3 1.0660621761658031 1.0888888888888888 0.09196891191709844 0.1638888888888889
3 1.1528497409326426 1.0851851851851853 0.09455958549222798 0.14907407407407408
3 1.2914507772020725 1.1074074074074074 0.09455958549222798 0.13425925925925927
3 1.3860103626943006 1.0962962962962963 0.09455958549222798 0.16018518518518518
3 1.5349740932642486 1.1 0.07253886010362694 0.14537037037037037
3 1.6152849740932642 1.0925925925925926 0.06347150259067358 0.1638888888888889
3 0.7759067357512953 1.3712962962962962 0.08419689119170984 0.14166666666666666
3 0.9196891191709845 1.3675925925925927 0.07772020725388601 0.13796296296296295
3 1.0 1.3787037037037038 0.09326424870466321 0.13055555555555556
3 1.0867875647668395 1.3944444444444444 0.07772020725388601 0.12962962962962962
3 1.1645077720207253 1.375 0.07512953367875648 0.1527777777777778
3 0.30310880829015546 1.3833333333333333 0.09974093264248704 0.14074074074074075
3 0.22150259067357514 1.3833333333333333 0.09326424870466321 0.14074074074074075
3 0.1567357512953368 1.3833333333333333 0.08031088082901554 0.14444444444444443
3 0.07253886010362694 1.3944444444444444 0.08678756476683938 0.1527777777777778
3 1.244818652849741 1.387037037037037 0.07772020725388601 0.12962962962962962
3 0.009067357512953367 1.375 0.06865284974093264 0.14907407407407408
