3 0.9261658031088082 1.387037037037037 0.07383419689119171 0.11018518518518519
3 0.7797927461139896 1.413888888888889 0.07512953367875648 0.09907407407407408
3 0.711139896373057 1.4092592592592592 0.06606217616580311 0.0962962962962963
3 1.3290155440414508 1.2296296296296296 0.1489637305699482 0.13425925925925927
2 0.6528497409326425 0.912962962962963 0.08031088082901554 0.08425925925925926
1 0.4948186528497409 0.8398148148148148 0.05181347150259067 0.07685185185185185
1 0.7992227979274611 0.9935185185185185 0.05829015544041451 0.07962962962962963
1 1.6360103626943006 0.8972222222222223 0.04015544041450777 0.046296296296296294
3 0.11917098445595854 1.1194444444444445 0.06865284974093264 0.11851851851851852
3 0.025906735751295335 1.1342592592592593 0.06606217616580311 0.1037037037037037
3 0.6787564766839378 1.5509259259259258 0.10621761658031088 0.07685185185185185
3 0.6476683937823834 1.6462962962962964 0.13730569948186527 0.08425925925925926
3 0.5233160621761658 1.1194444444444445 0.09585492227979274 0.12222222222222222
3 0.6645077720207254 1.1268518518518518 0.06347150259067358 0.11481481481481481
3 0.7396373056994818 1.1342592592592593 0.07124352331606218 0.1037037037037037
3 0.8678756476683938 1.1231481481481482 0.06994818652849741 0.11481481481481481
3 0.9494818652849741 1.1157407407407407 0.06865284974093264 0.1259259259259259
3 1.0816062176165804 1.1305555555555555 0.07642487046632124 0.10740740740740741
3 1.1593264248704662 1.1111111111111112 0.07772020725388601 0.12314814814814815
3 1.3082901554404145 1.1111111111111112 0.06606217616580311 0.12685185185185185
3 1.4028497409326426 1.1268518518518518 0.06606217616580311 0.1111111111111111
3 1.544041450777202 1.1194444444444445 0.06347150259067358 0.10648148148148148
3 1.6269430051813472 1.1305555555555555 0.05699481865284974 0.1037037037037037
3 1.0259067357512954 1.387037037037037 0.05569948186528497 0.10277777777777777
3 1.1010362694300517 1.401851851851852 0.05829015544041451 0.09537037037037037
3 1.1735751295336787 1.3944444444444444 0.05699481865284974 0.11481481481481481
3 0.31476683937823835 1.3944444444444444 0.07901554404145078 0.09907407407407408
3 0.25 1.4055555555555554 0.06476683937823834 0.10740740740740741
3 0.16191709844559585 1.4055555555555554 0.07512953367875648 0.1111111111111111
3 0.08937823834196891 1.4055555555555554 0.06994818652849741 0.1111111111111111
3 1.261658031088083 1.3833333333333333 0.06606217616580311 0.1259259259259259
3 0.018134715025906734 1.3944444444444444 0.07383419689119171 0.12222222222222222
1 1.6295336787564767 0.912962962962963 0.03238341968911917 0.053703703703703705
