1 0.61731843575419 0.9361111111111111 0.03212290502793296 0.040740740740740744
1 0.012569832402234637 0.9055555555555556 0.03770949720670391 0.03425925925925926
1 0.3715083798882682 0.8444444444444444 0.03212290502793296 0.05092592592592592
1 0.061452513966480445 0.8953703703703704 0.05307262569832402 0.04722222222222222
1 1.5363128491620113 0.9092592592592592 0.03212290502793296 0.04722222222222222
1 0.696927374301676 1.5537037037037038 0.04888268156424581 0.05462962962962963
1 0.8533519553072626 0.7694444444444445 0.046089385474860335 0.05092592592592592
1 1.6201117318435754 0.8611111111111112 0.030726256983240222 0.058333333333333334
1 1.2905027932960893 0.7972222222222223 0.03212290502793296 0.04351851851851852
1 1.2905027932960893 0.850925925925926 0.036312849162011177 0.030555555555555555
1 0.012569832402234637 0.9157407407407407 0.04888268156424581 0.03425925925925926
1 0.05446927374301676 0.9296296296296296 0.05307262569832402 0.037037037037037035
1 1.3491620111731844 0.875 0.03770949720670391 0.04722222222222222
1 1.344972067039106 0.9092592592592592 0.018156424581005588 0.037037037037037035
1 0.22625698324022347 1.4453703703703704 0.04888268156424581 0.04351851851851852
1 0.05726256983240224 0.8444444444444444 0.036312849162011177 0.04722222222222222
1 0.06843575418994413 0.8074074074074075 0.036312849162011177 0.05092592592592592
1 1.388268156424581 0.7833333333333333 0.027932960893854747 0.05740740740740741
1 1.4874301675977655 0.9055555555555556 0.029329608938547486 0.037037037037037035
1 1.5307262569832403 0.8611111111111112 0.03910614525139665 0.044444444444444446
1 0.24720670391061453 1.5777777777777777 0.03212290502793296 0.03333333333333333
1 0.3324022346368715 1.5675925925925926 0.034916201117318434 0.04351851851851852
1 0.3435754189944134 1.0888888888888888 0.034916201117318434 0.05740740740740741
1 0.49022346368715086 1.5638888888888889 0.03212290502793296 0.05740740740740741
2 0.05027932960893855 1.3398148148148148 0.040502793296089384 0.04722222222222222
1 0.05027932960893855 1.363888888888889 0.040502793296089384 0.05092592592592592
1 0.12569832402234637 1.4583333333333333 0.03910614525139665 0.04814814814814815
1 0.3784916201117318 0.8138888888888889 0.046089385474860335 0.05462962962962963
1 1.3519553072625698 1.0620370370370371 0.04888268156424581 0.06388888888888888
1 0.015363128491620111 1.3435185185185186 0.025139664804469275 0.04351851851851852
1 0.025139664804469275 0.09444444444444444 0.025139664804469275 0.06111111111111111
1 0.8631284916201117 0.8277777777777777 0.03212290502793296 0.037037037037037035
1 0.8631284916201117 0.8583333333333333 0.0335195530726257 0.04351851851851852
1 1.0460893854748603 0.7870370370370371 0.046089385474860335 0.06759259259259259
1 0.8393854748603352 0.7972222222222223 0.034916201117318434 0.05740740740740741
1 1.3435754189944134 0.8342592592592593 0.0335195530726257 0.026851851851851852
1 1.6075418994413408 0.7666666666666667 0.0335195530726257 0.06111111111111111
2 0.0 1.374074074074074 0.04748603351955307 0.06111111111111111
