1 1.1297297297297297 1.212962962962963 0.052702702702702706 0.0712962962962963
1 0.8905405405405405 0.0 0.05540540540540541 0.04814814814814815
1 1.1702702702702703 0.7731481481481481 0.052702702702702706 0.10555555555555556
1 0.6459459459459459 1.4759259259259259 0.05675675675675676 0.08981481481481482
1 0.37432432432432433 0.8666666666666667 0.03918918918918919 0.049074074074074076
2 0.3662162162162162 0.8518518518518519 0.062162162162162166 0.13148148148148148
1 0.8810810810810811 0.837037037037037 0.05675675675675676 0.049074074074074076
1 0.37432432432432433 0.8185185185185185 0.05 0.04814814814814815
1 0.3783783783783784 0.8407407407407408 0.05540540540540541 0.04537037037037037
1 0.8959459459459459 0.03333333333333333 0.05 0.06388888888888888
