3 0.06486486486486487 1.0824074074074075 0.11081081081081082 0.13518518518518519
1 1.1891891891891893 0.7870370370370371 0.05810810810810811 0.06111111111111111
1 0.754054054054054 1.1972222222222222 0.0472972972972973 0.05462962962962963
1 0.02837837837837838 0.9120370370370371 0.031081081081081083 0.040740740740740744
1 1.481081081081081 0.16574074074074074 0.052702702702702706 0.07777777777777778
1 1.7148648648648648 0.8407407407407408 0.014864864864864866 0.04814814814814815
1 0.17702702702702702 0.9564814814814815 0.04594594594594595 0.05092592592592592
1 0.4337837837837838 0.9324074074074075 0.043243243243243246 0.044444444444444446
1 0.43783783783783786 0.9601851851851851 0.033783783783783786 0.037037037037037035
1 1.4783783783783784 0.9324074074074075 0.032432432432432434 0.04814814814814815
1 1.4283783783783783 0.899074074074074 0.03648648648648649 0.040740740740740744
1 1.4337837837837837 0.9259259259259259 0.033783783783783786 0.037037037037037035
1 0.0 0.9731481481481481 0.02837837837837838 0.058333333333333334
1 0.0 0.9398148148148148 0.021621621621621623 0.03333333333333333
1 0.0 0.9601851851851851 0.025675675675675677 0.04722222222222222
1 0.0 0.9157407407407407 0.031081081081081083 0.06111111111111111
1 0.0 0.8712962962962963 0.010810810810810811 0.04814814814814815
1 0.004054054054054054 0.9324074074074075 0.03648648648648649 0.05092592592592592
1 1.712162162162162 0.7694444444444445 0.01756756756756757 0.04814814814814815
1 1.7202702702702704 0.7361111111111112 0.00945945945945946 0.040740740740740744
1 1.7081081081081082 0.8 0.024324324324324326 0.06111111111111111
2 1.6689189189189189 1.488888888888889 0.04864864864864865 0.04814814814814815
1 1.6162162162162161 1.4722222222222223 0.033783783783783786 0.04722222222222222
1 1.6283783783783783 1.4481481481481482 0.03648648648648649 0.04814814814814815
1 1.05 0.07777777777777778 0.04054054054054054 0.06759259259259259
6 0.9783783783783784 1.462037037037037 0.12972972972972974 0.16296296296296298
3 0.0 1.1398148148148148 0.0472972972972973 0.11481481481481481
3 0.0 1.125925925925926 0.05 0.10555555555555556
1 1.4783783783783784 0.7324074074074074 0.041891891891891894 0.04722222222222222
3 0.0 1.0824074074074075 0.06486486486486487 0.1287037037037037
1 0.8648648648648649 1.2037037037037037 0.05540540540540541 0.05462962962962963
1 1.172972972972973 1.275 0.05 0.05462962962962963
1 1.0472972972972974 1.0342592592592592 0.04864864864864865 0.05462962962962963
1 0.8013513513513514 0.8305555555555556 0.051351351351351354 0.058333333333333334
1 0.09864864864864865 0.8851851851851852 0.043243243243243246 0.030555555555555555
2 0.21891891891891893 0.9324074074074075 0.05810810810810811 0.05462962962962963
1 1.3445945945945945 1.162962962962963 0.05540540540540541 0.0712962962962963
1 1.4594594594594594 0.8407407407407408 0.041891891891891894 0.04814814814814815
1 1.477027027027027 0.8037037037037037 0.043243243243243246 0.05092592592592592
1 1.6783783783783783 0.8175925925925925 0.051351351351351354 0.06388888888888888
1 1.0891891891891892 0.09074074074074075 0.031081081081081083 0.05092592592592592
1 1.3027027027027027 0.4101851851851852 0.04864864864864865 0.075
2 1.5635135135135134 1.374074074074074 0.04864864864864865 0.06111111111111111
1 1.3581081081081081 0.8583333333333333 0.041891891891891894 0.06111111111111111
1 0.08648648648648649 1.2277777777777779 0.052702702702702706 0.075
1 1.4648648648648648 0.9018518518518519 0.03783783783783784 0.04814814814814815
1 0.4472972972972973 0.9833333333333333 0.033783783783783786 0.040740740740740744
