1 0.03415300546448088 0.9925925925925926 0.07240437158469945 0.10740740740740741
1 0.0942622950819672 0.9166666666666666 0.03415300546448088 0.03796296296296296
1 0.0860655737704918 0.8898148148148148 0.04234972677595628 0.03796296296296296
1 0.28005464480874315 0.8861111111111111 0.06557377049180328 0.06111111111111111
1 0.03961748633879782 0.6601851851851852 0.03415300546448088 0.06111111111111111
1 0.07650273224043716 0.6564814814814814 0.04781420765027322 0.053703703703703705
2 1.4521857923497268 0.9120370370370371 0.045081967213114756 0.06111111111111111
1 0.07103825136612021 0.687037037037037 0.045081967213114756 0.05
3 0.11065573770491803 0.0 0.045081967213114756 0.04537037037037037
1 0.14344262295081966 0.014814814814814815 0.050546448087431695 0.05740740740740741
2 1.540983606557377 0.4583333333333333 0.06284153005464481 0.09537037037037037
1 0.546448087431694 1.0037037037037038 0.045081967213114756 0.05740740740740741
1 1.7336065573770492 1.7564814814814815 0.03961748633879782 0.06851851851851852
1 1.7185792349726776 0.9777777777777777 0.0546448087431694 0.08703703703703704
1 1.685792349726776 1.0342592592592592 0.045081967213114756 0.06944444444444445
