2 1.008108108108108 0.0 0.05945945945945946 0.0787037037037037
1 1.1324324324324324 0.7166666666666667 0.05 0.06759259259259259
1 0.7351351351351352 1.0398148148148147 0.04594594594594595 0.0787037037037037
1 0.6459459459459459 0.9009259259259259 0.05945945945945946 0.08981481481481482
1 0.35945945945945945 0.7916666666666666 0.0445945945945946 0.04537037037037037
1 0.30675675675675673 0.7805555555555556 0.041891891891891894 0.049074074074074076
1 0.27837837837837837 0.8037037037037037 0.05 0.05185185185185185
1 0.0 0.7805555555555556 0.03648648648648649 0.05277777777777778
1 1.5391891891891891 1.1453703703703704 0.04054054054054054 0.06388888888888888
1 0.9905405405405405 0.28888888888888886 0.03783783783783784 0.06388888888888888
1 1.0675675675675675 0.9157407407407407 0.06756756756756757 0.05648148148148148
1 0.7932432432432432 0.8555555555555555 0.08513513513513514 0.09074074074074075
1 1.0554054054054054 0.9009259259259259 0.06756756756756757 0.041666666666666664
1 0.0 0.9157407407407407 0.051351351351351354 0.09074074074074075
