1 1.6717877094972067 0.9120370370370371 0.040502793296089384 0.06018518518518518
1 1.2011173184357542 0.9351851851851852 0.05726256983240224 0.05925925925925926
1 0.8268156424581006 0.7509259259259259 0.03910614525139665 0.05648148148148148
1 0.8505586592178771 0.7240740740740741 0.030726256983240222 0.06759259259259259
1 0.8589385474860335 0.7018518518518518 0.034916201117318434 0.06018518518518518
2 1.441340782122905 0.799074074074074 0.06424581005586592 0.08333333333333333
1 0.1564245810055866 0.8222222222222222 0.05446927374301676 0.05648148148148148
1 0.19832402234636873 0.7916666666666666 0.061452513966480445 0.075
6 1.2639664804469273 0.9462962962962963 0.13687150837988826 0.0787037037037037
1 1.0083798882681565 0.8935185185185185 0.046089385474860335 0.05277777777777778
1 0.9972067039106145 0.9268518518518518 0.05726256983240224 0.05277777777777778
3 0.13128491620111732 1.3888888888888888 0.0893854748603352 0.10925925925925926
3 0.034916201117318434 1.3777777777777778 0.08519553072625698 0.10555555555555556
3 0.0223463687150838 1.1111111111111112 0.09078212290502793 0.1388888888888889
3 0.12849162011173185 1.1 0.07960893854748603 0.1388888888888889
3 0.2779329608938548 1.1037037037037036 0.07960893854748603 0.13518518518518519
3 0.5572625698324022 1.0814814814814815 0.07960893854748603 0.14629629629629629
3 0.6522346368715084 1.0814814814814815 0.07262569832402235 0.1425925925925926
1 0.4790502793296089 0.7277777777777777 0.03910614525139665 0.05648148148148148
1 0.5153631284916201 0.7203703703703703 0.036312849162011177 0.0712962962962963
1 1.812849162011173 0.7620370370370371 0.04189944134078212 0.06018518518518518
1 0.14664804469273743 0.7361111111111112 0.055865921787709494 0.0712962962962963
