1 0.0 1.3064814814814816 0.05310880829015544 0.06851851851851852
3 0.12176165803108809 1.1 0.08808290155440414 0.14907407407407408
3 0.5116580310880829 1.1111111111111112 0.11917098445595854 0.13055555555555556
3 0.6528497409326425 1.1074074074074074 0.08678756476683938 0.13796296296296295
3 0.7331606217616581 1.1074074074074074 0.07772020725388601 0.14537037037037037
3 0.8536269430051814 1.1111111111111112 0.08678756476683938 0.1537037037037037
3 0.9378238341968912 1.1111111111111112 0.09196891191709844 0.14166666666666666
3 1.072538860103627 1.0851851851851853 0.08290155440414508 0.14444444444444443
3 1.1580310880829014 1.0851851851851853 0.08937823834196891 0.14444444444444443
3 1.288860103626943 1.1 0.09067357512953368 0.14166666666666666
3 1.38860103626943 1.076851851851852 0.09715025906735751 0.17222222222222222
3 1.5297927461139897 1.0851851851851853 0.08549222797927461 0.1712962962962963
3 1.6075129533678756 1.1037037037037036 0.07383419689119171 0.14166666666666666
3 0.7772020725388601 1.3564814814814814 0.09715025906735751 0.15648148148148147
3 0.9145077720207254 1.348148148148148 0.08678756476683938 0.17222222222222222
3 1.0038860103626943 1.3601851851851852 0.08290155440414508 0.15648148148148147
3 1.089378238341969 1.3564814814814814 0.06865284974093264 0.16018518518518518
3 1.1528497409326426 1.363888888888889 0.08678756476683938 0.15648148148148147
2 0.4689119170984456 0.8212962962962963 0.06865284974093264 0.09907407407407408
3 0.3134715025906736 1.3712962962962962 0.08419689119170984 0.1527777777777778
3 0.23575129533678757 1.3564814814814814 0.07772020725388601 0.1675925925925926
3 0.15544041450777202 1.363888888888889 0.08160621761658031 0.14907407407407408
3 0.08160621761658031 1.3601851851851852 0.07772020725388601 0.15648148148148147
1 0.3549222797927461 0.8555555555555555 0.09067357512953368 0.09166666666666666
3 0.6761658031088082 1.5509259259259258 0.11139896373056994 0.08055555555555556
3 0.6528497409326425 1.6462962962962964 0.13860103626943004 0.08796296296296297
1 1.4805699481865284 0.6916666666666667 0.05958549222797927 0.09166666666666666
1 1.6321243523316062 0.9851851851851852 0.06088082901554404 0.05
1 1.6554404145077721 1.0083333333333333 0.03756476683937824 0.041666666666666664
1 1.650259067357513 0.9666666666666667 0.042746113989637305 0.049074074074074076
1 0.029792746113989636 0.9398148148148148 0.04533678756476684 0.05740740740740741
3 1.2370466321243523 1.3601851851851852 0.10233160621761658 0.1638888888888889
1 0.8691709844559585 0.2175925925925926 0.042746113989637305 0.07222222222222222
3 0.011658031088082901 1.3601851851851852 0.06994818652849741 0.1527777777777778
3 0.0038860103626943004 1.1 0.11398963730569948 0.14166666666666666
3 0.16191709844559585 1.2685185185185186 0.16062176165803108 0.08333333333333333
