1 0.7072538860103627 0.9814814814814815 0.04015544041450777 0.05
1 1.6839378238341969 1.325925925925926 0.011658031088082901 0.05277777777777778
3 0.11528497409326424 1.1416666666666666 0.06347150259067358 0.08796296296296297
1 0.15544041450777202 0.8398148148148148 0.05829015544041451 0.06944444444444445
1 0.2538860103626943 0.8703703703703703 0.06347150259067358 0.04259259259259259
1 0.47538860103626945 0.9851851851851852 0.050518134715025906 0.05740740740740741
1 1.6761658031088082 1.3601851851851852 0.019430051813471502 0.05740740740740741
1 0.0 1.1305555555555555 0.08678756476683938 0.1111111111111111
3 0.25 1.2564814814814815 0.14378238341968913 0.09166666666666666
3 0.5272020725388601 1.1268518518518518 0.08808290155440414 0.13796296296296295
3 0.6593264248704663 1.1157407407407407 0.06217616580310881 0.1259259259259259
3 0.7422279792746114 1.1231481481481482 0.07772020725388601 0.11481481481481481
3 0.8510362694300518 1.1157407407407407 0.08419689119170984 0.13703703703703704
3 0.9430051813471503 1.1268518518518518 0.07512953367875648 0.12962962962962962
3 1.089378238341969 1.1111111111111112 0.06088082901554404 0.13055555555555556
3 1.1593264248704662 1.1 0.06217616580310881 0.14907407407407408
3 1.3082901554404145 1.1268518518518518 0.07124352331606218 0.1111111111111111
3 1.3976683937823835 1.1194444444444445 0.06865284974093264 0.11481481481481481
3 1.5414507772020725 1.1305555555555555 0.05958549222797927 0.09537037037037037
3 1.6191709844559585 1.1305555555555555 0.05699481865284974 0.1111111111111111
3 0.7707253886010362 1.413888888888889 0.09196891191709844 0.12222222222222222
3 0.9287564766839378 1.3787037037037038 0.06347150259067358 0.13796296296296295
3 1.0181347150259068 1.387037037037037 0.06865284974093264 0.10277777777777777
3 1.0984455958549222 1.3981481481481481 0.05699481865284974 0.10277777777777777
3 1.1787564766839378 1.4092592592592592 0.042746113989637305 0.11481481481481481
3 0.31994818652849744 1.401851851851852 0.06088082901554404 0.09537037037037037
3 0.24481865284974094 1.4055555555555554 0.06606217616580311 0.10740740740740741
3 0.15932642487046633 1.4212962962962963 0.08808290155440414 0.09537037037037037
3 0.07772020725388601 1.3907407407407408 0.08160621761658031 0.12962962962962962
1 1.6709844559585492 0.9814814814814815 0.02461139896373057 0.05740740740740741
1 1.4805699481865284 0.8361111111111111 0.046632124352331605 0.05740740740740741
1 0.6152849740932642 0.9851851851851852 0.046632124352331605 0.06944444444444445
1 0.36787564766839376 0.9009259259259259 0.023316062176165803 0.05740740740740741
1 0.30569948186528495 1.2074074074074075 0.03626943005181347 0.06481481481481481
3 0.6813471502590673 1.5509259259259258 0.09455958549222798 0.08425925925925926
3 0.655440414507772 1.6425925925925926 0.133419689119171 0.08796296296296297
3 1.4689119170984455 1.2416666666666667 0.16062176165803108 0.11018518518518519
3 1.6528497409326426 0.8824074074074074 0.042746113989637305 0.06111111111111111
3 1.25 1.4212962962962963 0.06088082901554404 0.09537037037037037
3 0.023316062176165803 1.387037037037037 0.05569948186528497 0.13703703703703704
