1 0.17964824120603015 0.8333333333333334 0.059045226130653265 0.0824074074074074
1 1.0967336683417086 1.7083333333333333 0.04773869346733668 0.04537037037037037
1 0.5527638190954773 0.825925925925926 0.06532663316582915 0.0824074074074074
1 0.30904522613065327 1.3287037037037037 0.04522613065326633 0.06759259259259259
1 1.7462311557788945 0.8972222222222223 0.04522613065326633 0.0787037037037037
1 1.3693467336683418 0.9305555555555556 0.06532663316582915 0.06388888888888888
1 0.6381909547738693 0.8555555555555555 0.052763819095477386 0.07962962962962963
1 0.6331658291457286 0.9157407407407407 0.04522613065326633 0.09074074074074075
1 1.1042713567839195 1.7157407407407408 0.04271356783919598 0.06388888888888888
1 0.13442211055276382 0.6796296296296296 0.059045226130653265 0.08611111111111111
1 1.050251256281407 1.712037037037037 0.05402010050251256 0.06388888888888888
1 0.2185929648241206 0.5777777777777777 0.04522613065326633 0.06018518518518518
1 0.20603015075376885 0.5370370370370371 0.04773869346733668 0.05925925925925926
1 0.20351758793969849 0.6083333333333333 0.05025125628140704 0.06759259259259259
1 0.0 0.7953703703703704 0.02135678391959799 0.07592592592592592
1 1.7839195979899498 0.9046296296296297 0.010050251256281407 0.0824074074074074
1 1.763819095477387 0.8861111111111111 0.03015075376884422 0.06759259259259259
