1 0.4740853658536585 0.4722222222222222 0.01676829268292683 0.020370370370370372
1 0.4405487804878049 0.9268518518518518 0.020833333333333332 0.025925925925925925
2 0.6310975609756098 0.7027777777777777 0.020833333333333332 0.023148148148148147
1 0.6814024390243902 0.9083333333333333 0.01676829268292683 0.021296296296296296
1 0.6671747967479674 0.9351851851851852 0.021341463414634148 0.017592592592592594
1 0.6702235772357723 0.9546296296296296 0.018292682926829267 0.016666666666666666
1 0.6255081300813008 0.9879629629629629 0.011178861788617886 0.016666666666666666
2 0.7835365853658537 0.9462962962962963 0.01676829268292683 0.03148148148148148
2 0.2068089430894309 0.95 0.022357723577235773 0.021296296296296296
2 0.529979674796748 0.27870370370370373 0.018292682926829267 0.03148148148148148
