1 0.3592479674796748 0.31203703703703706 0.015752032520325202 0.025
1 0.3567073170731707 0.8703703703703703 0.020833333333333332 0.025
2 0.7164634146341463 0.8388888888888889 0.020833333333333332 0.025
1 0.6814024390243902 0.9083333333333333 0.01676829268292683 0.021296296296296296
1 0.6671747967479674 0.9351851851851852 0.021341463414634148 0.017592592592592594
1 0.6702235772357723 0.9546296296296296 0.018292682926829267 0.016666666666666666
1 0.6183943089430894 0.9861111111111112 0.011178861788617886 0.016666666666666666
2 0.8307926829268293 0.9648148148148148 0.017276422764227643 0.02962962962962963
2 0.3201219512195122 0.9731481481481481 0.022357723577235773 0.021296296296296296
2 0.8882113821138211 0.4444444444444444 0.018292682926829267 0.03148148148148148
