1 0.29522357723577236 0.24259259259259258 0.01524390243902439 0.025925925925925925
1 0.30640243902439024 0.8407407407407408 0.020833333333333332 0.025925925925925925
2 0.5315040650406504 0.625 0.020833333333333332 0.025
1 0.6814024390243902 0.9083333333333333 0.01676829268292683 0.021296296296296296
1 0.6671747967479674 0.9351851851851852 0.021341463414634148 0.017592592592592594
1 0.6702235772357723 0.9546296296296296 0.018292682926829267 0.016666666666666666
1 0.5467479674796748 0.9666666666666667 0.011178861788617886 0.019444444444444445
2 0.8561991869918699 0.975925925925926 0.01676829268292683 0.026851851851851852
2 0.2698170731707317 0.9666666666666667 0.022357723577235773 0.021296296296296296
2 0.9486788617886179 0.5324074074074074 0.018292682926829267 0.03148148148148148
