1 0.4715447154471545 0.4675925925925926 0.01676829268292683 0.021296296296296296
1 0.42378048780487804 0.9148148148148149 0.020833333333333332 0.025
2 0.8211382113821138 0.875 0.021341463414634148 0.020370370370370372
1 0.6814024390243902 0.9083333333333333 0.01676829268292683 0.021296296296296296
1 0.6671747967479674 0.9351851851851852 0.021341463414634148 0.017592592592592594
1 0.6702235772357723 0.9546296296296296 0.018292682926829267 0.016666666666666666
1 0.6255081300813008 0.9879629629629629 0.011178861788617886 0.016666666666666666
2 0.7931910569105691 0.95 0.01676829268292683 0.02962962962962963
2 0.22916666666666666 0.9546296296296296 0.022357723577235773 0.021296296296296296
2 0.6001016260162602 0.3 0.018292682926829267 0.03148148148148148
