1 0.3130081300813008 0.2574074074074074 0.015752032520325202 0.025925925925925925
1 0.31859756097560976 0.85 0.021341463414634148 0.025
2 0.5746951219512195 0.6833333333333333 0.021341463414634148 0.025925925925925925
1 0.6814024390243902 0.9083333333333333 0.01676829268292683 0.021296296296296296
1 0.6671747967479674 0.9351851851851852 0.021341463414634148 0.017592592592592594
1 0.6702235772357723 0.9546296296296296 0.018292682926829267 0.016666666666666666
1 0.5635162601626016 0.9712962962962963 0.011178861788617886 0.018518518518518517
2 0.850609756097561 0.9731481481481481 0.01676829268292683 0.027777777777777776
2 0.3160569105691057 0.9777777777777777 0.022357723577235773 0.020370370370370372
2 0.9486788617886179 0.5324074074074074 0.018292682926829267 0.03148148148148148
