1 0.38058943089430897 0.3416666666666667 0.01524390243902439 0.025
1 0.37601626016260165 0.8814814814814815 0.021341463414634148 0.025
2 0.7850609756097561 0.9064814814814814 0.020833333333333332 0.025
1 0.6814024390243902 0.9083333333333333 0.01676829268292683 0.021296296296296296
1 0.6671747967479674 0.9351851851851852 0.021341463414634148 0.017592592592592594
1 0.6702235772357723 0.9546296296296296 0.018292682926829267 0.016666666666666666
1 0.6255081300813008 0.9879629629629629 0.011178861788617886 0.016666666666666666
2 0.8211382113821138 0.9611111111111111 0.01676829268292683 0.028703703703703703
2 0.296239837398374 0.9694444444444444 0.022357723577235773 0.020370370370370372
2 0.8211382113821138 0.39166666666666666 0.018292682926829267 0.03148148148148148
