1 0.4740853658536585 0.4722222222222222 0.01676829268292683 0.020370370370370372
1 0.429369918699187 0.9185185185185185 0.020833333333333332 0.025925925925925925
2 0.7596544715447154 0.8203703703703704 0.020833333333333332 0.020370370370370372
1 0.6814024390243902 0.9083333333333333 0.01676829268292683 0.021296296296296296
1 0.6671747967479674 0.9351851851851852 0.021341463414634148 0.017592592592592594
1 0.6702235772357723 0.9546296296296296 0.018292682926829267 0.016666666666666666
1 0.6255081300813008 0.9879629629629629 0.011178861788617886 0.016666666666666666
2 0.790650406504065 0.9481481481481482 0.01676829268292683 0.03148148148148148
2 0.22205284552845528 0.9546296296296296 0.022357723577235773 0.021296296296296296
2 0.5777439024390244 0.2916666666666667 0.018292682926829267 0.03148148148148148
