1 0.4949186991869919 0.8009259259259259 0.015752032520325202 0.027777777777777776
1 0.7682926829268293 0.9694444444444444 0.017784552845528455 0.023148148148148147
1 0.7286585365853658 0.7953703703703704 0.018292682926829267 0.025
1 0.8282520325203252 0.7657407407407407 0.019817073170731708 0.02962962962962963
2 0.7428861788617886 0.08796296296296297 0.018292682926829267 0.023148148148148147
2 0.1565040650406504 0.11296296296296296 0.018292682926829267 0.02962962962962963
1 0.49796747967479676 0.13148148148148148 0.020833333333333332 0.02962962962962963
2 0.6941056910569106 0.003703703703703704 0.022357723577235773 0.025
2 0.0040650406504065045 0.0 0.018292682926829267 0.018518518518518517
1 0.0625 0.7888888888888889 0.015752032520325202 0.020370370370370372
1 0.05030487804878049 0.5981481481481481 0.013719512195121951 0.018518518518518517
1 0.11432926829268293 0.7361111111111112 0.011178861788617886 0.025
1 0.0782520325203252 0.45740740740740743 0.012703252032520325 0.016666666666666666
1 0.2784552845528455 0.005555555555555556 0.013719512195121951 0.019444444444444445
