1 0.5960365853658537 0.8555555555555555 0.013719512195121951 0.02962962962962963
1 0.6829268292682927 0.9444444444444444 0.019308943089430895 0.022222222222222223
1 0.6463414634146342 0.662962962962963 0.018292682926829267 0.025
1 0.711890243902439 0.6351851851851852 0.019817073170731708 0.02962962962962963
2 0.9679878048780488 0.21388888888888888 0.015752032520325202 0.023148148148148147
2 0.43089430894308944 0.1712962962962963 0.018292682926829267 0.02962962962962963
1 0.6001016260162602 0.16574074074074074 0.020833333333333332 0.028703703703703703
2 0.6941056910569106 0.003703703703703704 0.022357723577235773 0.025
2 0.0040650406504065045 0.0 0.018292682926829267 0.018518518518518517
1 0.1173780487804878 0.8009259259259259 0.01676829268292683 0.021296296296296296
1 0.09197154471544715 0.6314814814814815 0.014227642276422764 0.018518518518518517
1 0.16209349593495934 0.7675925925925926 0.011178861788617886 0.025
1 0.07672764227642276 0.45925925925925926 0.011178861788617886 0.018518518518518517
1 0.35365853658536583 0.04351851851851852 0.014227642276422764 0.021296296296296296
