1 0.5802845528455285 0.8472222222222222 0.014227642276422764 0.02962962962962963
1 0.698170731707317 0.9444444444444444 0.019308943089430895 0.022222222222222223
1 0.6600609756097561 0.6833333333333333 0.018292682926829267 0.025925925925925925
1 0.7301829268292683 0.6583333333333333 0.019817073170731708 0.02962962962962963
2 0.983739837398374 0.22037037037037038 0.01524390243902439 0.022222222222222223
2 0.38465447154471544 0.16296296296296298 0.018292682926829267 0.02962962962962963
1 0.5833333333333334 0.16111111111111112 0.020833333333333332 0.02962962962962963
2 0.6941056910569106 0.003703703703703704 0.022357723577235773 0.025
2 0.0040650406504065045 0.0 0.018292682926829267 0.018518518518518517
1 0.11178861788617886 0.7972222222222223 0.01676829268292683 0.021296296296296296
1 0.08079268292682927 0.6185185185185185 0.014227642276422764 0.019444444444444445
1 0.15345528455284552 0.7638888888888888 0.011178861788617886 0.025
1 0.07672764227642276 0.45925925925925926 0.011178861788617886 0.018518518518518517
1 0.34247967479674796 0.037037037037037035 0.014227642276422764 0.021296296296296296
