1 0.7276422764227642 0.9861111111111112 0.013719512195121951 0.018518518518518517
1 0.5482723577235772 0.9268518518518518 0.019817073170731708 0.021296296296296296
1 0.524390243902439 0.4861111111111111 0.018292682926829267 0.025925925925925925
1 0.5426829268292683 0.42962962962962964 0.019817073170731708 0.02962962962962963
2 0.8379065040650406 0.15925925925925927 0.018292682926829267 0.023148148148148147
2 0.8170731707317073 0.24074074074074073 0.019308943089430895 0.02962962962962963
1 0.7342479674796748 0.19722222222222222 0.021341463414634148 0.028703703703703703
2 0.9847560975609756 0.19722222222222222 0.019817073170731708 0.025
2 0.18038617886178862 0.04814814814814815 0.018292682926829267 0.018518518518518517
1 0.18851626016260162 0.8055555555555556 0.01676829268292683 0.021296296296296296
1 0.15904471544715448 0.7212962962962963 0.014227642276422764 0.019444444444444445
1 0.23323170731707318 0.774074074074074 0.011178861788617886 0.025
1 0.09502032520325203 0.49444444444444446 0.011178861788617886 0.019444444444444445
1 0.4491869918699187 0.11666666666666667 0.013719512195121951 0.021296296296296296
