1 0.5132113821138211 0.812037037037037 0.015752032520325202 0.026851851851851852
1 0.7540650406504065 0.9648148148148148 0.018292682926829267 0.023148148148148147
1 0.7149390243902439 0.7722222222222223 0.018292682926829267 0.025
1 0.8074186991869918 0.7462962962962963 0.019308943089430895 0.02962962962962963
2 0.7947154471544715 0.12777777777777777 0.018292682926829267 0.023148148148148147
2 0.20528455284552846 0.12129629629629629 0.018292682926829267 0.02962962962962963
1 0.516260162601626 0.13796296296296295 0.020833333333333332 0.02962962962962963
2 0.6941056910569106 0.003703703703703704 0.022357723577235773 0.025
2 0.0040650406504065045 0.0 0.018292682926829267 0.018518518518518517
1 0.0782520325203252 0.7824074074074074 0.01676829268292683 0.021296296296296296
1 0.056910569105691054 0.5916666666666667 0.014227642276422764 0.018518518518518517
1 0.12296747967479675 0.7425925925925926 0.011178861788617886 0.025
1 0.0782520325203252 0.45740740740740743 0.012703252032520325 0.016666666666666666
1 0.2921747967479675 0.012037037037037037 0.014227642276422764 0.019444444444444445
