1 0.15497967479674796 0.001851851851851852 0.027947154471544715 0.026851851851851852
1 0.19004065040650406 0.001851851851851852 0.029471544715447155 0.03796296296296296
1 0.9288617886178862 0.0 0.027947154471544715 0.020370370370370372
1 0.8241869918699187 0.6481481481481481 0.022357723577235773 0.026851851851851852
1 0.8297764227642277 0.6083333333333333 0.013719512195121951 0.026851851851851852
1 0.8826219512195121 0.6546296296296297 0.014227642276422764 0.020370370370370372
1 0.8770325203252033 0.6398148148148148 0.014227642276422764 0.021296296296296296
1 0.9161585365853658 0.6268518518518519 0.014227642276422764 0.027777777777777776
1 0.9695121951219512 0.575 0.01524390243902439 0.025
1 0.9542682926829268 0.625 0.01524390243902439 0.018518518518518517
1 0.945630081300813 0.6083333333333333 0.015752032520325202 0.021296296296296296
1 0.899390243902439 0.687962962962963 0.018292682926829267 0.026851851851851852
1 0.896849593495935 0.7638888888888888 0.026422764227642278 0.026851851851851852
1 0.9039634146341463 0.7361111111111112 0.020833333333333332 0.03148148148148148
1 0.9639227642276422 0.6861111111111111 0.01524390243902439 0.028703703703703703
1 0.9502032520325203 0.7953703703703704 0.024898373983739838 0.028703703703703703
1 0.9822154471544715 0.7611111111111111 0.018292682926829267 0.02962962962962963
1 0.9862804878048781 0.7277777777777777 0.014227642276422764 0.03148148148148148
1 0.9751016260162602 0.7324074074074074 0.014227642276422764 0.026851851851851852
1 0.9903455284552846 0.637962962962963 0.012703252032520325 0.020370370370370372
1 0.9862804878048781 0.662962962962963 0.01524390243902439 0.02962962962962963
1 0.983739837398374 0.6944444444444444 0.01524390243902439 0.025
1 0.978150406504065 0.4462962962962963 0.019308943089430895 0.03148148148148148
1 0.49085365853658536 0.018518518518518517 0.022357723577235773 0.025
