1 0.4771341463414634 0.7925925925925926 0.01524390243902439 0.027777777777777776
1 0.7820121951219512 0.975925925925926 0.018292682926829267 0.022222222222222223
1 0.7428861788617886 0.8203703703703704 0.018292682926829267 0.025
1 0.850609756097561 0.7870370370370371 0.018292682926829267 0.028703703703703703
2 0.6910569105691057 0.04814814814814815 0.018292682926829267 0.023148148148148147
2 0.10619918699186992 0.10833333333333334 0.018292682926829267 0.02962962962962963
1 0.4811991869918699 0.1259259259259259 0.020833333333333332 0.028703703703703703
2 0.6941056910569106 0.003703703703703704 0.022357723577235773 0.025
2 0.0040650406504065045 0.0 0.018292682926829267 0.018518518518518517
1 0.04725609756097561 0.7972222222222223 0.014227642276422764 0.018518518518518517
1 0.043191056910569105 0.6101851851851852 0.013719512195121951 0.019444444444444445
1 0.10772357723577236 0.7324074074074074 0.011178861788617886 0.025
1 0.07926829268292683 0.45740740740740743 0.012703252032520325 0.016666666666666666
1 0.2657520325203252 0.0 0.012703252032520325 0.018518518518518517
