1 0.5873983739837398 0.8518518518518519 0.014227642276422764 0.02962962962962963
1 0.6910569105691057 0.9444444444444444 0.019817073170731708 0.022222222222222223
1 0.6534552845528455 0.6731481481481482 0.018292682926829267 0.025
1 0.7220528455284553 0.6481481481481481 0.019308943089430895 0.02962962962962963
2 0.9766260162601627 0.21574074074074073 0.01524390243902439 0.023148148148148147
2 0.4070121951219512 0.1675925925925926 0.018292682926829267 0.02962962962962963
1 0.5919715447154471 0.16296296296296298 0.020833333333333332 0.02962962962962963
2 0.6941056910569106 0.003703703703703704 0.022357723577235773 0.025
2 0.0040650406504065045 0.0 0.018292682926829267 0.018518518518518517
1 0.11432926829268293 0.799074074074074 0.01676829268292683 0.021296296296296296
1 0.08638211382113821 0.625 0.014227642276422764 0.018518518518518517
1 0.15802845528455284 0.7657407407407407 0.011178861788617886 0.025
1 0.07672764227642276 0.45925925925925926 0.011178861788617886 0.018518518518518517
1 0.3480691056910569 0.03981481481481482 0.014227642276422764 0.020370370370370372
