1 0.6590447154471545 0.8953703703703704 0.013719512195121951 0.02962962962962963
1 0.6265243902439024 0.9333333333333333 0.019817073170731708 0.023148148148148147
1 0.5945121951219512 0.5935185185185186 0.018292682926829267 0.025
1 0.6448170731707317 0.5537037037037037 0.019817073170731708 0.02962962962962963
2 0.9151422764227642 0.19074074074074074 0.01676829268292683 0.023148148148148147
2 0.5889227642276422 0.22407407407407406 0.019817073170731708 0.02962962962962963
1 0.6559959349593496 0.17777777777777778 0.021341463414634148 0.02962962962962963
2 0.8561991869918699 0.12962962962962962 0.02540650406504065 0.025
2 0.0040650406504065045 0.0 0.018292682926829267 0.018518518518518517
1 0.14532520325203252 0.8092592592592592 0.01676829268292683 0.021296296296296296
1 0.1285569105691057 0.662962962962963 0.013719512195121951 0.018518518518518517
1 0.1915650406504065 0.7694444444444445 0.011178861788617886 0.025925925925925925
1 0.07672764227642276 0.46111111111111114 0.011178861788617886 0.019444444444444445
1 0.39278455284552843 0.07685185185185185 0.014227642276422764 0.021296296296296296
