1 0.2627032520325203 0.21388888888888888 0.015752032520325202 0.025
1 0.2809959349593496 0.8268518518518518 0.020833333333333332 0.025
2 0.5020325203252033 0.5851851851851851 0.021341463414634148 0.025
1 0.6814024390243902 0.9083333333333333 0.01676829268292683 0.021296296296296296
1 0.6671747967479674 0.9351851851851852 0.021341463414634148 0.017592592592592594
1 0.6702235772357723 0.9546296296296296 0.018292682926829267 0.016666666666666666
1 0.5132113821138211 0.9564814814814815 0.011178861788617886 0.019444444444444445
2 0.7738821138211383 0.9398148148148148 0.01676829268292683 0.03148148148148148
2 0.18038617886178862 0.9462962962962963 0.022357723577235773 0.020370370370370372
2 0.9486788617886179 0.5324074074074074 0.018292682926829267 0.03148148148148148
