1 0.34552845528455284 0.010185185185185186 0.027947154471544715 0.026851851851851852
1 0.7667682926829268 0.7194444444444444 0.029471544715447155 0.03796296296296296
1 0.9334349593495935 0.0 0.027947154471544715 0.020370370370370372
1 0.8241869918699187 0.6546296296296297 0.022357723577235773 0.026851851851851852
1 0.8297764227642277 0.6083333333333333 0.013719512195121951 0.026851851851851852
1 0.8826219512195121 0.6546296296296297 0.014227642276422764 0.020370370370370372
1 0.8770325203252033 0.6398148148148148 0.014227642276422764 0.021296296296296296
1 0.9161585365853658 0.6268518518518519 0.014227642276422764 0.027777777777777776
1 0.9695121951219512 0.575 0.01524390243902439 0.025
1 0.9598577235772358 0.612037037037037 0.01524390243902439 0.019444444444444445
1 0.9654471544715447 0.6037037037037037 0.01524390243902439 0.021296296296296296
1 0.891260162601626 0.8203703703703704 0.018292682926829267 0.026851851851851852
1 0.899390243902439 0.7462962962962963 0.02693089430894309 0.027777777777777776
1 0.9039634146341463 0.7361111111111112 0.020833333333333332 0.03148148148148148
1 0.9766260162601627 0.6944444444444444 0.01524390243902439 0.02962962962962963
1 0.978150406504065 0.7805555555555556 0.024898373983739838 0.028703703703703703
1 0.9933943089430894 0.7574074074074074 0.012703252032520325 0.02962962962962963
1 0.9862804878048781 0.7277777777777777 0.014227642276422764 0.03148148148148148
1 0.989329268292683 0.7361111111111112 0.013719512195121951 0.027777777777777776
1 0.9903455284552846 0.637962962962963 0.012703252032520325 0.020370370370370372
1 0.9878048780487805 0.6648148148148149 0.01524390243902439 0.02962962962962963
1 0.983739837398374 0.6944444444444444 0.01524390243902439 0.025
1 0.9878048780487805 0.4777777777777778 0.01676829268292683 0.03148148148148148
1 0.5121951219512195 0.0 0.022357723577235773 0.020370370370370372
