1 0.25609756097560976 0.2074074074074074 0.01524390243902439 0.025
1 0.27540650406504064 0.8222222222222222 0.020833333333333332 0.025
2 0.5020325203252033 0.5851851851851851 0.021341463414634148 0.025
1 0.6814024390243902 0.9083333333333333 0.01676829268292683 0.021296296296296296
1 0.6671747967479674 0.9351851851851852 0.021341463414634148 0.017592592592592594
1 0.6702235772357723 0.9546296296296296 0.018292682926829267 0.016666666666666666
1 0.5050813008130082 0.9527777777777777 0.011178861788617886 0.018518518518518517
2 0.7454268292682927 0.9148148148148149 0.017276422764227643 0.03148148148148148
2 0.15497967479674796 0.9416666666666667 0.022357723577235773 0.021296296296296296
2 0.9486788617886179 0.5324074074074074 0.018292682926829267 0.03148148148148148
