1 0.5050813008130082 0.8055555555555556 0.013719512195121951 0.02962962962962963
1 0.7611788617886179 0.9666666666666667 0.018292682926829267 0.023148148148148147
1 0.7220528455284553 0.7842592592592592 0.017784552845528455 0.025
1 0.8185975609756098 0.7555555555555555 0.017784552845528455 0.028703703703703703
2 0.7682926829268293 0.10833333333333334 0.017784552845528455 0.023148148148148147
2 0.18191056910569106 0.11666666666666667 0.017784552845528455 0.02962962962962963
1 0.5076219512195121 0.13425925925925927 0.021341463414634148 0.028703703703703703
2 0.6941056910569106 0.003703703703703704 0.022357723577235773 0.025
2 0.0040650406504065045 0.0 0.018292682926829267 0.018518518518518517
1 0.06961382113821138 0.7870370370370371 0.01676829268292683 0.018518518518518517
1 0.052845528455284556 0.5935185185185186 0.014227642276422764 0.018518518518518517
1 0.11890243902439024 0.7379629629629629 0.011178861788617886 0.025925925925925925
1 0.0782520325203252 0.45740740740740743 0.012703252032520325 0.016666666666666666
1 0.2850609756097561 0.008333333333333333 0.014227642276422764 0.020370370370370372
