1 0.38058943089430897 0.3416666666666667 0.01524390243902439 0.025
1 0.3871951219512195 0.8898148148148148 0.021341463414634148 0.025
2 0.8338414634146342 0.9351851851851852 0.020833333333333332 0.025925925925925925
1 0.6814024390243902 0.9083333333333333 0.01676829268292683 0.021296296296296296
1 0.6671747967479674 0.9351851851851852 0.021341463414634148 0.017592592592592594
1 0.6702235772357723 0.9546296296296296 0.018292682926829267 0.016666666666666666
1 0.6255081300813008 0.9879629629629629 0.011178861788617886 0.016666666666666666
2 0.8155487804878049 0.9583333333333334 0.01676829268292683 0.02962962962962963
2 0.28252032520325204 0.9666666666666667 0.022357723577235773 0.021296296296296296
2 0.7708333333333334 0.3648148148148148 0.018292682926829267 0.03148148148148148
