1 0.3048780487804878 1.1046296296296296 0.020833333333333332 0.08333333333333333
1 0.05030487804878049 1.0175925925925926 0.023373983739837397 0.09074074074074075
1 0.2774390243902439 0.9194444444444444 0.023373983739837397 0.06388888888888888
1 0.0 0.9231481481481482 0.020833333333333332 0.08333333333333333
1 0.7057926829268293 1.0444444444444445 0.019308943089430895 0.041666666666666664
1 0.703760162601626 1.15 0.022357723577235773 0.05648148148148148
1 0.31808943089430897 1.0138888888888888 0.022865853658536585 0.10185185185185185
1 0.7057926829268293 1.0592592592592593 0.017276422764227643 0.05277777777777778
1 0.7047764227642277 1.010185185185185 0.017276422764227643 0.05277777777777778
1 0.24034552845528456 0.1925925925925926 0.015752032520325202 0.025
1 0.2627032520325203 0.8157407407407408 0.021341463414634148 0.025
2 0.5020325203252033 0.5851851851851851 0.021341463414634148 0.025
1 0.6814024390243902 0.9083333333333333 0.01676829268292683 0.021296296296296296
1 0.6671747967479674 0.9351851851851852 0.021341463414634148 0.017592592592592594
1 0.6702235772357723 0.9546296296296296 0.018292682926829267 0.016666666666666666
1 0.4883130081300813 0.9481481481481482 0.011178861788617886 0.018518518518518517
2 0.6910569105691057 0.8666666666666667 0.01676829268292683 0.03148148148148148
2 0.10619918699186992 0.9351851851851852 0.022357723577235773 0.021296296296296296
2 0.9486788617886179 0.5324074074074074 0.018292682926829267 0.03148148148148148
