1 0.43902439024390244 0.42314814814814816 0.01676829268292683 0.023148148148148147
1 0.41971544715447157 0.912962962962963 0.020833333333333332 0.025
2 0.885670731707317 0.9333333333333333 0.020833333333333332 0.019444444444444445
1 0.6814024390243902 0.9083333333333333 0.01676829268292683 0.021296296296296296
1 0.6671747967479674 0.9351851851851852 0.021341463414634148 0.017592592592592594
1 0.6702235772357723 0.9546296296296296 0.018292682926829267 0.016666666666666666
1 0.6255081300813008 0.9879629629629629 0.011178861788617886 0.016666666666666666
2 0.796239837398374 0.95 0.01676829268292683 0.03148148148148148
2 0.23780487804878048 0.9564814814814815 0.022357723577235773 0.021296296296296296
2 0.6239837398373984 0.30833333333333335 0.018292682926829267 0.03148148148148148
